1 5.075906000E+04 0.59230 4.40647 3.76371 9.99990 0.00005
2 9.516204144E+04 0.59255 4.40638 3.76387 9.99982 0.00005
3 1.484456192E+05 0.59309 4.40621 3.76424 9.99972 0.00005
4 2.123859125E+05 0.59377 4.40601 3.76483 9.99959 0.00004
5 2.891142644E+05 0.59457 4.40579 3.76556 9.99945 0.00004
6 3.811882867E+05 0.59554 4.40553 3.76645 9.99927 0.00004
7 4.916771135E+05 0.59668 4.40523 3.76753 9.99905 0.00004
8 6.242637056E+05 0.59803 4.40489 3.76885 9.99878 0.00004
9 7.833676162E+05 0.59962 4.40449 3.77045 9.99846 0.00004
10 9.742923089E+05 0.60149 4.40404 3.77240 9.99806 0.00004
11 1.203401940E+06 0.60369 4.40354 3.77477 9.99757 0.00004
12 1.478333498E+06 0.60626 4.40298 3.77767 9.99697 0.00004
13 1.808251367E+06 0.60928 4.40235 3.78120 9.99623 0.00004
14 2.202984148E+06 0.61284 4.40164 3.78550 9.99531 0.00004
15 2.607607381E+06 0.61647 4.40095 3.78997 9.99433 0.00004
16 3.018683387E+06 0.62014 4.40027 3.79459 9.99330 0.00004
17 3.434687911E+06 0.62383 4.39961 3.79935 9.99222 0.00004
18 3.856728650E+06 0.62757 4.39897 3.80426 9.99108 0.00004
19 4.282310826E+06 0.63134 4.39834 3.80930 9.98989 0.00004
20 4.709213224E+06 0.63514 4.39772 3.81443 9.98866 0.00003
21 5.135652251E+06 0.63897 4.39711 3.81963 9.98737 0.00003
22 5.560371979E+06 0.64282 4.39651 3.82490 9.98605 0.00003
23 5.982374601E+06 0.64669 4.39590 3.83022 9.98468 0.00003
24 6.400778118E+06 0.65058 4.39529 3.83557 9.98327 0.00003
25 6.814836999E+06 0.65449 4.39468 3.84094 9.98183 0.00003
26 7.223846467E+06 0.65842 4.39406 3.84633 9.98034 0.00003
27 7.627043312E+06 0.66238 4.39343 3.85172 9.97882 0.00003
28 8.023355845E+06 0.66638 4.39277 3.85708 9.97728 0.00003
29 8.410954518E+06 0.67041 4.39208 3.86239 9.97570 0.00003
30 8.788081800E+06 0.67442 4.39139 3.86763 9.97411 0.00003
31 9.158102065E+06 0.67843 4.39068 3.87284 9.97250 0.00003
32 9.522192451E+06 0.68248 4.38997 3.87808 9.97084 0.00003
33 9.880202221E+06 0.68654 4.38925 3.88330 9.96916 0.00003
34 1.023198836E+07 0.69062 4.38851 3.88850 9.96744 0.00003
35 1.057752074E+07 0.69472 4.38775 3.89368 9.96569 0.00003
36 1.091670181E+07 0.69883 4.38698 3.89884 9.96390 0.00003
37 1.124949830E+07 0.70296 4.38620 3.90397 9.96208 0.00003
38 1.157580947E+07 0.70711 4.38540 3.90906 9.96024 0.00002
39 1.189547606E+07 0.71128 4.38458 3.91411 9.95836 0.00002
40 1.220816455E+07 0.71548 4.38373 3.91912 9.95645 0.00003
41 1.251327183E+07 0.71970 4.38285 3.92405 9.95452 0.00003
42 1.280951875E+07 0.72394 4.38194 3.92889 9.95258 0.00003
43 1.309632135E+07 0.72814 4.38103 3.93363 9.95063 0.00003
44 1.337677291E+07 0.73235 4.38009 3.93832 9.94866 0.00003
45 1.365163818E+07 0.73658 4.37914 3.94298 9.94666 0.00003
46 1.392102174E+07 0.74082 4.37818 3.94760 9.94462 0.00003
47 1.418493600E+07 0.74508 4.37719 3.95217 9.94256 0.00003
48 1.444346485E+07 0.74935 4.37619 3.95671 9.94047 0.00003
49 1.469668056E+07 0.75364 4.37517 3.96121 9.93835 0.00003
50 1.494467292E+07 0.75794 4.37413 3.96566 9.93620 0.00003
51 1.518748860E+07 0.76226 4.37308 3.97007 9.93403 0.00003
52 1.542513077E+07 0.76660 4.37200 3.97445 9.93182 0.00003
53 1.565731749E+07 0.77097 4.37090 3.97879 9.92960 0.00003
54 1.588383266E+07 0.77536 4.36978 3.98306 9.92735 0.00003
55 1.610426800E+07 0.77977 4.36862 3.98725 9.92510 0.00003
56 1.631782390E+07 0.78417 4.36744 3.99134 9.92284 0.00003
57 1.652554747E+07 0.78855 4.36626 3.99537 9.92057 0.00003
58 1.672890743E+07 0.79295 4.36505 3.99935 9.91828 0.00004
59 1.692815450E+07 0.79736 4.36383 4.00329 9.91596 0.00004
60 1.712332604E+07 0.80178 4.36259 4.00719 9.91361 0.00004
61 1.731453119E+07 0.80622 4.36134 4.01104 9.91125 0.00004
62 1.750186064E+07 0.81067 4.36007 4.01486 9.90886 0.00004
63 1.768535063E+07 0.81514 4.35878 4.01863 9.90644 0.00004
64 1.786506641E+07 0.81962 4.35747 4.02236 9.90401 0.00004
65 1.804107351E+07 0.82412 4.35614 4.02605 9.90155 0.00004
66 1.821337751E+07 0.82863 4.35480 4.02969 9.89907 0.00004
67 1.838196762E+07 0.83316 4.35343 4.03329 9.89657 0.00004
68 1.854675963E+07 0.83770 4.35205 4.03682 9.89406 0.00005
69 1.870748450E+07 0.84226 4.35063 4.04030 9.89158 0.00005
70 1.886366150E+07 0.84683 4.34920 4.04369 9.88913 0.00005
71 1.901535619E+07 0.85138 4.34776 4.04704 9.88672 0.00005
72 1.916366897E+07 0.85595 4.34630 4.05036 9.88433 0.00005
73 1.930887534E+07 0.86053 4.34483 4.05364 9.88196 0.00005
74 1.945120815E+07 0.86512 4.34335 4.05689 9.87961 0.00005
75 1.959075653E+07 0.86972 4.34185 4.06010 9.87727 0.00006
76 1.972757235E+07 0.87434 4.34034 4.06328 9.87495 0.00006
77 1.986171011E+07 0.87897 4.33881 4.06643 9.87265 0.00006
78 1.999321376E+07 0.88361 4.33727 4.06955 9.87036 0.00006
79 2.012213998E+07 0.88826 4.33572 4.07263 9.86809 0.00006
80 2.024851135E+07 0.89292 4.33415 4.07567 9.86584 0.00006
81 2.037235828E+07 0.89760 4.33256 4.07868 9.86360 0.00007
82 2.049370311E+07 0.90229 4.33096 4.08166 9.86139 0.00007
83 2.061248324E+07 0.90699 4.32934 4.08459 9.85920 0.00007
84 2.072854221E+07 0.91170 4.32771 4.08747 9.85704 0.00007
85 2.084164619E+07 0.91641 4.32606 4.09029 9.85490 0.00008
86 2.095180285E+07 0.92110 4.32441 4.09307 9.85281 0.00008
87 2.105970714E+07 0.92579 4.32275 4.09581 9.85073 0.00008
88 2.116571713E+07 0.93048 4.32108 4.09853 9.84867 0.00009
89 2.126986748E+07 0.93519 4.31940 4.10123 9.84663 0.00009
90 2.137219099E+07 0.93993 4.31771 4.10393 9.84460 0.00010
91 2.147239699E+07 0.94467 4.31601 4.10661 9.84259 0.00010
92 2.157078425E+07 0.94941 4.31430 4.10926 9.84061 0.00010
93 2.166751375E+07 0.95416 4.31258 4.11189 9.83863 0.00011
94 2.176263251E+07 0.95892 4.31086 4.11451 9.83668 0.00011
95 2.185617538E+07 0.96368 4.30913 4.11710 9.83473 0.00012
96 2.194817943E+07 0.96844 4.30739 4.11968 9.83280 0.00013
97 2.203869721E+07 0.97320 4.30565 4.12225 9.83089 0.00013
98 2.212778475E+07 0.97796 4.30391 4.12480 9.82899 0.00014
99 2.221537180E+07 0.98272 4.30217 4.12733 9.82710 2.08847
100 2.230132118E+07 0.98709 4.30055 4.12962 9.82524 2.12455
101 2.234429588E+07 0.98936 4.29971 4.13080 9.82430 2.13439
102 2.239586551E+07 0.99218 4.29867 4.13230 9.82317 2.14251
103 2.245774906E+07 0.99559 4.29743 4.13414 9.82180 2.14942
104 2.253200933E+07 0.99970 4.29594 4.13639 9.82015 2.15500
105 2.262112165E+07 1.00468 4.29414 4.13916 9.81815 2.15907
106 2.271395378E+07 1.00984 4.29230 4.14213 9.81605 2.16125
107 2.280571115E+07 1.01487 4.29054 4.14513 9.81394 2.16194
108 2.289654954E+07 1.01970 4.28889 4.14821 9.81183 2.16159
109 2.298670948E+07 1.02424 4.28741 4.15139 9.80971 2.16053
110 2.307639061E+07 1.02831 4.28622 4.15473 9.80757 2.15911
111 2.316418545E+07 1.03160 4.28545 4.15823 9.80544 2.15758
112 2.324557466E+07 1.03368 4.28530 4.16178 9.80343 2.15613
113 2.331467416E+07 1.03421 4.28588 4.16517 9.80169 2.15490
114 2.336956630E+07 1.03333 4.28709 4.16827 9.80028 2.15397
115 2.340897008E+07 1.03157 4.28862 4.17087 9.79925 2.15332
116 2.343782749E+07 1.02939 4.29027 4.17311 9.79849 2.15285
117 2.345992125E+07 1.02695 4.29199 4.17511 9.79790 2.15252
118 2.347740748E+07 1.02435 4.29376 4.17697 9.79742 2.15227
119 2.349157687E+07 1.02164 4.29555 4.17874 9.79703 2.15208
120 2.350324767E+07 1.01886 4.29737 4.18045 9.79670 2.15201
121 2.351297367E+07 1.01605 4.29920 4.18214 9.79642 2.15204
122 2.352115056E+07 1.01323 4.30103 4.18383 9.79619 2.15210
123 2.352808624E+07 1.01041 4.30286 4.18551 9.79599 2.15217
124 2.353402979E+07 1.00762 4.30468 4.18720 9.79581 2.15223
125 2.353916128E+07 1.00486 4.30649 4.18891 9.79566 2.15230
126 2.354361934E+07 1.00215 4.30828 4.19065 9.79552 2.15236
127 2.354750321E+07 0.99949 4.31006 4.19244 9.79540 2.15243
128 2.355089318E+07 0.99690 4.31181 4.19429 9.79530 2.15249
129 2.355385347E+07 0.99439 4.31354 4.19619 9.79520 2.15256
130 2.355643709E+07 0.99199 4.31523 4.19814 9.79512 2.15258
131 2.355868770E+07 0.98971 4.31687 4.20014 9.79505 2.15250
132 2.356065251E+07 0.98755 4.31846 4.20218 9.79498 2.15229
133 2.356236988E+07 0.98553 4.31999 4.20427 9.79493 2.15204
134 2.356387243E+07 0.98363 4.32148 4.20640 9.79488 2.15174
135 2.356518638E+07 0.98186 4.32290 4.20855 9.79483 2.15140
136 2.356633332E+07 0.98024 4.32424 4.21069 9.79479 2.15099
137 2.356733218E+07 0.97875 4.32551 4.21279 9.79476 2.15051
138 2.356820378E+07 0.97740 4.32670 4.21485 9.79472 2.14997
139 2.356896389E+07 0.97618 4.32781 4.21683 9.79470 2.14935
140 2.356962536E+07 0.97509 4.32883 4.21873 9.79467 2.14867
141 2.357020270E+07 0.97411 4.32976 4.22051 9.79465 2.14791
142 2.357070584E+07 0.97324 4.33061 4.22216 9.79463 2.14708
143 2.357114511E+07 0.97247 4.33137 4.22367 9.79461 2.14617
144 2.357152823E+07 0.97180 4.33204 4.22501 9.79460 2.14521
145 2.357186411E+07 0.97122 4.33262 4.22615 9.79459 2.14423
146 2.357216947E+07 0.97070 4.33310 4.22706 9.79458 2.14317
147 2.357243149E+07 0.97028 4.33347 4.22770 9.79457 2.14224
148 2.357269339E+07 0.96990 4.33378 4.22817 9.79455 2.14132
149 2.357295495E+07 0.96956 4.33403 4.22847 9.79454 2.14043
150 2.357322050E+07 0.96925 4.33421 4.22856 9.79453 2.13959
151 2.357349214E+07 0.96898 4.33431 4.22844 9.79452 2.13841
152 2.357377195E+07 0.96877 4.33432 4.22806 9.79451 2.13702
153 2.357406280E+07 0.96861 4.33424 4.22741 9.79450 2.13552
154 2.357436554E+07 0.96852 4.33404 4.22644 9.79449 2.13393
155 2.357468112E+07 0.96851 4.33372 4.22514 9.79448 2.13228
156 2.357501038E+07 0.96861 4.33326 4.22349 9.79446 2.13063
157 2.357535185E+07 0.96883 4.33265 4.22149 9.79445 2.12906
158 2.357570380E+07 0.96920 4.33188 4.21918 9.79444 2.12768
159 2.357606458E+07 0.96973 4.33097 4.21659 9.79443 2.12567
160 2.357643274E+07 0.97046 4.32991 4.21380 9.79441 2.12346
161 2.357680905E+07 0.97140 4.32870 4.21085 9.79440 2.12131
162 2.357719161E+07 0.97258 4.32736 4.20782 9.79439 2.11930
163 2.357757954E+07 0.97402 4.32587 4.20478 9.79437 2.11750
164 2.357797234E+07 0.97575 4.32427 4.20181 9.79436 2.11597
165 2.357836940E+07 0.97779 4.32254 4.19900 9.79435 2.11437
166 2.357876947E+07 0.98015 4.32071 4.19640 9.79433 2.11223
167 2.357917237E+07 0.98284 4.31879 4.19408 9.79432 2.11022
168 2.357957800E+07 0.98586 4.31678 4.19209 9.79431 2.10839
169 2.357998477E+07 0.98920 4.31470 4.19045 9.79430 2.10674
170 2.358039143E+07 0.99284 4.31257 4.18920 9.79428 2.10531
171 2.358079638E+07 0.99674 4.31040 4.18834 9.79427 2.10410
172 2.358119899E+07 1.00088 4.30821 4.18785 9.79426 2.10306
173 2.358159894E+07 1.00523 4.30601 4.18772 9.79425 2.10139
174 2.358199586E+07 1.00975 4.30379 4.18792 9.79424 2.09983
175 2.358239019E+07 1.01443 4.30158 4.18841 9.79422 2.09841
176 2.358278200E+07 1.01923 4.29936 4.18916 9.79421 2.09710
177 2.358317163E+07 1.02414 4.29715 4.19014 9.79420 2.09593
178 2.358355934E+07 1.02914 4.29495 4.19131 9.79419 2.09487
179 2.358394566E+07 1.03421 4.29275 4.19264 9.79418 2.09395
180 2.358433126E+07 1.03933 4.29055 4.19410 9.79417 2.09314
181 2.358471667E+07 1.04450 4.28836 4.19568 9.79416 2.09245
182 2.358510234E+07 1.04972 4.28617 4.19734 9.79414 2.09123
183 2.358548881E+07 1.05496 4.28397 4.19906 9.79413 2.09006
184 2.358587556E+07 1.06022 4.28179 4.20083 9.79412 2.08896
185 2.358626430E+07 1.06550 4.27960 4.20263 9.79411 2.08793
186 2.358665556E+07 1.07080 4.27740 4.20445 9.79410 2.08696
187 2.358704980E+07 1.07612 4.27520 4.20627 9.79409 2.08607
188 2.358744743E+07 1.08146 4.27298 4.20809 9.79407 2.08524
189 2.358784883E+07 1.08681 4.27076 4.20989 9.79406 2.08450
190 2.358825428E+07 1.09217 4.26852 4.21167 9.79405 2.08383
191 2.358866407E+07 1.09755 4.26627 4.21343 9.79404 2.08325
192 2.358907841E+07 1.10294 4.26401 4.21515 9.79402 2.08229
193 2.358949750E+07 1.10835 4.26173 4.21684 9.79401 2.08127
194 2.358992036E+07 1.11375 4.25944 4.21848 9.79400 2.08029
195 2.359034794E+07 1.11915 4.25714 4.22008 9.79398 2.07937
196 2.359078082E+07 1.12456 4.25482 4.22163 9.79397 2.07849
197 2.359121891E+07 1.12998 4.25248 4.22313 9.79396 2.07768
198 2.359166215E+07 1.13541 4.25013 4.22459 9.79394 2.07692
199 2.359211051E+07 1.14085 4.24776 4.22599 9.79393 2.07624
200 2.359256392E+07 1.14631 4.24537 4.22735 9.79392 2.07561
201 2.359302231E+07 1.15177 4.24297 4.22865 9.79390 2.07507
202 2.359348558E+07 1.15724 4.24055 4.22991 9.79389 2.07418
203 2.359395365E+07 1.16273 4.23811 4.23112 9.79387 2.07323
204 2.359442504E+07 1.16821 4.23566 4.23229 9.79386 2.07234
205 2.359490058E+07 1.17370 4.23319 4.23340 9.79384 2.07149
206 2.359538046E+07 1.17920 4.23071 4.23447 9.79383 2.07069
207 2.359586452E+07 1.18471 4.22821 4.23549 9.79381 2.06994
208 2.359635258E+07 1.19023 4.22569 4.23646 9.79380 2.06925
209 2.359684447E+07 1.19577 4.22315 4.23740 9.79378 2.06861
210 2.359734006E+07 1.20132 4.22060 4.23829 9.79377 2.06804
211 2.359783969E+07 1.20688 4.21804 4.23914 9.79375 2.06752
212 2.359834279E+07 1.21245 4.21545 4.23995 9.79373 2.06662
213 2.359884903E+07 1.21804 4.21285 4.24072 9.79372 2.06577
214 2.359935633E+07 1.22363 4.21024 4.24145 9.79370 2.06496
215 2.359986632E+07 1.22923 4.20761 4.24214 9.79369 2.06419
216 2.360037876E+07 1.23485 4.20496 4.24279 9.79367 2.06346
217 2.360089343E+07 1.24048 4.20230 4.24340 9.79366 2.06278
218 2.360141007E+07 1.24613 4.19962 4.24398 9.79364 2.06215
219 2.360192841E+07 1.25179 4.19692 4.24451 9.79362 2.06156
220 2.360244820E+07 1.25747 4.19421 4.24501 9.79361 2.06102
221 2.360296919E+07 1.26317 4.19148 4.24548 9.79359 2.06049
222 2.360349108E+07 1.26888 4.18873 4.24590 9.79358 2.05970
223 2.360401336E+07 1.27461 4.18596 4.24630 9.79356 2.05893
224 2.360453410E+07 1.28032 4.18319 4.24666 9.79355 2.05821
225 2.360505572E+07 1.28605 4.18041 4.24698 9.79353 2.05752
226 2.360557738E+07 1.29180 4.17761 4.24726 9.79352 2.05686
227 2.360609852E+07 1.29756 4.17479 4.24751 9.79350 2.05624
228 2.360661879E+07 1.30334 4.17195 4.24773 9.79349 2.05565
229 2.360713787E+07 1.30913 4.16910 4.24791 9.79347 2.05510
230 2.360765545E+07 1.31494 4.16624 4.24806 9.79346 2.05458
231 2.360817127E+07 1.32076 4.16336 4.24817 9.79344 2.05409
232 2.360868503E+07 1.32659 4.16046 4.24825 9.79343 2.05350
233 2.360919648E+07 1.33243 4.15755 4.24830 9.79341 2.05283
234 2.360970416E+07 1.33828 4.15463 4.24832 9.79340 2.05219
235 2.361020803E+07 1.34413 4.15170 4.24831 9.79338 2.05157
236 2.361070875E+07 1.34999 4.14876 4.24826 9.79337 2.05099
237 2.361120606E+07 1.35584 4.14582 4.24818 9.79336 2.05042
238 2.361170098E+07 1.36171 4.14286 4.24807 9.79334 2.04988
239 2.361219266E+07 1.36759 4.13988 4.24793 9.79333 2.04936
240 2.361268062E+07 1.37349 4.13689 4.24776 9.79332 2.04886
241 2.361316468E+07 1.37940 4.13388 4.24756 9.79331 2.04838
242 2.361364471E+07 1.38532 4.13086 4.24733 9.79329 2.04793
243 2.361412062E+07 1.39126 4.12783 4.24707 9.79328 2.04748
244 2.361459230E+07 1.39722 4.12478 4.24678 9.79327 2.04701
245 2.361505967E+07 1.40319 4.12171 4.24647 9.79326 2.04647
246 2.361552208E+07 1.40917 4.11863 4.24612 9.79324 2.04594
247 2.361597882E+07 1.41516 4.11555 4.24576 9.79323 2.04543
248 2.361643110E+07 1.42116 4.11245 4.24536 9.79322 2.04493
249 2.361687886E+07 1.42715 4.10935 4.24494 9.79321 2.04445
250 2.361732382E+07 1.43318 4.10622 4.24448 9.79320 2.04399
251 2.361776451E+07 1.43923 4.10308 4.24400 9.79319 2.04353
252 2.361820067E+07 1.44530 4.09991 4.24350 9.79318 2.04309
253 2.361863223E+07 1.45140 4.09673 4.24297 9.79317 2.04266
254 2.361905911E+07 1.45752 4.09353 4.24241 9.79316 2.04225
255 2.361948122E+07 1.46366 4.09032 4.24183 9.79315 2.04184
256 2.361989857E+07 1.46982 4.08708 4.24122 9.79314 2.04144
257 2.362031115E+07 1.47601 4.08383 4.24060 9.79313 2.04106
258 2.362071896E+07 1.48223 4.08056 4.23994 9.79312 2.04068
259 2.362112203E+07 1.48847 4.07727 4.23927 9.79312 2.04030
260 2.362152035E+07 1.49471 4.07398 4.23857 9.79311 2.03991
261 2.362191537E+07 1.50097 4.07066 4.23784 9.79310 2.03950
262 2.362230585E+07 1.50727 4.06733 4.23710 9.79309 2.03909
263 2.362269108E+07 1.51358 4.06398 4.23633 9.79309 2.03870
264 2.362307163E+07 1.51992 4.06062 4.23555 9.79308 2.03832
265 2.362344727E+07 1.52628 4.05723 4.23474 9.79307 2.03795
266 2.362381793E+07 1.53267 4.05383 4.23391 9.79307 2.03758
267 2.362418356E+07 1.53908 4.05041 4.23306 9.79306 2.03723
268 2.362454414E+07 1.54552 4.04698 4.23220 9.79306 2.03688
269 2.362489966E+07 1.55197 4.04353 4.23132 9.79305 2.03654
270 2.362525025E+07 1.55845 4.04007 4.23042 9.79305 2.03621
271 2.362559609E+07 1.56490 4.03662 4.22950 9.79304 2.03589
272 2.362593944E+07 1.57140 4.03313 4.22855 9.79304 2.03557
273 2.362627886E+07 1.57793 4.02962 4.22759 9.79303 2.03526
274 2.362661423E+07 1.58451 4.02609 4.22661 9.79303 2.03495
275 2.362694534E+07 1.59112 4.02253 4.22561 9.79302 2.03465
276 2.362727226E+07 1.59776 4.01896 4.22459 9.79302 2.03435
277 2.362759515E+07 1.60445 4.01535 4.22356 9.79301 2.03406
278 2.362791420E+07 1.61118 4.01173 4.22251 9.79301 2.03377
279 2.362822959E+07 1.61795 4.00807 4.22144 9.79300 2.03349
280 2.362854151E+07 1.62477 4.00439 4.22035 9.79300 2.03321
281 2.362885019E+07 1.63162 4.00069 4.21924 9.79299 2.03293
282 2.362915652E+07 1.63849 3.99697 4.21810 9.79299 2.03265
283 2.362946196E+07 1.64545 3.99320 4.21694 9.79298 2.03238
284 2.362976516E+07 1.65250 3.98938 4.21575 9.79298 2.03210
285 2.363006588E+07 1.65962 3.98551 4.21453 9.79297 2.03183
286 2.363036446E+07 1.66683 3.98160 4.21329 9.79297 2.03156
287 2.363066132E+07 1.67414 3.97763 4.21203 9.79296 2.03128
288 2.363095677E+07 1.68155 3.97360 4.21073 9.79296 2.03100
289 2.363125124E+07 1.68908 3.96950 4.20939 9.79295 2.03073
290 2.363154575E+07 1.69676 3.96531 4.20801 9.79295 2.03045
291 2.363184114E+07 1.70461 3.96103 4.20659 9.79294 2.03017
292 2.363213848E+07 1.71266 3.95664 4.20511 9.79294 2.02988
293 2.363243925E+07 1.72090 3.95213 4.20357 9.79293 2.02959
294 2.363274619E+07 1.72947 3.94744 4.20194 9.79293 2.02929
295 2.363305950E+07 1.73840 3.94254 4.20022 9.79292 2.02897
296 2.363338081E+07 1.74778 3.93740 4.19839 9.79291 2.02863
297 2.363371191E+07 1.75766 3.93197 4.19642 9.79291 2.02828
298 2.363405375E+07 1.76811 3.92621 4.19431 9.79290 2.02790
299 2.363438589E+07 1.77850 3.92048 4.19215 9.79289 2.02751
300 2.363467932E+07 1.78785 3.91530 4.19014 9.79288 2.02715
301 2.363493139E+07 1.79603 3.91075 4.18832 9.79288 2.02683
302 2.363515005E+07 1.80322 3.90675 4.18667 9.79287 2.02653
303 2.363534244E+07 1.80957 3.90320 4.18517 9.79287 2.02626
304 2.363551549E+07 1.81531 3.89998 4.18377 9.79286 2.02601
305 2.363567339E+07 1.82060 3.89700 4.18246 9.79286 2.02578
306 2.363581963E+07 1.82555 3.89421 4.18120 9.79286 2.02557
307 2.363595712E+07 1.83027 3.89155 4.18000 9.79285 2.02537
308 2.363608690E+07 1.83479 3.88900 4.17883 9.79285 2.02517
309 2.363621022E+07 1.83915 3.88654 4.17770 9.79285 2.02499
310 2.363632797E+07 1.84338 3.88415 4.17659 9.79284 2.02480
311 2.363644088E+07 1.84747 3.88183 4.17552 9.79284 2.02463
312 2.363655024E+07 1.85142 3.87961 4.17450 9.79284 2.02446
313 2.363665784E+07 1.85529 3.87741 4.17346 9.79284 2.02429
314 2.363676321E+07 1.85913 3.87523 4.17243 9.79283 2.02412
315 2.363686619E+07 1.86293 3.87307 4.17140 9.79283 2.02395
316 2.363696681E+07 1.86670 3.87093 4.17038 9.79283 2.02379
317 2.363706526E+07 1.87046 3.86880 4.16936 9.79282 2.02362
318 2.363716169E+07 1.87420 3.86668 4.16836 9.79282 2.02347
319 2.363725629E+07 1.87793 3.86456 4.16736 9.79282 2.02332
320 2.363734989E+07 1.88158 3.86250 4.16642 9.79282 2.02318
321 2.363744459E+07 1.88528 3.86041 4.16543 9.79281 2.02304
322 2.363753876E+07 1.88898 3.85831 4.16443 9.79281 2.02289
323 2.363763242E+07 1.89271 3.85619 4.16342 9.79281 2.02275
324 2.363772519E+07 1.89648 3.85405 4.16240 9.79281 2.02261
325 2.363781710E+07 1.90027 3.85190 4.16138 9.79280 2.02247
326 2.363790822E+07 1.90411 3.84972 4.16036 9.79280 2.02233
327 2.363799862E+07 1.90797 3.84754 4.15934 9.79280 2.02219
328 2.363808862E+07 1.91178 3.84539 4.15837 9.79279 2.02205
329 2.363818052E+07 1.91568 3.84319 4.15735 9.79279 2.02190
330 2.363827243E+07 1.91960 3.84097 4.15631 9.79279 2.02176
331 2.363836453E+07 1.92359 3.83871 4.15525 9.79279 2.02162
332 2.363845623E+07 1.92763 3.83642 4.15418 9.79278 2.02148
333 2.363854751E+07 1.93172 3.83410 4.15310 9.79278 2.02135
334 2.363863874E+07 1.93588 3.83175 4.15200 9.79278 2.02123
335 2.363872961E+07 1.94011 3.82936 4.15090 9.79277 2.02110
336 2.363882015E+07 1.94427 3.82702 4.14987 9.79277 2.02097
337 2.363891290E+07 1.94855 3.82460 4.14875 9.79277 2.02084
338 2.363900547E+07 1.95283 3.82218 4.14763 9.79276 2.02071
339 2.363909867E+07 1.95720 3.81971 4.14648 9.79276 2.02058
340 2.363919170E+07 1.96163 3.81720 4.14530 9.79276 2.02045
341 2.363928461E+07 1.96614 3.81465 4.14411 9.79275 2.02032
342 2.363937745E+07 1.97073 3.81205 4.14289 9.79275 2.02019
343 2.363947023E+07 1.97540 3.80941 4.14166 9.79275 2.02005
344 2.363956298E+07 1.98007 3.80677 4.14048 9.79274 2.01992
345 2.363965731E+07 1.98486 3.80407 4.13924 9.79274 2.01979
346 2.363975186E+07 1.98968 3.80135 4.13798 9.79274 2.01966
347 2.363984709E+07 1.99457 3.79857 4.13668 9.79273 2.01954
348 2.363994278E+07 1.99957 3.79574 4.13533 9.79273 2.01942
349 2.364003825E+07 2.00463 3.79286 4.13396 9.79273 2.01930
350 2.364013343E+07 2.00977 3.78995 4.13257 9.79272 2.01918
351 2.364022821E+07 2.01496 3.78700 4.13115 9.79272 2.01905
352 2.364032237E+07 2.02016 3.78404 4.12972 9.79271 2.01893
353 2.364041589E+07 2.02529 3.78113 4.12836 9.79271 2.01881
354 2.364050979E+07 2.03046 3.77818 4.12690 9.79271 2.01869
355 2.364060183E+07 2.03554 3.77528 4.12545 9.79270 2.01857
356 2.364069358E+07 2.04065 3.77236 4.12398 9.79270 2.01845
357 2.364078567E+07 2.04588 3.76936 4.12244 9.79269 2.01833
358 2.364087787E+07 2.05120 3.76631 4.12087 9.79269 2.01821
359 2.364096980E+07 2.05658 3.76321 4.11925 9.79268 2.01809
360 2.364106100E+07 2.06199 3.76010 4.11761 9.79268 2.01797
361 2.364115107E+07 2.06737 3.75699 4.11595 9.79268 2.01786
362 2.364123998E+07 2.07265 3.75396 4.11438 9.79267 2.01776
363 2.364132923E+07 2.07795 3.75089 4.11270 9.79267 2.01765
364 2.364141635E+07 2.08315 3.74786 4.11099 9.79266 2.01755
365 2.364150164E+07 2.08825 3.74490 4.10932 9.79266 2.01744
366 2.364158728E+07 2.09341 3.74188 4.10758 9.79265 2.01734
367 2.364167344E+07 2.09867 3.73880 4.10577 9.79265 2.01724
368 2.364175993E+07 2.10401 3.73566 4.10389 9.79265 2.01713
369 2.364184667E+07 2.10937 3.73249 4.10196 9.79264 2.01703
370 2.364193296E+07 2.11464 3.72937 4.09999 9.79264 2.01693
371 2.364201769E+07 2.11995 3.72621 4.09799 9.79263 2.01683
372 2.364210453E+07 2.12551 3.72293 4.09598 9.79263 2.01673
373 2.364219587E+07 2.13133 3.71947 4.09380 9.79262 2.01662
374 2.364228902E+07 2.13707 3.71602 4.09147 9.79262 2.01651
375 2.364237979E+07 2.14290 3.71252 4.08911 9.79261 2.01641
376 2.364247538E+07 2.14920 3.70873 4.08655 9.79260 2.01630
377 2.364257624E+07 2.15571 3.70477 4.08377 9.79260 2.01620
378 2.364267664E+07 2.16222 3.70080 4.08089 9.79259 2.01610
379 2.364277808E+07 2.16899 3.69666 4.07788 9.79259 2.01600
380 2.364288327E+07 2.17594 3.69238 4.07463 9.79258 2.01590
381 2.364298392E+07 2.18235 3.68836 4.07139 9.79257 2.01580
382 2.364307788E+07 2.18811 3.68469 4.06823 9.79257 2.01571
383 2.364316586E+07 2.19299 3.68148 4.06515 9.79256 2.01563
384 2.364324707E+07 2.19710 3.67869 4.06221 9.79255 2.01556
385 2.364332542E+07 2.20086 3.67608 4.05927 9.79255 2.01548
386 2.364340299E+07 2.20452 3.67350 4.05626 9.79254 2.01541
387 2.364348039E+07 2.20809 3.67093 4.05315 9.79254 2.01534
388 2.364355768E+07 2.21149 3.66843 4.04996 9.79253 2.01527
389 2.364363459E+07 2.21477 3.66598 4.04668 9.79253 2.01520
390 2.364371121E+07 2.21797 3.66353 4.04330 9.79252 2.01513
391 2.364378751E+07 2.22097 3.66117 4.03985 9.79251 2.01506
392 2.364386313E+07 2.22364 3.65898 4.03643 9.79251 2.01499
393 2.364393787E+07 2.22589 3.65698 4.03295 9.79250 2.01492
394 2.364401136E+07 2.22777 3.65517 4.02947 9.79250 2.01485
395 2.364408384E+07 2.22929 3.65355 4.02604 9.79249 2.01478
396 2.364415566E+07 2.23050 3.65211 4.02268 9.79249 2.01471
397 2.364422750E+07 2.23149 3.65081 4.01945 9.79248 2.01464
398 2.364430027E+07 2.23236 3.64960 4.01638 9.79248 2.01457
399 2.364437483E+07 2.23324 3.64852 4.01381 9.79247 2.01449
400 2.364445402E+07 2.23437 3.64765 4.01257 9.79247 2.01441
401 2.364454515E+07 2.23496 3.64670 4.00996 9.79246 2.01432
402 2.364463457E+07 2.23548 3.64580 4.00740 9.79245 2.01422
403 2.364472495E+07 2.23574 3.64490 4.00433 9.79245 2.01413
404 2.364481403E+07 2.23582 3.64402 4.00096 9.79244 2.01403
405 2.364490170E+07 2.23600 3.64315 3.99783 9.79243 2.01394
406 2.364498957E+07 2.23615 3.64227 3.99463 9.79243 2.01385
407 2.364507685E+07 2.23617 3.64140 3.99116 9.79242 2.01376
408 2.364516258E+07 2.23623 3.64052 3.98778 9.79241 2.01367
409 2.364524768E+07 2.23643 3.63965 3.98469 9.79241 2.01357
410 2.364533296E+07 2.23651 3.63877 3.98133 9.79240 2.01348
411 2.364541670E+07 2.23656 3.63790 3.97794 9.79240 2.01339
412 2.364549926E+07 2.23687 3.63703 3.97510 9.79239 2.01331
413 2.364558250E+07 2.23707 3.63616 3.97200 9.79239 2.01322
414 2.364566426E+07 2.23718 3.63530 3.96879 9.79238 2.01313
415 2.364574456E+07 2.23765 3.63444 3.96629 9.79237 2.01304
416 2.364582583E+07 2.23802 3.63358 3.96358 9.79237 2.01295
417 2.364590572E+07 2.23832 3.63273 3.96078 9.79236 2.01287
418 2.364598425E+07 2.23895 3.63188 3.95867 9.79236 2.01278
419 2.364606359E+07 2.23955 3.63103 3.95647 9.79235 2.01270
420 2.364614183E+07 2.24009 3.63020 3.95421 9.79235 2.01261
421 2.364621881E+07 2.24098 3.62937 3.95268 9.79234 2.01253
422 2.364629661E+07 2.24186 3.62853 3.95111 9.79234 2.01244
423 2.364637342E+07 2.24272 3.62772 3.94954 9.79233 2.01236
424 2.364644915E+07 2.24395 3.62690 3.94874 9.79233 2.01228
425 2.364652577E+07 2.24519 3.62608 3.94792 9.79232 2.01220
426 2.364660145E+07 2.24646 3.62527 3.94723 9.79231 2.01211
427 2.364667641E+07 2.24809 3.62445 3.94724 9.79231 2.01203
428 2.364675213E+07 2.24976 3.62364 3.94732 9.79230 2.01195
429 2.364682706E+07 2.25155 3.62283 3.94767 9.79230 2.01187
430 2.364690168E+07 2.25367 3.62202 3.94865 9.79229 2.01179
431 2.364697689E+07 2.25586 3.62120 3.94976 9.79229 2.01171
432 2.364705150E+07 2.25828 3.62038 3.95130 9.79228 2.01163
433 2.364712628E+07 2.26099 3.61954 3.95341 9.79228 2.01155
434 2.364720143E+07 2.26380 3.61871 3.95568 9.79227 2.01147
435 2.364727613E+07 2.26696 3.61786 3.95860 9.79226 2.01139
436 2.364735152E+07 2.27037 3.61700 3.96196 9.79226 2.01131
437 2.364742714E+07 2.27389 3.61613 3.96553 9.79225 2.01123
438 2.364750254E+07 2.27792 3.61522 3.96999 9.79225 2.01115
439 2.364757937E+07 2.28215 3.61430 3.97476 9.79224 2.01107
440 2.364765629E+07 2.28665 3.61336 3.98001 9.79223 2.01099
441 2.364773390E+07 2.29157 3.61239 3.98595 9.79223 2.01092
442 2.364781268E+07 2.29668 3.61140 3.99220 9.79222 2.01084
443 2.364789188E+07 2.30228 3.61037 3.99927 9.79221 2.01076
444 2.364797245E+07 2.30814 3.60931 4.00676 9.79220 2.01068
445 2.364805340E+07 2.31428 3.60823 4.01472 9.79219 2.01060
446 2.364813452E+07 2.32073 3.60713 4.02321 9.79218 2.01053
447 2.364821442E+07 2.32712 3.60604 4.03166 9.79218 2.01045
448 2.364829403E+07 2.33383 3.60494 4.04067 9.79217 2.01038
449 2.364837177E+07 2.34040 3.60387 4.04953 9.79216 2.01030
450 2.364844966E+07 2.34701 3.60281 4.05848 9.79215 2.01023
451 2.364852781E+07 2.35378 3.60173 4.06774 9.79214 2.01016
452 2.364860563E+07 2.36041 3.60069 4.07683 9.79213 2.01010
453 2.364868479E+07 2.36709 3.59965 4.08601 9.79211 2.01003
454 2.364876519E+07 2.37385 3.59860 4.09536 9.79210 2.00996
455 2.364884662E+07 2.38047 3.59758 4.10452 9.79209 2.00989
456 2.364893059E+07 2.38705 3.59658 4.11364 9.79208 2.00982
457 2.364901746E+07 2.39372 3.59556 4.12294 9.79206 2.00976
458 2.364910666E+07 2.40021 3.59458 4.13200 9.79205 2.00969
459 2.364920017E+07 2.40659 3.59362 4.14090 9.79203 2.00962
460 2.364929889E+07 2.41296 3.59266 4.14982 9.79201 2.00955
461 2.364940282E+07 2.41923 3.59173 4.15861 9.79199 2.00947
462 2.364951334E+07 2.42531 3.59082 4.16715 9.79197 2.00940
463 2.364963256E+07 2.43123 3.58994 4.17547 9.79195 2.00932
464 2.364976190E+07 2.43706 3.58908 4.18367 9.79192 2.00924
465 2.364990245E+07 2.44271 3.58824 4.19163 9.79189 2.00916
466 2.365005689E+07 2.44811 3.58744 4.19925 9.79185 2.00907
467 2.365022857E+07 2.45327 3.58668 4.20652 9.79182 2.00898
468 2.365041990E+07 2.45817 3.58596 4.21344 9.79177 2.00888
469 2.365063383E+07 2.46285 3.58528 4.22005 9.79172 2.00878
470 2.365087350E+07 2.46718 3.58464 4.22619 9.79166 2.00867
471 2.365114399E+07 2.47121 3.58406 4.23188 9.79160 2.00855
472 2.365144787E+07 2.47492 3.58351 4.23714 9.79152 2.00842
473 2.365178671E+07 2.47836 3.58301 4.24201 9.79143 2.00829
474 2.365216027E+07 2.48163 3.58254 4.24664 9.79134 2.00814
475 2.365256597E+07 2.48469 3.58209 4.25098 9.79123 2.00797
476 2.365299939E+07 2.48762 3.58166 4.25513 9.79111 2.00780
477 2.365345429E+07 2.49046 3.58125 4.25916 9.79099 2.00762
478 2.365392512E+07 2.49324 3.58085 4.26311 9.79086 2.00743
479 2.365440771E+07 2.49602 3.58044 4.26706 9.79073 2.00726
480 2.365489979E+07 2.49881 3.58004 4.27102 9.79059 2.00709
481 2.365539937E+07 2.50158 3.57964 4.27495 9.79045 2.00691
482 2.365590564E+07 2.50433 3.57924 4.27887 9.79030 2.00674
483 2.365641816E+07 2.50709 3.57884 4.28279 9.79015 2.00656
484 2.365693752E+07 2.50984 3.57845 4.28672 9.79000 2.00638
485 2.365746537E+07 2.51264 3.57805 4.29072 9.78984 2.00620
486 2.365800377E+07 2.51544 3.57765 4.29472 9.78968 2.00601
487 2.365855273E+07 2.51825 3.57725 4.29873 9.78951 2.00582
488 2.365911358E+07 2.52107 3.57684 4.30276 9.78934 2.00563
489 2.365968898E+07 2.52391 3.57644 4.30682 9.78916 2.00543
490 2.366028413E+07 2.52681 3.57603 4.31096 9.78897 2.00524
491 2.366090621E+07 2.52972 3.57561 4.31514 9.78877 2.00505
492 2.366156458E+07 2.53267 3.57520 4.31936 9.78855 2.00484
493 2.366226317E+07 2.53560 3.57478 4.32356 9.78832 2.00484
494 2.366301125E+07 2.53850 3.57437 4.32772 9.78807 2.00486
495 2.366379872E+07 2.54120 3.57399 4.33161 9.78781 2.00489
496 2.366461410E+07 2.54362 3.57365 4.33508 9.78753 2.00494
497 2.366547084E+07 2.54578 3.57335 4.33818 9.78723 2.00500
498 2.366638841E+07 2.54772 3.57307 4.34098 9.78691 2.00506
499 2.366738019E+07 2.54947 3.57283 4.34348 9.78657 2.00513
500 2.366846810E+07 2.55107 3.57260 4.34579 9.78618 2.00520
501 2.366969022E+07 2.55261 3.57238 4.34799 9.78575 2.00529
502 2.367106589E+07 2.55409 3.57217 4.35012 9.78526 2.00548
503 2.367264348E+07 2.55552 3.57197 4.35216 9.78470 2.00567
504 2.367445060E+07 2.55686 3.57178 4.35408 9.78404 2.00587
505 2.367657986E+07 2.55807 3.57161 4.35581 9.78327 2.00631
506 2.367913497E+07 2.55909 3.57146 4.35726 9.78234 2.00686
507 2.368219059E+07 2.55983 3.57136 4.35832 9.78123 2.00780
508 2.368585734E+07 2.56023 3.57130 4.35889 9.77989 2.00929
509 2.369025743E+07 2.56030 3.57129 4.35899 9.77828 2.01190
510 2.369545226E+07 2.56007 3.57132 4.35866 9.77639 2.01576
511 2.370140705E+07 2.55962 3.57138 4.35801 9.77422 2.02161
512 2.370811008E+07 2.55898 3.57148 4.35711 9.77178 2.02919
513 2.371567216E+07 2.55817 3.57159 4.35595 9.76904 2.03799
514 2.372401399E+07 2.55715 3.57174 4.35450 9.76603 2.04895
515 2.373290907E+07 2.55592 3.57192 4.35276 9.76283 2.06072
516 2.374221889E+07 2.55445 3.57213 4.35067 9.75951 2.07278
517 2.375167756E+07 2.55274 3.57238 4.34824 9.75616 2.08474
518 2.376117897E+07 2.55083 3.57265 4.34552 9.75282 2.09642
519 2.377070296E+07 2.54875 3.57295 4.34256 9.74950 2.10778
520 2.378030113E+07 2.54655 3.57327 4.33943 9.74618 2.11888
521 2.379002796E+07 2.54423 3.57361 4.33614 9.74285 2.12989
522 2.379990698E+07 2.54180 3.57396 4.33269 9.73951 2.14078
523 2.380993661E+07 2.53924 3.57433 4.32906 9.73614 2.15146
524 2.382008990E+07 2.53655 3.57473 4.32524 9.73278 2.16190
525 2.383032821E+07 2.53373 3.57514 4.32125 9.72943 2.17207
526 2.384061649E+07 2.53079 3.57557 4.31709 9.72610 2.18195
527 2.385091793E+07 2.52772 3.57602 4.31276 9.72281 2.19151
528 2.386123183E+07 2.52455 3.57648 4.30827 9.71956 2.20078
529 2.387155411E+07 2.52127 3.57697 4.30364 9.71636 2.20974
530 2.388191096E+07 2.51792 3.57746 4.29892 9.71319 2.21845
531 2.389230463E+07 2.51450 3.57797 4.29410 9.71006 2.22690
532 2.390277946E+07 2.51101 3.57849 4.28920 9.70695 2.23516
533 2.391334683E+07 2.50745 3.57902 4.28420 9.70386 2.24322
534 2.392399902E+07 2.50383 3.57956 4.27913 9.70080 2.25109
535 2.393467693E+07 2.50015 3.58011 4.27398 9.69778 2.25874
536 2.394538036E+07 2.49642 3.58067 4.26877 9.69480 2.26616
537 2.395610019E+07 2.49263 3.58124 4.26348 9.69187 2.27337
538 2.396682097E+07 2.48880 3.58183 4.25815 9.68899 2.28036
539 2.397750334E+07 2.48494 3.58242 4.25279 9.68617 2.28712
540 2.398819499E+07 2.48105 3.58301 4.24739 9.68340 2.29367
541 2.399891414E+07 2.47713 3.58361 4.24196 9.68067 2.30005
542 2.400967366E+07 2.47321 3.58422 4.23655 9.67798 2.30626
543 2.402047811E+07 2.46928 3.58483 4.23114 9.67533 2.31232
544 2.403139351E+07 2.46535 3.58545 4.22573 9.67270 2.31825
545 2.404245092E+07 2.46143 3.58606 4.22035 9.67009 2.32409
546 2.405366798E+07 2.45751 3.58668 4.21500 9.66748 2.32983
547 2.406502984E+07 2.45362 3.58730 4.20969 9.66490 2.33548
548 2.407658307E+07 2.44974 3.58793 4.20442 9.66232 2.34106
549 2.408833265E+07 2.44587 3.58855 4.19918 9.65974 2.34656
550 2.410026510E+07 2.44202 3.58918 4.19400 9.65717 2.35199
551 2.411231283E+07 2.43822 3.58980 4.18890 9.65463 2.35730
552 2.412455002E+07 2.43446 3.59043 4.18387 9.65210 2.36255
553 2.413700181E+07 2.43073 3.59105 4.17891 9.64957 2.36773
554 2.414967246E+07 2.42706 3.59168 4.17406 9.64704 2.37285
555 2.416251248E+07 2.42345 3.59230 4.16933 9.64452 2.37788
556 2.417562280E+07 2.41990 3.59291 4.16469 9.64199 2.38287
557 2.418906649E+07 2.41641 3.59353 4.16017 9.63945 2.38784
558 2.420286419E+07 2.41300 3.59414 4.15580 9.63689 2.39279
559 2.421699703E+07 2.40968 3.59475 4.15157 9.63430 2.39771
560 2.423160851E+07 2.40643 3.59535 4.14748 9.63168 2.40264
561 2.424676221E+07 2.40326 3.59595 4.14356 9.62900 2.40761
562 2.426233281E+07 2.40021 3.59654 4.13983 9.62629 2.41256
563 2.427821677E+07 2.39728 3.59713 4.13631 9.62357 2.41746
564 2.429452071E+07 2.39447 3.59770 4.13298 9.62081 2.42234
565 2.431121403E+07 2.39180 3.59827 4.12991 9.61803 2.42719
566 2.432776823E+07 2.38930 3.59882 4.12711 9.61530 2.43186
567 2.434454793E+07 2.38693 3.59935 4.12452 9.61257 2.43646
568 2.436156394E+07 2.38471 3.59988 4.12219 9.60984 2.44100
569 2.437846281E+07 2.38265 3.60040 4.12013 9.60715 2.44538
570 2.439527507E+07 2.38073 3.60090 4.11830 9.60450 2.44962
571 2.441223540E+07 2.37895 3.60139 4.11668 9.60185 2.45379
572 2.442927312E+07 2.37731 3.60187 4.11536 9.59921 2.45788
573 2.444594801E+07 2.37583 3.60234 4.11425 9.59664 2.46178
574 2.446280796E+07 2.37446 3.60279 4.11333 9.59406 2.46563
575 2.447991818E+07 2.37322 3.60325 4.11270 9.59146 2.46945
576 2.449661588E+07 2.37212 3.60370 4.11228 9.58893 2.47310
577 2.451328240E+07 2.37112 3.60413 4.11203 9.58642 2.47667
578 2.453008299E+07 2.37024 3.60457 4.11202 9.58390 2.48019
579 2.454654819E+07 2.36947 3.60502 4.11224 9.58143 2.48359
580 2.456251625E+07 2.36879 3.60544 4.11260 9.57904 2.48683
581 2.457838772E+07 2.36820 3.60588 4.11315 9.57667 2.49000
582 2.459390145E+07 2.36772 3.60633 4.11399 9.57436 2.49305
583 2.460847328E+07 2.36730 3.60677 4.11491 9.57219 2.49589
584 2.462268400E+07 2.36696 3.60721 4.11600 9.57007 2.49863
585 2.463638758E+07 2.36673 3.60769 4.11744 9.56802 2.50124
586 2.464886329E+07 2.36653 3.60815 4.11890 9.56615 2.50361
587 2.466074810E+07 2.36642 3.60862 4.12057 9.56437 2.50586
588 2.467182678E+07 2.36640 3.60913 4.12258 9.56271 2.50794
589 2.468167508E+07 2.36641 3.60963 4.12458 9.56122 2.50980
590 2.469079933E+07 2.36653 3.61017 4.12697 9.55984 2.51152
591 2.469879564E+07 2.36672 3.61071 4.12953 9.55863 2.51303
592 2.470581303E+07 2.36694 3.61126 4.13215 9.55756 2.51436
593 2.471208557E+07 2.36735 3.61185 4.13533 9.55659 2.51556
594 2.471731143E+07 2.36774 3.61241 4.13839 9.55579 2.51656
595 2.472192158E+07 2.36830 3.61301 4.14190 9.55507 2.51746
596 2.472580859E+07 2.36889 3.61361 4.14545 9.55446 2.51822
597 2.472917542E+07 2.36954 3.61421 4.14915 9.55393 2.51889
598 2.473210088E+07 2.37030 3.61482 4.15314 9.55346 2.51947
599 2.473461454E+07 2.37101 3.61543 4.15699 9.55305 2.51998
600 2.473686569E+07 2.37187 3.61608 4.16131 9.55269 2.52044
601 2.473880301E+07 2.37263 3.61673 4.16541 9.55237 2.52084
602 2.474055409E+07 2.37342 3.61741 4.16971 9.55208 2.52121
603 2.474211911E+07 2.37420 3.61811 4.17408 9.55182 2.52154
604 2.474352892E+07 2.37487 3.61883 4.17828 9.55158 2.52185
605 2.474483411E+07 2.37561 3.61960 4.18287 9.55136 2.52214
606 2.474600567E+07 2.37617 3.62040 4.18717 9.55116 2.52240
607 2.474709918E+07 2.37664 3.62125 4.19151 9.55097 2.52266
608 2.474811709E+07 2.37704 3.62217 4.19602 9.55079 2.52290
609 2.474905475E+07 2.37722 3.62314 4.20026 9.55062 2.52314
610 2.474994256E+07 2.37728 3.62419 4.20458 9.55046 2.52337
611 2.475077395E+07 2.37721 3.62531 4.20890 9.55031 2.52360
612 2.475155175E+07 2.37692 3.62647 4.21295 9.55017 2.52382
613 2.475229263E+07 2.37650 3.62770 4.21702 9.55004 2.52404
614 2.475299216E+07 2.37592 3.62900 4.22106 9.54991 2.52427
615 2.475365122E+07 2.37511 3.63034 4.22483 9.54979 2.52451
616 2.475428129E+07 2.37410 3.63177 4.22853 9.54967 2.52473
617 2.475487977E+07 2.37226 3.63394 4.23351 9.54956 2.52482
618 2.475535438E+07 2.36968 3.63630 4.23780 9.54947 2.52485
619 2.475574952E+07 2.36684 3.63858 4.24124 9.54940 2.52485
620 2.475610184E+07 2.36388 3.64080 4.24419 9.54933 2.52483
621 2.475642590E+07 2.36076 3.64301 4.24682 9.54927 2.52480
622 2.475672773E+07 2.35749 3.64524 4.24918 9.54922 2.52475
623 2.475701152E+07 2.35418 3.64743 4.25131 9.54917 2.52470
624 2.475728159E+07 2.35077 3.64962 4.25326 9.54912 2.52464
625 2.475754035E+07 2.34676 3.65208 4.25507 9.54907 2.52456
626 2.475778936E+07 2.34194 3.65490 4.25673 9.54903 2.52446
627 2.475803021E+07 2.33655 3.65798 4.25826 9.54898 2.52433
628 2.475826428E+07 2.33088 3.66117 4.25967 9.54894 2.52421
629 2.475849423E+07 2.32484 3.66454 4.26109 9.54890 2.52407
630 2.475871643E+07 2.31871 3.66793 4.26239 9.54886 2.52394
631 2.475893385E+07 2.31253 3.67132 4.26356 9.54883 2.52382
632 2.475914821E+07 2.30634 3.67469 4.26468 9.54879 2.52371
633 2.475936072E+07 2.30021 3.67802 4.26575 9.54876 2.52362
634 2.475956999E+07 2.29385 3.68145 4.26673 9.54873 2.52354
635 2.475978312E+07 2.28677 3.68522 4.26768 9.54869 2.52347
636 2.476001441E+07 2.27902 3.68934 4.26864 9.54866 2.52342
637 2.476026309E+07 2.27059 3.69380 4.26961 9.54862 2.52340
638 2.476053460E+07 2.26101 3.69883 4.27059 9.54858 2.52342
639 2.476084993E+07 2.25020 3.70450 4.27164 9.54854 2.52351
640 2.476117884E+07 2.23937 3.71016 4.27262 9.54849 2.52358
641 2.476149297E+07 2.22869 3.71571 4.27345 9.54845 2.52364
642 2.476180044E+07 2.21880 3.72084 4.27419 9.54841 2.52370
643 2.476207322E+07 2.21014 3.72532 4.27479 9.54837 2.52375
644 2.476233581E+07 2.20162 3.72972 4.27536 9.54834 2.52380
645 2.476259333E+07 2.19348 3.73392 4.27587 9.54831 2.52385
646 2.476284329E+07 2.18583 3.73786 4.27633 9.54828 2.52390
647 2.476308702E+07 2.17837 3.74172 4.27684 9.54825 2.52396
648 2.476332517E+07 2.17108 3.74547 4.27728 9.54822 2.52401
649 2.476356836E+07 2.16375 3.74924 4.27769 9.54820 2.52407
650 2.476381710E+07 2.15636 3.75303 4.27808 9.54817 2.52413
651 2.476407134E+07 2.14894 3.75683 4.27845 9.54814 2.52420
652 2.476433047E+07 2.14140 3.76069 4.27882 9.54812 2.52428
653 2.476458924E+07 2.13401 3.76447 4.27912 9.54809 2.52435
654 2.476484908E+07 2.12680 3.76813 4.27938 9.54806 2.52443
655 2.476511072E+07 2.11972 3.77173 4.27958 9.54804 2.52451
656 2.476537813E+07 2.11241 3.77544 4.27981 9.54801 2.52459
657 2.476564718E+07 2.10515 3.77910 4.27994 9.54799 2.52468
658 2.476592424E+07 2.09784 3.78277 4.28001 9.54796 2.52464
659 2.476620870E+07 2.09052 3.78644 4.28004 9.54794 2.52445
660 2.476649763E+07 2.08318 3.79011 4.28004 9.54791 2.52427
661 2.476678603E+07 2.07611 3.79363 4.27998 9.54789 2.52412
662 2.476708189E+07 2.06916 3.79708 4.27988 9.54787 2.52399
663 2.476738584E+07 2.06233 3.80046 4.27974 9.54784 2.52387
664 2.476769856E+07 2.05544 3.80387 4.27961 9.54782 2.52377
665 2.476801215E+07 2.04876 3.80717 4.27944 9.54779 2.52369
666 2.476833181E+07 2.04224 3.81038 4.27923 9.54777 2.52363
667 2.476865922E+07 2.03575 3.81357 4.27901 9.54774 2.52358
668 2.476898957E+07 2.02953 3.81661 4.27876 9.54772 2.52356
669 2.476933204E+07 2.02343 3.81960 4.27849 9.54770 2.52354
670 2.476968867E+07 2.01742 3.82253 4.27820 9.54767 2.52355
671 2.477006166E+07 2.01148 3.82542 4.27789 9.54765 2.52357
672 2.477045231E+07 2.00543 3.82837 4.27758 9.54762 2.52360
673 2.477084796E+07 1.99959 3.83121 4.27725 9.54759 2.52365
674 2.477125793E+07 1.99380 3.83402 4.27691 9.54757 2.52371
675 2.477168207E+07 1.98822 3.83672 4.27656 9.54754 2.52379
676 2.477213290E+07 1.98274 3.83937 4.27619 9.54751 2.52388
677 2.477261413E+07 1.97734 3.84197 4.27580 9.54749 2.52399
678 2.477313044E+07 1.97201 3.84454 4.27541 9.54745 2.52412
679 2.477368701E+07 1.96677 3.84706 4.27502 9.54742 2.52427
680 2.477428964E+07 1.96138 3.84966 4.27464 9.54739 2.52444
681 2.477491616E+07 1.95622 3.85215 4.27428 9.54735 2.52462
682 2.477559127E+07 1.95127 3.85454 4.27393 9.54732 2.52482
683 2.477634108E+07 1.94640 3.85689 4.27361 9.54728 2.52506
684 2.477718095E+07 1.94163 3.85920 4.27332 9.54723 2.52532
685 2.477813014E+07 1.93697 3.86148 4.27310 9.54718 2.52558
686 2.477921164E+07 1.93240 3.86373 4.27296 9.54713 2.52557
687 2.478044944E+07 1.92792 3.86596 4.27292 9.54707 2.52564
688 2.478185547E+07 1.92336 3.86826 4.27302 9.54700 2.52577
689 2.478340202E+07 1.91893 3.87054 4.27324 9.54692 2.52598
690 2.478512625E+07 1.91458 3.87280 4.27358 9.54684 2.52627
691 2.478705951E+07 1.91020 3.87510 4.27404 9.54675 2.52665
692 2.478919464E+07 1.90576 3.87746 4.27461 9.54665 2.52712
693 2.479152018E+07 1.90125 3.87988 4.27526 9.54654 2.52768
694 2.479402571E+07 1.89662 3.88238 4.27599 9.54642 2.52831
695 2.479670599E+07 1.89186 3.88495 4.27677 9.54630 2.52903
696 2.479956196E+07 1.88689 3.88765 4.27760 9.54617 2.52983
697 2.480258917E+07 1.88159 3.89051 4.27847 9.54604 2.53069
698 2.480576235E+07 1.87622 3.89342 4.27936 9.54590 2.53163
699 2.480921523E+07 1.87054 3.89650 4.28033 9.54576 2.53267
700 2.481300245E+07 1.86449 3.89979 4.28139 9.54560 2.53382
701 2.481720532E+07 1.85792 3.90337 4.28255 9.54542 2.53511
702 2.482194561E+07 1.85066 3.90732 4.28385 9.54523 2.53658
703 2.482738479E+07 1.84248 3.91178 4.28531 9.54502 2.53826
704 2.483377027E+07 1.83309 3.91689 4.28698 9.54477 2.54023
705 2.484140847E+07 1.82220 3.92281 4.28889 9.54448 2.54257
706 2.485047910E+07 1.80989 3.92950 4.29102 9.54415 2.54531
707 2.486000988E+07 1.79782 3.93605 4.29306 9.54381 2.54816
708 2.486889920E+07 1.78742 3.94168 4.29481 9.54351 2.55077
709 2.487747042E+07 1.77826 3.94665 4.29635 9.54322 2.55327
710 2.488607897E+07 1.76994 3.95116 4.29776 9.54293 2.55575
711 2.489496110E+07 1.76226 3.95533 4.29909 9.54265 2.55828
712 2.490432499E+07 1.75510 3.95923 4.30037 9.54235 2.56093
713 2.491437813E+07 1.74840 3.96290 4.30163 9.54203 2.56376
714 2.492535448E+07 1.74206 3.96638 4.30289 9.54170 2.56683
715 2.493746027E+07 1.73604 3.96971 4.30416 9.54133 2.57020
716 2.495094402E+07 1.73042 3.97284 4.30546 9.54092 2.57393
717 2.496630912E+07 1.72514 3.97583 4.30683 9.54046 2.57817
718 2.498397040E+07 1.72022 3.97865 4.30829 9.53994 2.58300
719 2.500453341E+07 1.71573 3.98129 4.30986 9.53934 2.58860
720 2.502874780E+07 1.71168 3.98374 4.31158 9.53863 2.59513
721 2.505731187E+07 1.70809 3.98602 4.31349 9.53780 2.60260
722 2.509060703E+07 1.70502 3.98808 4.31560 9.53683 2.61036
723 2.512888293E+07 1.70256 3.98988 4.31788 9.53572 2.61910
724 2.517318304E+07 1.70133 3.99110 4.32030 9.53442 2.62904
725 2.522634318E+07 1.70218 3.99132 4.32288 9.53283 2.64076
726 2.529013535E+07 1.70570 3.99026 4.32569 9.53089 2.65457
727 2.534890637E+07 1.71047 3.98848 4.32810 9.52906 2.66710
728 2.539988760E+07 1.71549 3.98646 4.33008 9.52743 2.67783
729 2.544658295E+07 1.72075 3.98426 4.33181 9.52590 2.68753
730 2.549018025E+07 1.72624 3.98191 4.33334 9.52445 2.69650
731 2.553136541E+07 1.73225 3.97923 4.33467 9.52304 2.70488
732 2.556940610E+07 1.73862 3.97633 4.33579 9.52170 2.71253
733 2.560456377E+07 1.74522 3.97326 4.33674 9.52044 2.71953
734 2.563748113E+07 1.75197 3.97010 4.33757 9.51923 2.72602
735 2.566881175E+07 1.75886 3.96684 4.33831 9.51805 2.73215
736 2.569899231E+07 1.76595 3.96345 4.33896 9.51688 2.73799
737 2.572820007E+07 1.77314 3.96001 4.33955 9.51572 2.74361
738 2.575679344E+07 1.78055 3.95644 4.34008 9.51456 2.74906
739 2.578473044E+07 1.78822 3.95272 4.34055 9.51340 2.75435
740 2.581202742E+07 1.79614 3.94886 4.34095 9.51223 2.75948
741 2.583883294E+07 1.80439 3.94482 4.34129 9.51105 2.76450
742 2.586523163E+07 1.81299 3.94059 4.34157 9.50986 2.76942
743 2.589128556E+07 1.82201 3.93613 4.34179 9.50865 2.77426
744 2.591711915E+07 1.83150 3.93143 4.34194 9.50741 2.77908
745 2.594287273E+07 1.84155 3.92642 4.34203 9.50613 2.78392
746 2.596880944E+07 1.85229 3.92105 4.34204 9.50480 2.78888
747 2.599527891E+07 1.86402 3.91517 4.34197 9.50339 2.79414
748 2.601923783E+07 1.87518 3.90956 4.34186 9.50207 2.79893
749 2.603902838E+07 1.88471 3.90477 4.34175 9.50095 2.80209
750 2.605555239E+07 1.89276 3.90072 4.34166 9.49999 2.80468
751 2.607007686E+07 1.89988 3.89714 4.34157 9.49912 2.80694
752 2.608302347E+07 1.90631 3.89390 4.34148 9.49833 2.80893
753 2.609478748E+07 1.91225 3.89091 4.34139 9.49760 2.81075
754 2.610564079E+07 1.91781 3.88811 4.34130 9.49692 2.81243
755 2.611580070E+07 1.92296 3.88551 4.34120 9.49627 2.81403
756 2.612553740E+07 1.92803 3.88295 4.34109 9.49564 2.81560
757 2.613471151E+07 1.93293 3.88047 4.34097 9.49503 2.81713
758 2.614339958E+07 1.93769 3.87806 4.34086 9.49445 2.81865
759 2.615167021E+07 1.94229 3.87573 4.34074 9.49388 2.82018
760 2.615962173E+07 1.94677 3.87346 4.34061 9.49334 2.82176
761 2.616729547E+07 1.95121 3.87120 4.34047 9.49280 2.82340
762 2.617464341E+07 1.95561 3.86897 4.34032 9.49228 2.82514
763 2.618166879E+07 1.95991 3.86678 4.34017 9.49177 2.82698
764 2.618844802E+07 1.96406 3.86466 4.34000 9.49128 2.82861
765 2.619511599E+07 1.96831 3.86249 4.33983 9.49079 2.82946
766 2.620153586E+07 1.97257 3.86032 4.33964 9.49031 2.83026
767 2.620780203E+07 1.97690 3.85809 4.33940 9.48983 2.83099
768 2.621377961E+07 1.98136 3.85578 4.33907 9.48938 2.83162
769 2.621929092E+07 1.98605 3.85332 4.33862 9.48895 2.83211
770 2.622416249E+07 1.99087 3.85078 4.33808 9.48856 2.83245
771 2.622839288E+07 1.99567 3.84822 4.33748 9.48823 2.83270
772 2.623211839E+07 2.00035 3.84573 4.33686 9.48793 2.83291
773 2.623552251E+07 2.00525 3.84311 4.33618 9.48765 2.83309
774 2.623854525E+07 2.01011 3.84051 4.33549 9.48740 2.83326
775 2.624129541E+07 2.01497 3.83790 4.33477 9.48717 2.83345
776 2.624382619E+07 2.01994 3.83523 4.33404 9.48695 2.83367
777 2.624614330E+07 2.02498 3.83252 4.33329 9.48675 2.83393
778 2.624827434E+07 2.03008 3.82978 4.33253 9.48656 2.83424
779 2.625024496E+07 2.03499 3.82714 4.33179 9.48639 2.83462
780 2.625215509E+07 2.04014 3.82438 4.33102 9.48622 2.83508
781 2.625395545E+07 2.04533 3.82159 4.33025 9.48605 2.83562
782 2.625566717E+07 2.05052 3.81880 4.32948 9.48590 2.83547
783 2.625731157E+07 2.05585 3.81594 4.32869 9.48574 2.83525
784 2.625889803E+07 2.06132 3.81300 4.32788 9.48559 2.83501
785 2.626041082E+07 2.06689 3.81001 4.32705 9.48545 2.83478
786 2.626185659E+07 2.07254 3.80697 4.32622 9.48531 2.83456
787 2.626324792E+07 2.07809 3.80400 4.32540 9.48517 2.83437
788 2.626463923E+07 2.08399 3.80082 4.32452 9.48503 2.83419
789 2.626597754E+07 2.08987 3.79767 4.32365 9.48489 2.83404
790 2.626729401E+07 2.09598 3.79439 4.32276 9.48475 2.83391
791 2.626856771E+07 2.10222 3.79104 4.32185 9.48462 2.83380
792 2.626979821E+07 2.10859 3.78763 4.32094 9.48449 2.83373
793 2.627098728E+07 2.11508 3.78415 4.32001 9.48436 2.83369
794 2.627213650E+07 2.12169 3.78062 4.31908 9.48423 2.83368
795 2.627324768E+07 2.12809 3.77718 4.31816 9.48410 2.83372
796 2.627436276E+07 2.13477 3.77361 4.31720 9.48397 2.83381
797 2.627544188E+07 2.14135 3.77007 4.31623 9.48385 2.83394
798 2.627649405E+07 2.14798 3.76651 4.31525 9.48372 2.83411
799 2.627749811E+07 2.15456 3.76298 4.31427 9.48360 2.83433
800 2.627845780E+07 2.16115 3.75944 4.31329 9.48348 2.83459
801 2.627939081E+07 2.16788 3.75582 4.31230 9.48337 2.83490
802 2.628030209E+07 2.17475 3.75214 4.31128 9.48325 2.83473
803 2.628118659E+07 2.18157 3.74847 4.31026 9.48314 2.83452
804 2.628206201E+07 2.18839 3.74480 4.30921 9.48302 2.83431
805 2.628292800E+07 2.19519 3.74112 4.30812 9.48290 2.83412
806 2.628378360E+07 2.20211 3.73738 4.30698 9.48279 2.83395
807 2.628461335E+07 2.20897 3.73365 4.30580 9.48267 2.83381
808 2.628541225E+07 2.21588 3.72991 4.30462 9.48256 2.83369
809 2.628619990E+07 2.22308 3.72600 4.30339 9.48245 2.83359
810 2.628699646E+07 2.23074 3.72185 4.30209 9.48233 2.83352
811 2.628780353E+07 2.23855 3.71760 4.30072 9.48221 2.83350
812 2.628859986E+07 2.24656 3.71324 4.29931 9.48209 2.83352
813 2.628940098E+07 2.25542 3.70844 4.29785 9.48197 2.83358
814 2.629027837E+07 2.26530 3.70309 4.29619 9.48183 2.83371
815 2.629118326E+07 2.27584 3.69738 4.29443 9.48168 2.83387
816 2.629206371E+07 2.28704 3.69133 4.29263 9.48153 2.83400
817 2.629291835E+07 2.29771 3.68553 4.29078 9.48138 2.83412
818 2.629362976E+07 2.30655 3.68069 4.28911 9.48126 2.83420
819 2.629425433E+07 2.31409 3.67653 4.28752 9.48115 2.83428
820 2.629481472E+07 2.32035 3.67301 4.28598 9.48105 2.83434
821 2.629533914E+07 2.32643 3.66958 4.28442 9.48095 2.83441
822 2.629585380E+07 2.33258 3.66609 4.28275 9.48086 2.83447
823 2.629635454E+07 2.33863 3.66262 4.28098 9.48076 2.83453
824 2.629684284E+07 2.34452 3.65921 4.27911 9.48067 2.83459
825 2.629732035E+07 2.35010 3.65592 4.27712 9.48058 2.83465
826 2.629778711E+07 2.35525 3.65282 4.27502 9.48049 2.83471
827 2.629824248E+07 2.35986 3.64996 4.27282 9.48040 2.83477
828 2.629868764E+07 2.36367 3.64748 4.27052 9.48031 2.83483
829 2.629912552E+07 2.36678 3.64533 4.26812 9.48022 2.83490
830 2.629955634E+07 2.36967 3.64324 4.26555 9.48014 2.83496
831 2.629997717E+07 2.37258 3.64113 4.26292 9.48006 2.83502
832 2.630039071E+07 2.37543 3.63902 4.26017 9.47997 2.83508
833 2.630079885E+07 2.37812 3.63695 4.25730 9.47989 2.83514
834 2.630120222E+07 2.38072 3.63491 4.25432 9.47981 2.83520
835 2.630160271E+07 2.38323 3.63289 4.25127 9.47973 2.83526
836 2.630200336E+07 2.38554 3.63103 4.24843 9.47965 2.83532
837 2.630241970E+07 2.38741 3.62954 4.24622 9.47957 2.83538
838 2.630289151E+07 2.38888 3.62814 4.24358 9.47948 2.83545
839 2.630339181E+07 2.39008 3.62676 4.24045 9.47938 2.83552
840 2.630389219E+07 2.39107 3.62544 4.23714 9.47928 2.83559
841 2.630438673E+07 2.39183 3.62416 4.23355 9.47918 2.83566
842 2.630486683E+07 2.39247 3.62294 4.22994 9.47909 2.83573
843 2.630533381E+07 2.39309 3.62178 4.22655 9.47900 2.83579
844 2.630579383E+07 2.39352 3.62066 4.22293 9.47891 2.83585
845 2.630623933E+07 2.39387 3.61960 4.21936 9.47882 2.83591
846 2.630667269E+07 2.39424 3.61859 4.21609 9.47874 2.83597
847 2.630710068E+07 2.39443 3.61763 4.21263 9.47866 2.83603
848 2.630751661E+07 2.39459 3.61673 4.20934 9.47858 2.83608
849 2.630792449E+07 2.39479 3.61587 4.20629 9.47850 2.83613
850 2.630832766E+07 2.39484 3.61504 4.20310 9.47843 2.83618
851 2.630872089E+07 2.39503 3.61425 4.20030 9.47835 2.83623
852 2.630911094E+07 2.39521 3.61348 4.19756 9.47828 2.83627
853 2.630949596E+07 2.39534 3.61272 4.19480 9.47821 2.83631
854 2.630987365E+07 2.39575 3.61198 4.19266 9.47814 2.83635
855 2.631025370E+07 2.39609 3.61125 4.19040 9.47807 2.83639
856 2.631062907E+07 2.39657 3.61052 4.18847 9.47800 2.83642
857 2.631100430E+07 2.39723 3.60980 4.18690 9.47793 2.83646
858 2.631138213E+07 2.39788 3.60908 4.18533 9.47786 2.83650
859 2.631175848E+07 2.39889 3.60835 4.18444 9.47779 2.83654
860 2.631214344E+07 2.39995 3.60762 4.18361 9.47772 2.83658
861 2.631253204E+07 2.40118 3.60688 4.18310 9.47765 2.83662
862 2.631292756E+07 2.40273 3.60612 4.18316 9.47757 2.83666
863 2.631333635E+07 2.40433 3.60534 4.18328 9.47750 2.83671
864 2.631375442E+07 2.40631 3.60455 4.18408 9.47742 2.83675
865 2.631419325E+07 2.40846 3.60375 4.18515 9.47733 2.83679
866 2.631465272E+07 2.41077 3.60293 4.18648 9.47724 2.83684
867 2.631513649E+07 2.41349 3.60208 4.18854 9.47715 2.83688
868 2.631566181E+07 2.41630 3.60123 4.19074 9.47705 2.83693
869 2.631622860E+07 2.41938 3.60036 4.19343 9.47693 2.83698
870 2.631685768E+07 2.42270 3.59948 4.19656 9.47681 2.83704
871 2.631757273E+07 2.42608 3.59860 4.19982 9.47666 2.83710
872 2.631839575E+07 2.42969 3.59773 4.20354 9.47649 2.83717
873 2.631938339E+07 2.43328 3.59689 4.20736 9.47628 2.83726
874 2.632056855E+07 2.43662 3.59612 4.21095 9.47602 2.83736
875 2.632199074E+07 2.43958 3.59546 4.21424 9.47571 2.83747
876 2.632369737E+07 2.44200 3.59494 4.21700 9.47533 2.83761
877 2.632574532E+07 2.44376 3.59456 4.21900 9.47487 2.83778
878 2.632820287E+07 2.44493 3.59431 4.22036 9.47432 2.83798
879 2.633115193E+07 2.44567 3.59415 4.22121 9.47365 2.83822
880 2.633469080E+07 2.44613 3.59406 4.22172 9.47285 2.83850
881 2.633893744E+07 2.44643 3.59399 4.22205 9.47189 2.83884
882 2.634403341E+07 2.44667 3.59393 4.22231 9.47073 2.83925
883 2.635014857E+07 2.44694 3.59386 4.22258 9.46934 2.83974
884 2.635748677E+07 2.44727 3.59378 4.22289 9.46767 2.84033
885 2.636629260E+07 2.44770 3.59367 4.22330 9.46566 2.84102
886 2.637685961E+07 2.44827 3.59351 4.22384 9.46325 2.84186
887 2.638954001E+07 2.44905 3.59330 4.22455 9.46034 2.84286
888 2.640475649E+07 2.45010 3.59302 4.22553 9.45684 2.84408
889 2.642251236E+07 2.45149 3.59265 4.22683 9.45273 2.84553
890 2.643877771E+07 2.45293 3.59228 4.22823 9.44894 2.84694
891 2.645394314E+07 2.45443 3.59190 4.22971 9.44538 2.84832
892 2.646811039E+07 2.45598 3.59152 4.23127 9.44203 2.84968
893 2.648128327E+07 2.45759 3.59112 4.23291 9.43890 2.85106
894 2.649352541E+07 2.45926 3.59072 4.23464 9.43597 2.85250
895 2.650491411E+07 2.46100 3.59031 4.23646 9.43322 2.85306
896 2.651553151E+07 2.46279 3.58989 4.23838 9.43063 2.85353
897 2.652547723E+07 2.46467 3.58946 4.24041 9.42819 2.85395
898 2.653475348E+07 2.46661 3.58902 4.24256 9.42590 2.85434
899 2.654347367E+07 2.46863 3.58859 4.24484 9.42372 2.85471
900 2.655165416E+07 2.47072 3.58814 4.24723 9.42166 2.85507
901 2.655925239E+07 2.47287 3.58768 4.24972 9.41973 2.85544
902 2.656628404E+07 2.47510 3.58722 4.25232 9.41792 2.85583
903 2.657275538E+07 2.47739 3.58675 4.25503 9.41624 2.85624
904 2.657868326E+07 2.47976 3.58627 4.25784 9.41469 2.85671
905 2.658407669E+07 2.48219 3.58579 4.26077 9.41326 2.85722
906 2.658894825E+07 2.48471 3.58530 4.26384 9.41195 2.85782
907 2.659333989E+07 2.48730 3.58480 4.26702 9.41076 2.85802
908 2.659724741E+07 2.48994 3.58429 4.27029 9.40969 2.85794
909 2.660069147E+07 2.49265 3.58378 4.27366 9.40874 2.85784
910 2.660369422E+07 2.49540 3.58327 4.27711 9.40789 2.85771
911 2.660628994E+07 2.49818 3.58275 4.28060 9.40716 2.85758
912 2.660852150E+07 2.50097 3.58224 4.28413 9.40651 2.85746
913 2.661043827E+07 2.50376 3.58173 4.28768 9.40596 2.85737
914 2.661208084E+07 2.50657 3.58122 4.29127 9.40547 2.85733
915 2.661348649E+07 2.50936 3.58072 4.29485 9.40505 2.85735
916 2.661468522E+07 2.51211 3.58023 4.29838 9.40469 2.85745
917 2.661570357E+07 2.51481 3.57975 4.30186 9.40438 2.85733
918 2.661656978E+07 2.51745 3.57928 4.30527 9.40411 2.85695
919 2.661730774E+07 2.52003 3.57882 4.30861 9.40388 2.85658
920 2.661793568E+07 2.52254 3.57838 4.31185 9.40368 2.85625
921 2.661846790E+07 2.52496 3.57795 4.31497 9.40352 2.85598
922 2.661891616E+07 2.52725 3.57755 4.31792 9.40337 2.85578
923 2.661929376E+07 2.52942 3.57716 4.32072 9.40325 2.85568
924 2.661960841E+07 2.53147 3.57680 4.32336 9.40315 2.85572
925 2.661991210E+07 2.53376 3.57640 4.32635 9.40305 2.85543
926 2.662020357E+07 2.53631 3.57596 4.32970 9.40295 2.85513
927 2.662048275E+07 2.53906 3.57550 4.33335 9.40285 2.85488
928 2.662075204E+07 2.54199 3.57501 4.33725 9.40276 2.85469
929 2.662101366E+07 2.54505 3.57450 4.34135 9.40267 2.85456
930 2.662126958E+07 2.54822 3.57398 4.34561 9.40258 2.85448
931 2.662152174E+07 2.55145 3.57345 4.34996 9.40249 2.85444
932 2.662177161E+07 2.55473 3.57292 4.35439 9.40240 2.85446
933 2.662202031E+07 2.55804 3.57238 4.35885 9.40231 2.85453
934 2.662226877E+07 2.56139 3.57184 4.36339 9.40222 2.85436
935 2.662251768E+07 2.56474 3.57130 4.36792 9.40213 2.85421
936 2.662276808E+07 2.56808 3.57076 4.37244 9.40203 2.85408
937 2.662302025E+07 2.57141 3.57023 4.37695 9.40194 2.85397
938 2.662327435E+07 2.57472 3.56969 4.38145 9.40184 2.85390
939 2.662353072E+07 2.57802 3.56916 4.38592 9.40174 2.85385
940 2.662378965E+07 2.58131 3.56863 4.39038 9.40163 2.85384
941 2.662405155E+07 2.58460 3.56810 4.39483 9.40153 2.85386
942 2.662431702E+07 2.58786 3.56757 4.39926 9.40142 2.85391
943 2.662458686E+07 2.59109 3.56705 4.40363 9.40131 2.85400
944 2.662486176E+07 2.59428 3.56654 4.40795 9.40119 2.85394
945 2.662514251E+07 2.59742 3.56603 4.41220 9.40108 2.85387
946 2.662543056E+07 2.60050 3.56553 4.41638 9.40095 2.85382
947 2.662572672E+07 2.60351 3.56505 4.42045 9.40082 2.85380
948 2.662603208E+07 2.60645 3.56457 4.42443 9.40069 2.85380
949 2.662634803E+07 2.60928 3.56411 4.42825 9.40055 2.85382
950 2.662667559E+07 2.61198 3.56367 4.43188 9.40041 2.85388
951 2.662701546E+07 2.61453 3.56325 4.43531 9.40025 2.85396
952 2.662736828E+07 2.61691 3.56286 4.43849 9.40009 2.85409
953 2.662773461E+07 2.61910 3.56249 4.44140 9.39993 2.85425
954 2.662811571E+07 2.62108 3.56216 4.44402 9.39975 2.85429
955 2.662851298E+07 2.62282 3.56186 4.44632 9.39957 2.85432
956 2.662893207E+07 2.62430 3.56160 4.44826 9.39937 2.85437
957 2.662937132E+07 2.62546 3.56139 4.44975 9.39917 2.85445
958 2.662983086E+07 2.62624 3.56125 4.45070 9.39895 2.85457
959 2.663031165E+07 2.62655 3.56117 4.45102 9.39873 2.85473
960 2.663081183E+07 2.62636 3.56117 4.45062 9.39850 2.85495
961 2.663131886E+07 2.62565 3.56124 4.44952 9.39826 2.85524
962 2.663182051E+07 2.62452 3.56139 4.44783 9.39803 2.85530
963 2.663231030E+07 2.62306 3.56158 4.44570 9.39780 2.85535
964 2.663279714E+07 2.62137 3.56182 4.44324 9.39758 2.85542
965 2.663327554E+07 2.61957 3.56206 4.44064 9.39736 2.85551
966 2.663374741E+07 2.61773 3.56232 4.43797 9.39715 2.85565
967 2.663421401E+07 2.61594 3.56256 4.43537 9.39694 2.85587
968 2.663467748E+07 2.61426 3.56279 4.43291 9.39673 2.85579
969 2.663513967E+07 2.61274 3.56299 4.43069 9.39652 2.85569
970 2.663561492E+07 2.61140 3.56317 4.42871 9.39631 2.85563
971 2.663609691E+07 2.61032 3.56330 4.42710 9.39610 2.85566
972 2.663658464E+07 2.60954 3.56339 4.42588 9.39589 2.85572
973 2.663707474E+07 2.60907 3.56343 4.42510 9.39567 2.85546
974 2.663756885E+07 2.60894 3.56342 4.42480 9.39545 2.85527
975 2.663808014E+07 2.60916 3.56335 4.42499 9.39523 2.85522
976 2.663859291E+07 2.60973 3.56324 4.42565 9.39501 2.85515
977 2.663909959E+07 2.61060 3.56307 4.42673 9.39478 2.85483
978 2.663960347E+07 2.61173 3.56288 4.42820 9.39456 2.85464
979 2.664011137E+07 2.61312 3.56264 4.43004 9.39433 2.85464
980 2.664061063E+07 2.61471 3.56237 4.43215 9.39411 2.85437
981 2.664109893E+07 2.61645 3.56209 4.43449 9.39389 2.85411
982 2.664158894E+07 2.61835 3.56178 4.43707 9.39367 2.85400
983 2.664207443E+07 2.62037 3.56146 4.43981 9.39345 2.85396
984 2.664255244E+07 2.62246 3.56113 4.44266 9.39323 2.85364
985 2.664302592E+07 2.62460 3.56079 4.44561 9.39301 2.85346
986 2.664350261E+07 2.62683 3.56044 4.44868 9.39279 2.85343
987 2.664397461E+07 2.62910 3.56009 4.45181 9.39257 2.85326
988 2.664444128E+07 2.63138 3.55974 4.45497 9.39235 2.85302
989 2.664490948E+07 2.63371 3.55939 4.45820 9.39212 2.85290
990 2.664537841E+07 2.63605 3.55903 4.46147 9.39190 2.85295
991 2.664584444E+07 2.63839 3.55868 4.46473 9.39167 2.85266
992 2.664630736E+07 2.64071 3.55833 4.46798 9.39145 2.85249
993 2.664677679E+07 2.64306 3.55798 4.47128 9.39121 2.85245
994 2.664724521E+07 2.64539 3.55764 4.47457 9.39098 2.85239
995 2.664771105E+07 2.64770 3.55730 4.47782 9.39075 2.85216
996 2.664817728E+07 2.64999 3.55696 4.48106 9.39051 2.85205
997 2.664864696E+07 2.65228 3.55663 4.48431 9.39028 2.85208
998 2.664911491E+07 2.65454 3.55630 4.48752 9.39004 2.85191
999 2.664958022E+07 2.65675 3.55598 4.49068 9.38980 2.85175
1000 2.665004953E+07 2.65896 3.55567 4.49383 9.38955 2.85170
1001 2.665051916E+07 2.66115 3.55536 4.49696 9.38931 2.85172
1002 2.665098615E+07 2.66330 3.55505 4.50005 9.38906 2.85151
1003 2.665145127E+07 2.66542 3.55475 4.50309 9.38881 2.85141
1004 2.665192025E+07 2.66753 3.55446 4.50614 9.38856 2.85142
1005 2.665238644E+07 2.66961 3.55417 4.50914 9.38831 2.85134
1006 2.665284878E+07 2.67165 3.55389 4.51209 9.38806 2.85119
1007 2.665331193E+07 2.67367 3.55361 4.51501 9.38781 2.85114
1008 2.665377513E+07 2.67566 3.55334 4.51790 9.38756 2.85121
1009 2.665423449E+07 2.67761 3.55307 4.52075 9.38730 2.85102
1010 2.665468902E+07 2.67954 3.55281 4.52356 9.38705 2.85093
1011 2.665514660E+07 2.68146 3.55255 4.52636 9.38679 2.85094
1012 2.665559996E+07 2.68334 3.55230 4.52912 9.38654 2.85090
1013 2.665604783E+07 2.68519 3.55205 4.53183 9.38628 2.85077
1014 2.665649354E+07 2.68702 3.55181 4.53451 9.38603 2.85073
1015 2.665693821E+07 2.68883 3.55157 4.53717 9.38578 2.85079
1016 2.665737767E+07 2.69060 3.55134 4.53979 9.38552 2.85065
1017 2.665781096E+07 2.69234 3.55111 4.54235 9.38527 2.85057
1018 2.665824465E+07 2.69407 3.55088 4.54491 9.38502 2.85058
1019 2.665867315E+07 2.69578 3.55066 4.54744 9.38477 2.85058
1020 2.665909492E+07 2.69746 3.55044 4.54993 9.38452 2.85046
1021 2.665951251E+07 2.69912 3.55023 4.55240 9.38427 2.85043
1022 2.665992789E+07 2.70076 3.55002 4.55483 9.38403 2.85049
1023 2.666033715E+07 2.70237 3.54981 4.55722 9.38378 2.85038
1024 2.666073956E+07 2.70394 3.54961 4.55956 9.38354 2.85031
1025 2.666114023E+07 2.70550 3.54941 4.56188 9.38330 2.85033
1026 2.666153512E+07 2.70703 3.54922 4.56417 9.38306 2.85034
1027 2.666192302E+07 2.70853 3.54903 4.56642 9.38282 2.85024
1028 2.666230556E+07 2.71002 3.54884 4.56864 9.38259 2.85021
1029 2.666268450E+07 2.71149 3.54865 4.57085 9.38235 2.85028
1030 2.666305683E+07 2.71293 3.54847 4.57300 9.38212 2.85019
1031 2.666342216E+07 2.71434 3.54830 4.57512 9.38189 2.85013
1032 2.666378409E+07 2.71574 3.54812 4.57721 9.38167 2.85015
1033 2.666413998E+07 2.71711 3.54795 4.57926 9.38145 2.85017
1034 2.666448897E+07 2.71846 3.54778 4.58129 9.38123 2.85008
1035 2.666483218E+07 2.71978 3.54762 4.58328 9.38101 2.85006
1036 2.666517077E+07 2.72109 3.54745 4.58524 9.38079 2.85013
1037 2.666550278E+07 2.72238 3.54729 4.58718 9.38058 2.85005
1038 2.666582812E+07 2.72364 3.54714 4.58906 9.38037 2.85000
1039 2.666614913E+07 2.72487 3.54698 4.59093 9.38017 2.85003
1040 2.666646410E+07 2.72609 3.54683 4.59275 9.37996 2.85005
1041 2.666677248E+07 2.72728 3.54668 4.59455 9.37976 2.84997
1042 2.666707511E+07 2.72846 3.54654 4.59631 9.37957 2.84996
1043 2.666737274E+07 2.72961 3.54639 4.59804 9.37937 2.85004
1044 2.666766407E+07 2.73074 3.54625 4.59974 9.37918 2.84997
1045 2.666794904E+07 2.73185 3.54612 4.60141 9.37900 2.84993
1046 2.666822937E+07 2.73294 3.54598 4.60304 9.37881 2.84996
1047 2.666850388E+07 2.73401 3.54585 4.60464 9.37863 2.84998
1048 2.666877228E+07 2.73505 3.54572 4.60620 9.37845 2.84992
1049 2.666903511E+07 2.73607 3.54559 4.60773 9.37828 2.84991
1050 2.666929292E+07 2.73708 3.54546 4.60924 9.37810 2.84998
1051 2.666954491E+07 2.73806 3.54534 4.61071 9.37794 2.84993
1052 2.666979110E+07 2.73902 3.54521 4.61214 9.37777 2.84989
1053 2.667003253E+07 2.73997 3.54509 4.61354 9.37761 2.84993
1054 2.667026864E+07 2.74089 3.54497 4.61492 9.37745 2.84997
1055 2.667049929E+07 2.74179 3.54486 4.61626 9.37729 2.84990
1056 2.667072478E+07 2.74268 3.54474 4.61757 9.37714 2.84990
1057 2.667094555E+07 2.74354 3.54463 4.61885 9.37699 2.84996
1058 2.667116112E+07 2.74439 3.54452 4.62010 9.37684 2.84994
1059 2.667137155E+07 2.74522 3.54441 4.62131 9.37670 2.84990
1060 2.667157732E+07 2.74602 3.54430 4.62250 9.37656 2.84993
1061 2.667177835E+07 2.74681 3.54420 4.62366 9.37642 2.85000
1062 2.667197454E+07 2.74758 3.54409 4.62478 9.37628 2.84994
1063 2.667216602E+07 2.74834 3.54399 4.62587 9.37615 2.84992
1064 2.667235319E+07 2.74907 3.54389 4.62694 9.37602 2.84997
1065 2.667253580E+07 2.74979 3.54379 4.62797 9.37589 2.85000
1066 2.667271394E+07 2.75049 3.54369 4.62898 9.37577 2.84995
1067 2.667288778E+07 2.75118 3.54359 4.62996 9.37565 2.84996
1068 2.667305744E+07 2.75185 3.54349 4.63091 9.37553 2.85002
1069 2.667322291E+07 2.75250 3.54340 4.63183 9.37541 2.85001
1070 2.667338425E+07 2.75314 3.54330 4.63273 9.37530 2.84998
1071 2.667354157E+07 2.75376 3.54321 4.63359 9.37519 2.85001
1072 2.667369490E+07 2.75436 3.54312 4.63443 9.37508 2.85008
1073 2.667384434E+07 2.75495 3.54302 4.63524 9.37498 2.85004
1074 2.667398996E+07 2.75554 3.54293 4.63604 9.37488 2.85003
1075 2.667413178E+07 2.75611 3.54284 4.63681 9.37478 2.85006
1076 2.667426997E+07 2.75666 3.54275 4.63755 9.37468 2.85014
1077 2.667440460E+07 2.75719 3.54266 4.63826 9.37458 2.85009
1078 2.667453578E+07 2.75772 3.54257 4.63894 9.37449 2.85008
1079 2.667466337E+07 2.75822 3.54248 4.63960 9.37440 2.85012
1080 2.667478765E+07 2.75872 3.54239 4.64023 9.37431 2.85020
1081 2.667490875E+07 2.75920 3.54230 4.64084 9.37422 2.85015
1082 2.667502674E+07 2.75967 3.54221 4.64143 9.37414 2.85015
1083 2.667514142E+07 2.76013 3.54212 4.64199 9.37406 2.85018
1084 2.667525317E+07 2.76057 3.54203 4.64253 9.37398 2.85026
1085 2.667536211E+07 2.76101 3.54195 4.64304 9.37390 2.85022
1086 2.667546833E+07 2.76143 3.54186 4.64354 9.37382 2.85021
1087 2.667557161E+07 2.76185 3.54177 4.64401 9.37375 2.85024
1088 2.667567234E+07 2.76225 3.54168 4.64447 9.37368 2.85032
1089 2.667577066E+07 2.76266 3.54159 4.64492 9.37361 2.85030
1090 2.667586672E+07 2.76306 3.54150 4.64535 9.37354 2.85029
1091 2.667596033E+07 2.76345 3.54140 4.64576 9.37347 2.85031
1092 2.667605176E+07 2.76382 3.54131 4.64615 9.37341 2.85037
1093 2.667614126E+07 2.76419 3.54122 4.64651 9.37334 2.85039
1094 2.667622898E+07 2.76455 3.54113 4.64686 9.37328 2.85037
1095 2.667631489E+07 2.76490 3.54104 4.64719 9.37322 2.85038
1096 2.667639907E+07 2.76524 3.54095 4.64751 9.37316 2.85043
1097 2.667648190E+07 2.76558 3.54085 4.64782 9.37310 2.85050
1098 2.667656358E+07 2.76592 3.54076 4.64811 9.37304 2.85046
1099 2.667664438E+07 2.76625 3.54066 4.64839 9.37298 2.85046
1100 2.667672439E+07 2.76657 3.54057 4.64866 9.37292 2.85050
1101 2.667680470E+07 2.76690 3.54047 4.64893 9.37286 2.85057
1102 2.667688673E+07 2.76722 3.54038 4.64920 9.37280 2.85056
1102 2.667687032E+07 2.76718 3.54038 4.64912 9.37282 2.85057
1102 2.667685720E+07 2.76712 3.54040 4.64907 9.37283 2.85057
1103 2.667690969E+07 2.76734 3.54034 4.64930 9.37279 2.85056
1104 2.667696219E+07 2.76755 3.54029 4.64950 9.37275 2.85056
1104 2.667695169E+07 2.76752 3.54029 4.64945 9.37276 2.85056
1105 2.667699369E+07 2.76768 3.54026 4.64963 9.37273 2.85056
1106 2.667703569E+07 2.76783 3.54023 4.64979 9.37270 2.85057
1107 2.667707768E+07 2.76794 3.54021 4.64997 9.37267 2.85058
1108 2.667711968E+07 2.76802 3.54022 4.65017 9.37264 2.85058
1108 2.667711128E+07 2.76802 3.54021 4.65011 9.37264 2.85058
1108 2.667710456E+07 2.76801 3.54020 4.65008 9.37265 2.85058
1109 2.667713144E+07 2.76805 3.54022 4.65022 9.37263 2.85058
1109 2.667712606E+07 2.76805 3.54021 4.65018 9.37263 2.85058
1109 2.667712176E+07 2.76804 3.54021 4.65016 9.37263 2.85058
1109 2.667711832E+07 2.76804 3.54021 4.65014 9.37264 2.85058
1110 2.667713208E+07 2.76806 3.54022 4.65022 9.37263 2.85058
1110 2.667712933E+07 2.76806 3.54021 4.65020 9.37263 2.85058
1111 2.667714034E+07 2.76807 3.54022 4.65026 9.37262 2.85058
1112 2.667715135E+07 2.76808 3.54023 4.65031 9.37261 2.85057
1113 2.667716236E+07 2.76809 3.54024 4.65037 9.37260 2.85057
1114 2.667717337E+07 2.76810 3.54025 4.65043 9.37260 2.85057
1115 2.667718658E+07 2.76810 3.54027 4.65050 9.37259 2.85057
1116 2.667720243E+07 2.76811 3.54029 4.65060 9.37258 2.85057
1116 2.667719926E+07 2.76811 3.54028 4.65058 9.37258 2.85057
1117 2.667721195E+07 2.76811 3.54030 4.65066 9.37257 2.85057
1118 2.667722463E+07 2.76811 3.54032 4.65074 9.37256 2.85056
1119 2.667723731E+07 2.76810 3.54034 4.65081 9.37255 2.85056
1119 2.667723477E+07 2.76811 3.54033 4.65079 9.37255 2.85056
1120 2.667724492E+07 2.76810 3.54035 4.65085 9.37254 2.85056
1121 2.667725507E+07 2.76809 3.54037 4.65090 9.37254 2.85056
1122 2.667726521E+07 2.76808 3.54039 4.65095 9.37253 2.85055
1123 2.667727536E+07 2.76807 3.54040 4.65099 9.37252 2.85055
1124 2.667728753E+07 2.76806 3.54042 4.65104 9.37251 2.85055
1125 2.667730215E+07 2.76805 3.54044 4.65111 9.37250 2.85055
1126 2.667731968E+07 2.76804 3.54047 4.65118 9.37249 2.85055
1127 2.667734072E+07 2.76804 3.54049 4.65128 9.37248 2.85055
1128 2.667736596E+07 2.76807 3.54051 4.65140 9.37246 2.85055
1128 2.667736091E+07 2.76806 3.54050 4.65137 9.37246 2.85055
1129 2.667738111E+07 2.76809 3.54052 4.65148 9.37245 2.85054
1129 2.667737707E+07 2.76808 3.54051 4.65145 9.37245 2.85054
1130 2.667739323E+07 2.76811 3.54052 4.65155 9.37244 2.85054
1131 2.667740939E+07 2.76815 3.54053 4.65165 9.37243 2.85053
1132 2.667742555E+07 2.76819 3.54053 4.65176 9.37241 2.85053
1133 2.667744170E+07 2.76825 3.54053 4.65187 9.37240 2.85053
1134 2.667746109E+07 2.76832 3.54053 4.65202 9.37239 2.85053
1135 2.667748436E+07 2.76843 3.54053 4.65220 9.37237 2.85052
1136 2.667751228E+07 2.76857 3.54052 4.65244 9.37235 2.85052
1137 2.667754579E+07 2.76876 3.54050 4.65275 9.37233 2.85053
1138 2.667758600E+07 2.76901 3.54047 4.65314 9.37230 2.85053
1139 2.667763424E+07 2.76933 3.54043 4.65363 9.37226 2.85054
1140 2.667769214E+07 2.76974 3.54038 4.65423 9.37222 2.85056
1141 2.667776162E+07 2.77026 3.54030 4.65498 9.37217 2.85060
1142 2.667784499E+07 2.77093 3.54020 4.65590 9.37211 2.85056
1143 2.667794504E+07 2.77176 3.54007 4.65704 9.37203 2.85054
1144 2.667806509E+07 2.77279 3.53990 4.65843 9.37195 2.85054
1145 2.667820916E+07 2.77407 3.53969 4.66013 9.37184 2.85058
1146 2.667838204E+07 2.77566 3.53941 4.66220 9.37171 2.85051
1147 2.667857109E+07 2.77743 3.53909 4.66446 9.37157 2.85053
1148 2.667872481E+07 2.77891 3.53880 4.66626 9.37146 2.85046
1149 2.667885264E+07 2.78015 3.53855 4.66774 9.37136 2.85049
1150 2.667895662E+07 2.78116 3.53833 4.66888 9.37128 2.85049
1151 2.667903900E+07 2.78198 3.53814 4.66975 9.37122 2.85047
1151 2.667902252E+07 2.78184 3.53816 4.66956 9.37123 2.85047
1152 2.667908842E+07 2.78250 3.53802 4.67030 9.37118 2.85049
1153 2.667915432E+07 2.78319 3.53784 4.67097 9.37113 2.85056
1154 2.667922021E+07 2.78389 3.53763 4.67155 9.37108 2.85054
1155 2.667928611E+07 2.78457 3.53741 4.67205 9.37103 2.85055
1156 2.667931041E+07 2.78483 3.53733 4.67220 9.37102 2.85058
1157 2.667933430E+07 2.78506 3.53725 4.67236 9.37100 2.85061
1158 2.667935680E+07 2.78528 3.53717 4.67249 9.37098 2.85064
1159 2.667937875E+07 2.78548 3.53710 4.67261 9.37096 2.85064
1160 2.667940025E+07 2.78566 3.53704 4.67272 9.37095 2.85063
1161 2.667942135E+07 2.78583 3.53698 4.67282 9.37093 2.85064
1162 2.667944229E+07 2.78599 3.53692 4.67289 9.37092 2.85066
1163 2.667946312E+07 2.78613 3.53686 4.67296 9.37090 2.85068
1164 2.667948392E+07 2.78628 3.53681 4.67303 9.37088 2.85071
1165 2.667950473E+07 2.78643 3.53675 4.67311 9.37087 2.85074
1166 2.667952556E+07 2.78656 3.53670 4.67316 9.37085 2.85077
1167 2.667954641E+07 2.78668 3.53665 4.67321 9.37084 2.85077
1168 2.667956726E+07 2.78678 3.53661 4.67323 9.37082 2.85077
1169 2.667958804E+07 2.78687 3.53657 4.67324 9.37081 2.85077
1170 2.667960888E+07 2.78694 3.53653 4.67324 9.37079 2.85079
1171 2.667962979E+07 2.78700 3.53649 4.67321 9.37077 2.85081
1172 2.667965078E+07 2.78705 3.53646 4.67318 9.37076 2.85084
1173 2.667967189E+07 2.78708 3.53643 4.67313 9.37074 2.85088
1174 2.667969313E+07 2.78710 3.53640 4.67307 9.37073 2.85091
1175 2.667971452E+07 2.78712 3.53638 4.67300 9.37071 2.85091
1176 2.667973607E+07 2.78712 3.53636 4.67292 9.37069 2.85090
1177 2.667975766E+07 2.78711 3.53634 4.67282 9.37068 2.85091
1178 2.667977949E+07 2.78708 3.53633 4.67272 9.37066 2.85092
1179 2.667980161E+07 2.78705 3.53631 4.67260 9.37064 2.85095
1180 2.667982410E+07 2.78702 3.53630 4.67250 9.37063 2.85098
1181 2.667984708E+07 2.78699 3.53629 4.67239 9.37061 2.85101
1182 2.667987064E+07 2.78694 3.53628 4.67226 9.37059 2.85105
1183 2.667989499E+07 2.78687 3.53628 4.67210 9.37057 2.85105
1184 2.667992040E+07 2.78678 3.53628 4.67192 9.37055 2.85105
1184 2.667991532E+07 2.78680 3.53628 4.67196 9.37056 2.85104
1185 2.667993564E+07 2.78672 3.53628 4.67181 9.37054 2.85105
1185 2.667993158E+07 2.78674 3.53628 4.67184 9.37055 2.85105
1185 2.667992832E+07 2.78675 3.53628 4.67186 9.37055 2.85105
1186 2.667994133E+07 2.78670 3.53628 4.67176 9.37054 2.85105
1186 2.667993873E+07 2.78671 3.53628 4.67178 9.37054 2.85105
1187 2.667994914E+07 2.78666 3.53629 4.67170 9.37053 2.85106
1187 2.667994705E+07 2.78667 3.53628 4.67172 9.37053 2.85105
1188 2.667995538E+07 2.78663 3.53629 4.67165 9.37053 2.85106
1189 2.667996370E+07 2.78658 3.53630 4.67158 9.37052 2.85106
1190 2.667997203E+07 2.78652 3.53631 4.67150 9.37052 2.85106
1191 2.667998035E+07 2.78645 3.53632 4.67142 9.37051 2.85106
1191 2.667997869E+07 2.78646 3.53632 4.67143 9.37051 2.85106
1191 2.667997736E+07 2.78647 3.53631 4.67145 9.37051 2.85106
1191 2.667997629E+07 2.78648 3.53631 4.67146 9.37051 2.85106
1191 2.667997544E+07 2.78649 3.53631 4.67147 9.37051 2.85106
1192 2.667997885E+07 2.78646 3.53632 4.67143 9.37051 2.85106
1192 2.667997817E+07 2.78647 3.53632 4.67144 9.37051 2.85106
1192 2.667997762E+07 2.78647 3.53631 4.67145 9.37051 2.85106
1192 2.667997718E+07 2.78648 3.53631 4.67145 9.37051 2.85106
1193 2.667997893E+07 2.78646 3.53632 4.67143 9.37051 2.85106
1193 2.667997858E+07 2.78646 3.53632 4.67144 9.37051 2.85106
1194 2.667997998E+07 2.78645 3.53632 4.67142 9.37051 2.85106
1195 2.667998137E+07 2.78644 3.53632 4.67141 9.37051 2.85106
1196 2.667998277E+07 2.78643 3.53632 4.67139 9.37051 2.85106
1197 2.667998417E+07 2.78642 3.53633 4.67137 9.37051 2.85106
1198 2.667998584E+07 2.78640 3.53633 4.67135 9.37051 2.85106
1199 2.667998785E+07 2.78638 3.53633 4.67133 9.37050 2.85106
1200 2.667999027E+07 2.78636 3.53634 4.67130 9.37050 2.85106
1201 2.667999316E+07 2.78633 3.53634 4.67126 9.37050 2.85106
1202 2.667999664E+07 2.78629 3.53635 4.67122 9.37050 2.85106
1203 2.668000081E+07 2.78625 3.53636 4.67116 9.37049 2.85106
1204 2.668000581E+07 2.78619 3.53637 4.67110 9.37049 2.85106
1205 2.668001182E+07 2.78612 3.53638 4.67101 9.37049 2.85106
1206 2.668001902E+07 2.78604 3.53640 4.67091 9.37048 2.85106
1206 2.668001758E+07 2.78606 3.53639 4.67093 9.37048 2.85106
1207 2.668002335E+07 2.78599 3.53641 4.67084 9.37048 2.85106
1208 2.668002911E+07 2.78592 3.53642 4.67076 9.37047 2.85106
1209 2.668003488E+07 2.78585 3.53643 4.67067 9.37047 2.85106
1210 2.668004064E+07 2.78578 3.53645 4.67059 9.37046 2.85106
1211 2.668004756E+07 2.78570 3.53646 4.67049 9.37046 2.85106
1212 2.668005586E+07 2.78561 3.53648 4.67038 9.37045 2.85105
1213 2.668006582E+07 2.78551 3.53650 4.67025 9.37045 2.85105
1214 2.668007778E+07 2.78540 3.53652 4.67011 9.37044 2.85105
1215 2.668009212E+07 2.78528 3.53654 4.66995 9.37043 2.85105
1216 2.668010934E+07 2.78517 3.53655 4.66980 9.37041 2.85105
1217 2.668012999E+07 2.78507 3.53657 4.66966 9.37040 2.85106
1218 2.668015478E+07 2.78500 3.53657 4.66954 9.37038 2.85107
1219 2.668018453E+07 2.78498 3.53657 4.66946 9.37036 2.85109
1220 2.668022022E+07 2.78502 3.53654 4.66944 9.37033 2.85113
1221 2.668024819E+07 2.78508 3.53651 4.66946 9.37031 2.85116
1222 2.668026949E+07 2.78514 3.53649 4.66948 9.37029 2.85116
1223 2.668028853E+07 2.78520 3.53647 4.66951 9.37028 2.85116
1224 2.668030693E+07 2.78524 3.53645 4.66954 9.37026 2.85116
1225 2.668032592E+07 2.78528 3.53644 4.66955 9.37025 2.85118
1226 2.668034532E+07 2.78530 3.53643 4.66954 9.37024 2.85120
1226 2.668034144E+07 2.78530 3.53643 4.66955 9.37024 2.85119
1227 2.668035697E+07 2.78531 3.53642 4.66954 9.37023 2.85121
1228 2.668037249E+07 2.78531 3.53641 4.66952 9.37022 2.85124
1229 2.668038802E+07 2.78531 3.53641 4.66949 9.37020 2.85127
1230 2.668040354E+07 2.78530 3.53640 4.66945 9.37019 2.85130
1231 2.668041865E+07 2.78528 3.53640 4.66940 9.37018 2.85129
1232 2.668043252E+07 2.78529 3.53639 4.66939 9.37017 2.85129
1233 2.668044569E+07 2.78529 3.53639 4.66937 9.37016 2.85130
1234 2.668045847E+07 2.78528 3.53639 4.66935 9.37015 2.85131
1235 2.668047101E+07 2.78526 3.53639 4.66931 9.37014 2.85133
1236 2.668048336E+07 2.78522 3.53639 4.66926 9.37013 2.85135
1237 2.668049558E+07 2.78518 3.53640 4.66919 9.37012 2.85138
1238 2.668050761E+07 2.78513 3.53640 4.66911 9.37011 2.85141
1239 2.668051941E+07 2.78506 3.53641 4.66902 9.37011 2.85145
1240 2.668053092E+07 2.78499 3.53643 4.66892 9.37010 2.85145
1241 2.668054204E+07 2.78491 3.53644 4.66881 9.37009 2.85145
1242 2.668055263E+07 2.78482 3.53645 4.66869 9.37008 2.85145
1243 2.668056276E+07 2.78473 3.53647 4.66857 9.37007 2.85146
1244 2.668057249E+07 2.78463 3.53648 4.66844 9.37007 2.85147
1245 2.668058184E+07 2.78453 3.53650 4.66831 9.37006 2.85149
1246 2.668059085E+07 2.78443 3.53652 4.66818 9.37005 2.85151
1247 2.668059957E+07 2.78432 3.53654 4.66804 9.37005 2.85154
1248 2.668060804E+07 2.78422 3.53656 4.66792 9.37004 2.85157
1249 2.668061635E+07 2.78413 3.53658 4.66781 9.37003 2.85161
1250 2.668062450E+07 2.78403 3.53660 4.66769 9.37003 2.85161
1251 2.668063257E+07 2.78392 3.53662 4.66756 9.37002 2.85161
1251 2.668063096E+07 2.78395 3.53661 4.66759 9.37002 2.85161
1251 2.668062967E+07 2.78397 3.53661 4.66761 9.37002 2.85161
1252 2.668063484E+07 2.78389 3.53662 4.66752 9.37002 2.85161
1253 2.668064001E+07 2.78382 3.53664 4.66742 9.37002 2.85161
1253 2.668063815E+07 2.78385 3.53663 4.66746 9.37002 2.85161
1253 2.668063748E+07 2.78386 3.53663 4.66747 9.37002 2.85161
1254 2.668064013E+07 2.78382 3.53664 4.66742 9.37002 2.85161
1254 2.668063960E+07 2.78383 3.53664 4.66743 9.37002 2.85161
1255 2.668064172E+07 2.78379 3.53664 4.66739 9.37001 2.85161
1256 2.668064384E+07 2.78376 3.53664 4.66733 9.37001 2.85162
1257 2.668064595E+07 2.78371 3.53665 4.66727 9.37001 2.85162
1257 2.668064553E+07 2.78372 3.53665 4.66728 9.37001 2.85162
1258 2.668064723E+07 2.78369 3.53665 4.66722 9.37001 2.85162
1259 2.668064892E+07 2.78364 3.53665 4.66715 9.37001 2.85162
1260 2.668065061E+07 2.78360 3.53666 4.66707 9.37001 2.85162
1260 2.668065027E+07 2.78361 3.53666 4.66709 9.37001 2.85162
1261 2.668065163E+07 2.78357 3.53666 4.66702 9.37001 2.85162
1262 2.668065299E+07 2.78352 3.53666 4.66695 9.37001 2.85162
1263 2.668065434E+07 2.78348 3.53667 4.66686 9.37001 2.85162
1264 2.668065570E+07 2.78342 3.53667 4.66678 9.37000 2.85162
1265 2.668065732E+07 2.78336 3.53668 4.66668 9.37000 2.85162
1266 2.668065927E+07 2.78329 3.53669 4.66657 9.37000 2.85162
1266 2.668065888E+07 2.78330 3.53669 4.66659 9.37000 2.85162
1266 2.668065857E+07 2.78332 3.53668 4.66661 9.37000 2.85162
1267 2.668065982E+07 2.78327 3.53669 4.66654 9.37000 2.85162
1268 2.668066107E+07 2.78323 3.53669 4.66648 9.37000 2.85162
1268 2.668066082E+07 2.78324 3.53669 4.66649 9.37000 2.85162
1269 2.668066182E+07 2.78320 3.53670 4.66644 9.37000 2.85162
1270 2.668066282E+07 2.78317 3.53670 4.66639 9.37000 2.85162
1271 2.668066382E+07 2.78314 3.53671 4.66634 9.37000 2.85162
1272 2.668066482E+07 2.78310 3.53671 4.66628 9.37000 2.85162
1273 2.668066602E+07 2.78306 3.53672 4.66622 9.37000 2.85162
1274 2.668066746E+07 2.78301 3.53672 4.66616 9.37000 2.85162
1275 2.668066918E+07 2.78296 3.53673 4.66608 9.36999 2.85162
1276 2.668067125E+07 2.78290 3.53674 4.66599 9.36999 2.85162
1277 2.668067374E+07 2.78283 3.53675 4.66590 9.36999 2.85162
1278 2.668067672E+07 2.78275 3.53676 4.66580 9.36999 2.85162
1279 2.668068031E+07 2.78267 3.53678 4.66570 9.36999 2.85163
1280 2.668068460E+07 2.78258 3.53680 4.66560 9.36998 2.85163
1281 2.668068976E+07 2.78250 3.53681 4.66549 9.36998 2.85164
1282 2.668069494E+07 2.78242 3.53683 4.66541 9.36997 2.85165
1283 2.668070018E+07 2.78235 3.53685 4.66534 9.36997 2.85166
1284 2.668070544E+07 2.78229 3.53687 4.66528 9.36997 2.85168
1285 2.668071062E+07 2.78223 3.53688 4.66523 9.36996 2.85170
1286 2.668071562E+07 2.78218 3.53690 4.66519 9.36996 2.85173
1287 2.668072036E+07 2.78213 3.53692 4.66516 9.36996 2.85175
1288 2.668072476E+07 2.78208 3.53693 4.66513 9.36995 2.85179
1289 2.668072883E+07 2.78204 3.53695 4.66511 9.36995 2.85179
1290 2.668073260E+07 2.78199 3.53697 4.66509 9.36995 2.85179
1291 2.668073610E+07 2.78195 3.53698 4.66507 9.36994 2.85179
1292 2.668073934E+07 2.78191 3.53700 4.66506 9.36994 2.85180
1293 2.668074237E+07 2.78187 3.53702 4.66505 9.36994 2.85180
1294 2.668074521E+07 2.78184 3.53703 4.66506 9.36994 2.85181
1295 2.668074788E+07 2.78182 3.53705 4.66508 9.36994 2.85183
1296 2.668075039E+07 2.78180 3.53706 4.66510 9.36993 2.85184
1297 2.668075276E+07 2.78179 3.53708 4.66513 9.36993 2.85186
1298 2.668075500E+07 2.78177 3.53709 4.66516 9.36993 2.85189
1299 2.668075712E+07 2.78175 3.53711 4.66518 9.36993 2.85191
1300 2.668075913E+07 2.78173 3.53713 4.66521 9.36993 2.85194
