1 3.973447000E+04 0.61670 4.42687 3.89413 10.99993 0.00004
2 7.247025965E+04 0.61685 4.42683 3.89428 10.99987 0.00004
3 1.117532072E+05 0.61731 4.42668 3.89460 10.99980 0.00004
4 1.588927443E+05 0.61791 4.42651 3.89512 10.99972 0.00004
5 2.154601888E+05 0.61864 4.42631 3.89577 10.99962 0.00004
6 2.833411223E+05 0.61950 4.42608 3.89657 10.99949 0.00004
7 3.647982424E+05 0.62051 4.42582 3.89754 10.99934 0.00004
8 4.625467865E+05 0.62171 4.42551 3.89871 10.99916 0.00004
9 5.798450394E+05 0.62312 4.42517 3.90014 10.99893 0.00004
10 7.206029430E+05 0.62477 4.42477 3.90186 10.99865 0.00004
11 8.895124272E+05 0.62672 4.42432 3.90395 10.99831 0.00004
12 1.092203808E+06 0.62901 4.42381 3.90650 10.99788 0.00004
13 1.335433466E+06 0.63169 4.42325 3.90961 10.99735 0.00004
14 1.627309054E+06 0.63484 4.42262 3.91339 10.99669 0.00004
15 1.964269181E+06 0.63841 4.42195 3.91784 10.99588 0.00004
16 2.310799089E+06 0.64203 4.42130 3.92250 10.99501 0.00004
17 2.665024293E+06 0.64570 4.42067 3.92733 10.99408 0.00004
18 3.024847465E+06 0.64943 4.42006 3.93233 10.99309 0.00003
19 3.387909369E+06 0.65319 4.41946 3.93745 10.99205 0.00003
20 3.751928483E+06 0.65698 4.41887 3.94267 10.99095 0.00003
21 4.115436952E+06 0.66079 4.41829 3.94796 10.98981 0.00003
22 4.477341571E+06 0.66462 4.41771 3.95331 10.98862 0.00003
23 4.836702959E+06 0.66848 4.41713 3.95870 10.98738 0.00003
24 5.192622850E+06 0.67236 4.41654 3.96412 10.98610 0.00003
25 5.544111133E+06 0.67627 4.41594 3.96954 10.98477 0.00003
26 5.889818996E+06 0.68022 4.41532 3.97494 10.98341 0.00003
27 6.227823465E+06 0.68418 4.41467 3.98029 10.98201 0.00003
28 6.558548608E+06 0.68813 4.41403 3.98561 10.98059 0.00003
29 6.884472739E+06 0.69210 4.41337 3.99094 10.97912 0.00003
30 7.205620408E+06 0.69609 4.41271 3.99628 10.97760 0.00003
31 7.521833006E+06 0.70010 4.41204 4.00160 10.97604 0.00003
32 7.833012673E+06 0.70414 4.41135 4.00692 10.97444 0.00003
33 8.138996010E+06 0.70819 4.41065 4.01222 10.97279 0.00003
34 8.439669280E+06 0.71226 4.40994 4.01750 10.97110 0.00003
35 8.734913726E+06 0.71634 4.40921 4.02275 10.96937 0.00002
36 9.024576334E+06 0.72045 4.40846 4.02797 10.96759 0.00002
37 9.308475586E+06 0.72458 4.40769 4.03316 10.96577 0.00002
38 9.586281948E+06 0.72874 4.40689 4.03829 10.96390 0.00002
39 9.857211244E+06 0.73293 4.40606 4.04334 10.96201 0.00002
40 1.011994282E+07 0.73711 4.40521 4.04830 10.96008 0.00002
41 1.037538594E+07 0.74128 4.40434 4.05317 10.95813 0.00002
42 1.062558991E+07 0.74546 4.40346 4.05801 10.95614 0.00002
43 1.087088437E+07 0.74966 4.40256 4.06281 10.95411 0.00003
44 1.111129053E+07 0.75387 4.40165 4.06757 10.95202 0.00003
45 1.134684913E+07 0.75810 4.40071 4.07229 10.94990 0.00003
46 1.157762504E+07 0.76234 4.39976 4.07697 10.94773 0.00003
47 1.180369904E+07 0.76659 4.39879 4.08160 10.94551 0.00003
48 1.202509902E+07 0.77087 4.39780 4.08619 10.94325 0.00003
49 1.224187803E+07 0.77515 4.39680 4.09074 10.94094 0.00003
50 1.245402828E+07 0.77946 4.39577 4.09523 10.93860 0.00003
51 1.266146077E+07 0.78380 4.39471 4.09970 10.93621 0.00003
52 1.286358884E+07 0.78817 4.39363 4.10410 10.93378 0.00003
53 1.306011031E+07 0.79255 4.39252 4.10841 10.93133 0.00003
54 1.325052441E+07 0.79691 4.39139 4.11262 10.92886 0.00003
55 1.343620418E+07 0.80127 4.39025 4.11677 10.92636 0.00003
56 1.361804275E+07 0.80564 4.38909 4.12087 10.92382 0.00003
57 1.379619869E+07 0.81003 4.38791 4.12493 10.92123 0.00003
58 1.397073296E+07 0.81443 4.38671 4.12895 10.91860 0.00003
59 1.414169574E+07 0.81885 4.38550 4.13293 10.91593 0.00003
60 1.430911600E+07 0.82329 4.38426 4.13687 10.91322 0.00004
61 1.447308804E+07 0.82773 4.38301 4.14076 10.91046 0.00004
62 1.463368941E+07 0.83220 4.38174 4.14460 10.90766 0.00004
63 1.479094913E+07 0.83667 4.38045 4.14840 10.90483 0.00004
64 1.494487916E+07 0.84117 4.37914 4.15215 10.90195 0.00004
65 1.509548761E+07 0.84568 4.37781 4.15585 10.89904 0.00004
66 1.524269201E+07 0.85020 4.37646 4.15949 10.89609 0.00004
67 1.538626949E+07 0.85475 4.37508 4.16306 10.89312 0.00004
68 1.552581221E+07 0.85931 4.37367 4.16655 10.89013 0.00004
69 1.566135389E+07 0.86383 4.37226 4.16997 10.88714 0.00004
70 1.579395074E+07 0.86837 4.37084 4.17334 10.88411 0.00005
71 1.592394159E+07 0.87294 4.36939 4.17670 10.88105 0.00005
72 1.605103420E+07 0.87752 4.36793 4.18002 10.87796 0.00005
73 1.617551636E+07 0.88211 4.36646 4.18330 10.87483 0.00005
74 1.629751968E+07 0.88672 4.36496 4.18653 10.87168 0.00005
75 1.641709655E+07 0.89133 4.36346 4.18973 10.86849 0.00005
76 1.653430236E+07 0.89596 4.36193 4.19289 10.86527 0.00005
77 1.664918179E+07 0.90061 4.36039 4.19601 10.86202 0.00006
78 1.676175733E+07 0.90526 4.35883 4.19909 10.85874 0.00006
79 1.687207015E+07 0.90993 4.35726 4.20213 10.85543 0.00006
80 1.698011596E+07 0.91461 4.35567 4.20513 10.85210 0.00006
81 1.708586933E+07 0.91931 4.35406 4.20809 10.84874 0.00006
82 1.718926251E+07 0.92402 4.35243 4.21099 10.84537 0.00007
83 1.729012613E+07 0.92873 4.35078 4.21383 10.84204 0.00007
84 1.738833151E+07 0.93344 4.34913 4.21662 10.83876 0.00007
85 1.748430379E+07 0.93813 4.34747 4.21937 10.83552 0.00007
86 1.757847728E+07 0.94283 4.34580 4.22210 10.83231 0.00008
87 1.767096870E+07 0.94754 4.34412 4.22480 10.82912 0.00008
88 1.776179577E+07 0.95227 4.34242 4.22748 10.82596 0.00008
89 1.785100398E+07 0.95700 4.34072 4.23013 10.82283 0.00009
90 1.793863180E+07 0.96177 4.33900 4.23278 10.81973 0.00009
91 1.802448099E+07 0.96655 4.33726 4.23541 10.81665 0.00009
92 1.810865316E+07 0.97133 4.33553 4.23801 10.81361 0.00010
93 1.819134236E+07 0.97612 4.33378 4.24059 10.81060 0.00010
94 1.827262472E+07 0.98092 4.33202 4.24315 10.80761 0.00011
95 1.835251941E+07 0.98572 4.33026 4.24570 10.80464 0.00011
96 1.843106190E+07 0.99052 4.32848 4.24822 10.80170 0.00012
97 1.850823510E+07 0.99534 4.32670 4.25072 10.79878 0.00012
98 1.858400733E+07 1.00015 4.32492 4.25320 10.79590 0.00013
99 1.865830480E+07 1.00494 4.32313 4.25564 10.79304 0.00014
100 1.873120519E+07 1.00971 4.32135 4.25808 10.79022 2.43153
101 1.880296330E+07 1.01409 4.31971 4.26028 10.78742 2.46828
102 1.883884236E+07 1.01636 4.31886 4.26141 10.78601 2.47745
103 1.888189723E+07 1.01920 4.31780 4.26286 10.78431 2.48524
104 1.893356308E+07 1.02263 4.31653 4.26463 10.78227 2.49237
105 1.899556209E+07 1.02678 4.31499 4.26679 10.77979 2.49868
106 1.906996091E+07 1.03183 4.31314 4.26945 10.77679 2.50382
107 1.914724730E+07 1.03706 4.31123 4.27228 10.77365 2.50702
108 1.922356449E+07 1.04218 4.30939 4.27515 10.77051 2.50840
109 1.929894900E+07 1.04712 4.30764 4.27805 10.76737 2.50810
110 1.937350782E+07 1.05179 4.30605 4.28103 10.76423 2.50629
111 1.944740019E+07 1.05609 4.30467 4.28411 10.76109 2.50439
112 1.952075491E+07 1.05983 4.30361 4.28735 10.75791 2.50277
113 1.959173503E+07 1.06267 4.30303 4.29072 10.75480 2.50128
114 1.965499169E+07 1.06412 4.30314 4.29403 10.75197 2.49978
115 1.970716680E+07 1.06407 4.30393 4.29711 10.74960 2.49857
116 1.974727254E+07 1.06278 4.30526 4.29983 10.74774 2.49768
117 1.977596827E+07 1.06086 4.30679 4.30212 10.74639 2.49705
118 1.979745583E+07 1.05859 4.30843 4.30413 10.74536 2.49660
119 1.981414070E+07 1.05609 4.31013 4.30595 10.74456 2.49627
120 1.982746126E+07 1.05345 4.31188 4.30766 10.74390 2.49602
121 1.983830460E+07 1.05071 4.31366 4.30929 10.74337 2.49588
122 1.984727355E+07 1.04793 4.31544 4.31089 10.74291 2.49592
123 1.985478820E+07 1.04513 4.31724 4.31245 10.74253 2.49599
124 1.986116456E+07 1.04233 4.31903 4.31401 10.74220 2.49605
125 1.986663322E+07 1.03953 4.32081 4.31557 10.74192 2.49612
126 1.987135481E+07 1.03676 4.32260 4.31715 10.74167 2.49618
127 1.987545053E+07 1.03402 4.32437 4.31876 10.74145 2.49625
128 1.987901457E+07 1.03133 4.32613 4.32041 10.74126 2.49631
129 1.988212096E+07 1.02870 4.32787 4.32211 10.74109 2.49638
130 1.988483355E+07 1.02614 4.32958 4.32386 10.74094 2.49644
131 1.988720130E+07 1.02367 4.33127 4.32568 10.74080 2.49651
132 1.988926675E+07 1.02131 4.33292 4.32753 10.74068 2.49656
133 1.989106612E+07 1.01907 4.33451 4.32943 10.74058 2.49656
134 1.989263806E+07 1.01695 4.33605 4.33137 10.74049 2.49638
135 1.989401322E+07 1.01496 4.33754 4.33335 10.74041 2.49609
136 1.989521706E+07 1.01310 4.33898 4.33537 10.74033 2.49576
137 1.989626922E+07 1.01137 4.34036 4.33741 10.74027 2.49537
138 1.989718669E+07 1.00977 4.34166 4.33943 10.74021 2.49491
139 1.989798577E+07 1.00831 4.34289 4.34142 10.74016 2.49439
140 1.989868318E+07 1.00698 4.34405 4.34338 10.74012 2.49380
141 1.989929154E+07 1.00577 4.34512 4.34527 10.74008 2.49313
142 1.989982126E+07 1.00468 4.34612 4.34708 10.74004 2.49240
143 1.990028373E+07 1.00371 4.34703 4.34879 10.74001 2.49159
144 1.990068697E+07 1.00283 4.34787 4.35040 10.73999 2.49071
145 1.990103899E+07 1.00206 4.34863 4.35188 10.73996 2.48977
146 1.990134597E+07 1.00137 4.34931 4.35321 10.73994 2.48877
147 1.990161674E+07 1.00076 4.34989 4.35434 10.73992 2.48768
148 1.990184373E+07 1.00028 4.35035 4.35520 10.73991 2.48670
149 1.990206626E+07 0.99982 4.35076 4.35592 10.73989 2.48571
150 1.990228598E+07 0.99941 4.35110 4.35647 10.73988 2.48471
151 1.990250683E+07 0.99903 4.35139 4.35687 10.73986 2.48369
152 1.990273069E+07 0.99868 4.35162 4.35709 10.73985 2.48267
153 1.990295900E+07 0.99838 4.35178 4.35711 10.73983 2.48168
154 1.990319414E+07 0.99813 4.35185 4.35691 10.73981 2.48073
155 1.990343748E+07 0.99793 4.35184 4.35646 10.73980 2.47929
156 1.990369016E+07 0.99781 4.35172 4.35574 10.73978 2.47765
157 1.990395410E+07 0.99776 4.35149 4.35471 10.73976 2.47588
158 1.990422925E+07 0.99781 4.35113 4.35337 10.73974 2.47402
159 1.990451544E+07 0.99797 4.35063 4.35170 10.73972 2.47214
160 1.990481083E+07 0.99827 4.34999 4.34973 10.73970 2.47032
161 1.990511420E+07 0.99873 4.34920 4.34748 10.73968 2.46869
162 1.990542440E+07 0.99936 4.34826 4.34500 10.73966 2.46681
163 1.990574012E+07 1.00018 4.34718 4.34235 10.73964 2.46434
164 1.990606112E+07 1.00123 4.34597 4.33958 10.73962 2.46194
165 1.990638705E+07 1.00252 4.34462 4.33675 10.73960 2.45967
166 1.990671634E+07 1.00407 4.34314 4.33395 10.73958 2.45762
167 1.990704847E+07 1.00590 4.34154 4.33122 10.73956 2.45587
168 1.990738272E+07 1.00803 4.33984 4.32864 10.73954 2.45430
169 1.990771826E+07 1.01045 4.33803 4.32626 10.73953 2.45190
170 1.990805479E+07 1.01319 4.33613 4.32413 10.73951 2.44965
171 1.990839323E+07 1.01624 4.33414 4.32228 10.73949 2.44759
172 1.990873193E+07 1.01959 4.33208 4.32074 10.73947 2.44574
173 1.990906994E+07 1.02323 4.32996 4.31953 10.73945 2.44412
174 1.990940607E+07 1.02712 4.32779 4.31865 10.73943 2.44274
175 1.990973991E+07 1.03124 4.32560 4.31810 10.73941 2.44161
176 1.991007122E+07 1.03556 4.32337 4.31786 10.73940 2.43971
177 1.991039989E+07 1.04006 4.32114 4.31791 10.73938 2.43795
178 1.991072607E+07 1.04471 4.31889 4.31821 10.73936 2.43633
179 1.991104975E+07 1.04950 4.31663 4.31875 10.73935 2.43486
180 1.991137115E+07 1.05439 4.31437 4.31950 10.73933 2.43353
181 1.991169051E+07 1.05938 4.31211 4.32042 10.73931 2.43234
182 1.991200808E+07 1.06444 4.30984 4.32149 10.73929 2.43130
183 1.991232425E+07 1.06957 4.30758 4.32269 10.73928 2.43040
184 1.991263940E+07 1.07476 4.30531 4.32400 10.73926 2.42945
185 1.991295393E+07 1.07999 4.30304 4.32539 10.73925 2.42806
186 1.991326791E+07 1.08526 4.30077 4.32685 10.73923 2.42674
187 1.991358115E+07 1.09055 4.29851 4.32836 10.73921 2.42551
188 1.991389483E+07 1.09586 4.29624 4.32991 10.73920 2.42436
189 1.991420933E+07 1.10120 4.29396 4.33148 10.73918 2.42330
190 1.991452499E+07 1.10657 4.29167 4.33307 10.73916 2.42231
191 1.991484213E+07 1.11195 4.28938 4.33467 10.73915 2.42142
192 1.991516100E+07 1.11736 4.28708 4.33626 10.73913 2.42061
193 1.991548193E+07 1.12278 4.28476 4.33784 10.73911 2.41989
194 1.991580525E+07 1.12822 4.28243 4.33941 10.73909 2.41908
195 1.991613101E+07 1.13368 4.28009 4.34097 10.73908 2.41790
196 1.991645900E+07 1.13915 4.27774 4.34249 10.73906 2.41677
197 1.991678881E+07 1.14462 4.27538 4.34399 10.73904 2.41570
198 1.991712130E+07 1.15010 4.27300 4.34545 10.73902 2.41468
199 1.991745652E+07 1.15560 4.27061 4.34687 10.73900 2.41373
200 1.991779453E+07 1.16111 4.26820 4.34826 10.73899 2.41285
201 1.991813533E+07 1.16663 4.26578 4.34961 10.73897 2.41203
202 1.991847895E+07 1.17217 4.26334 4.35092 10.73895 2.41129
203 1.991882536E+07 1.17772 4.26088 4.35219 10.73893 2.41061
204 1.991917453E+07 1.18328 4.25840 4.35342 10.73891 2.40993
205 1.991952641E+07 1.18886 4.25591 4.35460 10.73889 2.40884
206 1.991988076E+07 1.19445 4.25340 4.35575 10.73887 2.40779
207 1.992023667E+07 1.20003 4.25089 4.35686 10.73885 2.40680
208 1.992059550E+07 1.20562 4.24836 4.35792 10.73883 2.40587
209 1.992095687E+07 1.21123 4.24581 4.35894 10.73882 2.40498
210 1.992132063E+07 1.21686 4.24324 4.35992 10.73880 2.40416
211 1.992168665E+07 1.22250 4.24065 4.36086 10.73878 2.40339
212 1.992205481E+07 1.22816 4.23805 4.36177 10.73876 2.40269
213 1.992242499E+07 1.23383 4.23543 4.36263 10.73874 2.40204
214 1.992279705E+07 1.23952 4.23279 4.36346 10.73872 2.40142
215 1.992317089E+07 1.24523 4.23014 4.36425 10.73870 2.40041
216 1.992354625E+07 1.25095 4.22747 4.36500 10.73868 2.39945
217 1.992392179E+07 1.25667 4.22479 4.36572 10.73866 2.39854
218 1.992429869E+07 1.26240 4.22209 4.36640 10.73864 2.39768
219 1.992467679E+07 1.26816 4.21937 4.36704 10.73862 2.39686
220 1.992505596E+07 1.27392 4.21664 4.36765 10.73860 2.39610
221 1.992543664E+07 1.27970 4.21390 4.36823 10.73858 2.39538
222 1.992581842E+07 1.28550 4.21113 4.36877 10.73856 2.39470
223 1.992620092E+07 1.29132 4.20835 4.36927 10.73854 2.39408
224 1.992658396E+07 1.29716 4.20555 4.36975 10.73852 2.39350
225 1.992696738E+07 1.30302 4.20273 4.37019 10.73850 2.39267
226 1.992735101E+07 1.30890 4.19989 4.37060 10.73848 2.39179
227 1.992773343E+07 1.31478 4.19704 4.37097 10.73846 2.39096
228 1.992811541E+07 1.32067 4.19418 4.37132 10.73844 2.39017
229 1.992849706E+07 1.32658 4.19130 4.37163 10.73842 2.38941
230 1.992887818E+07 1.33251 4.18841 4.37190 10.73840 2.38870
231 1.992925857E+07 1.33846 4.18550 4.37215 10.73838 2.38802
232 1.992963804E+07 1.34442 4.18257 4.37236 10.73836 2.38737
233 1.993001648E+07 1.35038 4.17963 4.37254 10.73834 2.38676
234 1.993039462E+07 1.35637 4.17668 4.37269 10.73833 2.38619
235 1.993077144E+07 1.36237 4.17371 4.37281 10.73831 2.38564
236 1.993114668E+07 1.36839 4.17072 4.37290 10.73829 2.38492
237 1.993152013E+07 1.37443 4.16772 4.37297 10.73827 2.38416
238 1.993189035E+07 1.38046 4.16471 4.37300 10.73825 2.38344
239 1.993225808E+07 1.38650 4.16169 4.37300 10.73824 2.38275
240 1.993262348E+07 1.39255 4.15866 4.37297 10.73822 2.38209
241 1.993298638E+07 1.39861 4.15561 4.37291 10.73820 2.38146
242 1.993334663E+07 1.40468 4.15255 4.37282 10.73819 2.38085
243 1.993370404E+07 1.41076 4.14948 4.37271 10.73817 2.38027
244 1.993405848E+07 1.41685 4.14641 4.37256 10.73815 2.37971
245 1.993441017E+07 1.42292 4.14333 4.37239 10.73814 2.37917
246 1.993475991E+07 1.42902 4.14023 4.37219 10.73812 2.37865
247 1.993510660E+07 1.43514 4.13711 4.37196 10.73811 2.37815
248 1.993545013E+07 1.44126 4.13398 4.37171 10.73809 2.37767
249 1.993579045E+07 1.44740 4.13084 4.37143 10.73808 2.37707
250 1.993612753E+07 1.45356 4.12769 4.37112 10.73806 2.37647
251 1.993646017E+07 1.45970 4.12454 4.37079 10.73805 2.37589
252 1.993678944E+07 1.46586 4.12137 4.37044 10.73803 2.37533
253 1.993711541E+07 1.47204 4.11818 4.37006 10.73802 2.37479
254 1.993743810E+07 1.47823 4.11499 4.36965 10.73801 2.37426
255 1.993775748E+07 1.48443 4.11178 4.36922 10.73799 2.37375
256 1.993807399E+07 1.49062 4.10857 4.36876 10.73798 2.37326
257 1.993838855E+07 1.49685 4.10533 4.36828 10.73797 2.37277
258 1.993869984E+07 1.50311 4.10208 4.36778 10.73796 2.37230
259 1.993900781E+07 1.50939 4.09881 4.36725 10.73794 2.37184
260 1.993931243E+07 1.51569 4.09552 4.36669 10.73793 2.37140
261 1.993961372E+07 1.52202 4.09221 4.36612 10.73792 2.37096
262 1.993991167E+07 1.52836 4.08889 4.36552 10.73791 2.37053
263 1.994020630E+07 1.53474 4.08555 4.36491 10.73790 2.37012
264 1.994049761E+07 1.54113 4.08219 4.36427 10.73789 2.36971
265 1.994078560E+07 1.54756 4.07881 4.36360 10.73788 2.36931
266 1.994107027E+07 1.55396 4.07544 4.36292 10.73787 2.36888
267 1.994135301E+07 1.56041 4.07204 4.36222 10.73786 2.36843
268 1.994163252E+07 1.56688 4.06862 4.36150 10.73785 2.36799
269 1.994190823E+07 1.57338 4.06519 4.36075 10.73784 2.36757
270 1.994218046E+07 1.57989 4.06174 4.35999 10.73783 2.36715
271 1.994244917E+07 1.58643 4.05828 4.35922 10.73783 2.36675
272 1.994271434E+07 1.59299 4.05480 4.35842 10.73782 2.36636
273 1.994297594E+07 1.59957 4.05130 4.35761 10.73781 2.36598
274 1.994323398E+07 1.60618 4.04780 4.35678 10.73780 2.36560
275 1.994348844E+07 1.61279 4.04428 4.35594 10.73780 2.36524
276 1.994373944E+07 1.61939 4.04076 4.35508 10.73779 2.36489
277 1.994398816E+07 1.62601 4.03724 4.35421 10.73778 2.36454
278 1.994423467E+07 1.63268 4.03368 4.35331 10.73777 2.36419
279 1.994447787E+07 1.63938 4.03010 4.35240 10.73777 2.36386
280 1.994471785E+07 1.64610 4.02651 4.35147 10.73776 2.36353
281 1.994495475E+07 1.65286 4.02289 4.35053 10.73775 2.36321
282 1.994518870E+07 1.65965 4.01926 4.34957 10.73775 2.36289
283 1.994541983E+07 1.66648 4.01560 4.34860 10.73774 2.36258
284 1.994564830E+07 1.67335 4.01192 4.34761 10.73773 2.36228
285 1.994587429E+07 1.68025 4.00821 4.34660 10.73773 2.36197
286 1.994609803E+07 1.68716 4.00450 4.34557 10.73772 2.36168
287 1.994632051E+07 1.69412 4.00076 4.34452 10.73771 2.36138
288 1.994654182E+07 1.70117 3.99697 4.34345 10.73770 2.36109
289 1.994676083E+07 1.70827 3.99315 4.34236 10.73770 2.36080
290 1.994697772E+07 1.71544 3.98928 4.34125 10.73769 2.36051
291 1.994719273E+07 1.72267 3.98538 4.34012 10.73768 2.36022
292 1.994740615E+07 1.72999 3.98143 4.33896 10.73767 2.35994
293 1.994761831E+07 1.73740 3.97744 4.33778 10.73767 2.35966
294 1.994782959E+07 1.74490 3.97338 4.33657 10.73766 2.35938
295 1.994804049E+07 1.75252 3.96926 4.33533 10.73765 2.35909
296 1.994825165E+07 1.76029 3.96506 4.33405 10.73764 2.35880
297 1.994846317E+07 1.76814 3.96080 4.33273 10.73764 2.35851
298 1.994867746E+07 1.77625 3.95640 4.33135 10.73763 2.35820
299 1.994889360E+07 1.78460 3.95187 4.32991 10.73762 2.35789
300 1.994911218E+07 1.79321 3.94719 4.32841 10.73761 2.35756
301 1.994933445E+07 1.80215 3.94233 4.32683 10.73760 2.35723
302 1.994956188E+07 1.81148 3.93724 4.32516 10.73759 2.35688
303 1.994979620E+07 1.82131 3.93188 4.32337 10.73758 2.35650
304 1.995003926E+07 1.83173 3.92618 4.32144 10.73757 2.35610
305 1.995029022E+07 1.84273 3.92016 4.31935 10.73756 2.35567
306 1.995052639E+07 1.85328 3.91437 4.31729 10.73755 2.35524
307 1.995072789E+07 1.86243 3.90933 4.31542 10.73754 2.35486
308 1.995089924E+07 1.87031 3.90497 4.31375 10.73753 2.35452
309 1.995104717E+07 1.87720 3.90115 4.31224 10.73752 2.35421
310 1.995117726E+07 1.88335 3.89773 4.31085 10.73752 2.35393
311 1.995129384E+07 1.88891 3.89463 4.30957 10.73751 2.35368
312 1.995140067E+07 1.89398 3.89180 4.30839 10.73751 2.35344
313 1.995150143E+07 1.89883 3.88908 4.30723 10.73750 2.35321
314 1.995159609E+07 1.90343 3.88650 4.30611 10.73750 2.35298
315 1.995168596E+07 1.90781 3.88404 4.30503 10.73749 2.35276
316 1.995177275E+07 1.91210 3.88163 4.30396 10.73749 2.35255
317 1.995185613E+07 1.91627 3.87928 4.30292 10.73748 2.35235
318 1.995193643E+07 1.92036 3.87698 4.30188 10.73748 2.35215
319 1.995201399E+07 1.92437 3.87472 4.30087 10.73747 2.35196
320 1.995208909E+07 1.92824 3.87255 4.29991 10.73747 2.35178
321 1.995216366E+07 1.93208 3.87038 4.29894 10.73746 2.35160
322 1.995223698E+07 1.93593 3.86821 4.29795 10.73746 2.35143
323 1.995230851E+07 1.93967 3.86610 4.29699 10.73746 2.35125
324 1.995237949E+07 1.94343 3.86398 4.29601 10.73745 2.35108
325 1.995244936E+07 1.94719 3.86185 4.29503 10.73745 2.35091
326 1.995251806E+07 1.95096 3.85972 4.29404 10.73744 2.35075
327 1.995258567E+07 1.95473 3.85759 4.29306 10.73744 2.35058
328 1.995265228E+07 1.95844 3.85550 4.29213 10.73744 2.35041
329 1.995271974E+07 1.96220 3.85339 4.29118 10.73743 2.35025
330 1.995278734E+07 1.96602 3.85122 4.29019 10.73743 2.35009
331 1.995285412E+07 1.96980 3.84909 4.28921 10.73742 2.34993
332 1.995292138E+07 1.97365 3.84692 4.28820 10.73742 2.34977
333 1.995298831E+07 1.97754 3.84471 4.28718 10.73742 2.34961
334 1.995305480E+07 1.98148 3.84248 4.28615 10.73741 2.34946
335 1.995312082E+07 1.98547 3.84023 4.28510 10.73741 2.34931
336 1.995318638E+07 1.98944 3.83800 4.28412 10.73740 2.34916
337 1.995325284E+07 1.99346 3.83574 4.28311 10.73740 2.34901
338 1.995331976E+07 1.99757 3.83341 4.28204 10.73739 2.34886
339 1.995338614E+07 2.00165 3.83111 4.28100 10.73739 2.34871
340 1.995345326E+07 2.00582 3.82876 4.27991 10.73738 2.34856
341 1.995352028E+07 2.01004 3.82637 4.27880 10.73738 2.34840
342 1.995358705E+07 2.01433 3.82394 4.27767 10.73738 2.34826
343 1.995365382E+07 2.01869 3.82148 4.27652 10.73737 2.34811
344 1.995372025E+07 2.02305 3.81902 4.27541 10.73737 2.34796
345 1.995378727E+07 2.02744 3.81655 4.27432 10.73736 2.34782
346 1.995385525E+07 2.03196 3.81399 4.27314 10.73736 2.34768
347 1.995392288E+07 2.03649 3.81143 4.27196 10.73735 2.34753
348 1.995399111E+07 2.04109 3.80883 4.27075 10.73735 2.34739
349 1.995405979E+07 2.04580 3.80617 4.26950 10.73734 2.34725
350 1.995412843E+07 2.05059 3.80345 4.26821 10.73734 2.34711
351 1.995419690E+07 2.05546 3.80068 4.26690 10.73733 2.34696
352 1.995426507E+07 2.06040 3.79788 4.26558 10.73733 2.34682
353 1.995433309E+07 2.06531 3.79513 4.26437 10.73732 2.34668
354 1.995440279E+07 2.07039 3.79225 4.26301 10.73732 2.34654
355 1.995447200E+07 2.07552 3.78933 4.26162 10.73731 2.34640
356 1.995454095E+07 2.08063 3.78644 4.26025 10.73730 2.34626
357 1.995461081E+07 2.08586 3.78346 4.25881 10.73730 2.34612
358 1.995468031E+07 2.09113 3.78046 4.25733 10.73729 2.34599
359 1.995474911E+07 2.09639 3.77745 4.25582 10.73729 2.34585
360 1.995481692E+07 2.10162 3.77445 4.25429 10.73728 2.34572
361 1.995488350E+07 2.10679 3.77150 4.25280 10.73728 2.34559
362 1.995494949E+07 2.11193 3.76857 4.25137 10.73727 2.34547
363 1.995501634E+07 2.11721 3.76554 4.24982 10.73726 2.34534
364 1.995508306E+07 2.12257 3.76246 4.24820 10.73726 2.34521
365 1.995514950E+07 2.12793 3.75937 4.24660 10.73725 2.34508
366 1.995521615E+07 2.13333 3.75626 4.24494 10.73725 2.34495
367 1.995528235E+07 2.13872 3.75313 4.24322 10.73724 2.34483
368 1.995534755E+07 2.14408 3.75002 4.24148 10.73723 2.34470
369 1.995541158E+07 2.14937 3.74693 4.23970 10.73723 2.34458
370 1.995547435E+07 2.15458 3.74388 4.23792 10.73722 2.34446
371 1.995553605E+07 2.15969 3.74092 4.23630 10.73722 2.34435
372 1.995559881E+07 2.16491 3.73786 4.23451 10.73721 2.34423
373 1.995566176E+07 2.17022 3.73474 4.23263 10.73720 2.34412
374 1.995572530E+07 2.17565 3.73153 4.23066 10.73720 2.34400
375 1.995578941E+07 2.18114 3.72828 4.22864 10.73719 2.34389
376 1.995585397E+07 2.18651 3.72509 4.22660 10.73719 2.34377
377 1.995591809E+07 2.19194 3.72184 4.22448 10.73718 2.34367
378 1.995598347E+07 2.19767 3.71841 4.22224 10.73717 2.34355
379 1.995605210E+07 2.20373 3.71478 4.21983 10.73716 2.34344
380 1.995612302E+07 2.20977 3.71112 4.21726 10.73716 2.34333
381 1.995619280E+07 2.21593 3.70738 4.21464 10.73715 2.34322
382 1.995626581E+07 2.22262 3.70333 4.21182 10.73714 2.34310
383 1.995634427E+07 2.22968 3.69902 4.20869 10.73713 2.34299
384 1.995642278E+07 2.23671 3.69470 4.20544 10.73712 2.34287
385 1.995649963E+07 2.24380 3.69032 4.20212 10.73711 2.34276
386 1.995657693E+07 2.25072 3.68599 4.19864 10.73711 2.34265
387 1.995664893E+07 2.25668 3.68216 4.19525 10.73710 2.34256
388 1.995671405E+07 2.26178 3.67881 4.19205 10.73709 2.34247
389 1.995677566E+07 2.26627 3.67578 4.18891 10.73708 2.34238
390 1.995683557E+07 2.27048 3.67289 4.18576 10.73707 2.34230
391 1.995689520E+07 2.27457 3.67006 4.18261 10.73707 2.34222
392 1.995695505E+07 2.27858 3.66722 4.17928 10.73706 2.34214
393 1.995701489E+07 2.28249 3.66440 4.17582 10.73705 2.34206
394 1.995707464E+07 2.28613 3.66169 4.17225 10.73705 2.34198
395 1.995713398E+07 2.28946 3.65911 4.16859 10.73704 2.34190
396 1.995719242E+07 2.29247 3.65667 4.16486 10.73703 2.34182
397 1.995724995E+07 2.29507 3.65443 4.16109 10.73702 2.34174
398 1.995730641E+07 2.29711 3.65247 4.15734 10.73702 2.34166
399 1.995736167E+07 2.29867 3.65076 4.15363 10.73701 2.34158
400 1.995741598E+07 2.29995 3.64920 4.14993 10.73700 2.34150
401 1.995746997E+07 2.30109 3.64770 4.14622 10.73700 2.34142
402 1.995752406E+07 2.30212 3.64626 4.14254 10.73699 2.34134
403 1.995757857E+07 2.30307 3.64489 4.13895 10.73698 2.34126
404 1.995763406E+07 2.30399 3.64358 4.13554 10.73698 2.34118
405 1.995769112E+07 2.30502 3.64236 4.13272 10.73697 2.34109
406 1.995775163E+07 2.30655 3.64134 4.13170 10.73696 2.34100
407 1.995782125E+07 2.30763 3.64025 4.12952 10.73695 2.34089
408 1.995789070E+07 2.30828 3.63921 4.12664 10.73694 2.34078
409 1.995795926E+07 2.30868 3.63819 4.12336 10.73694 2.34067
410 1.995802690E+07 2.30921 3.63719 4.12044 10.73693 2.34057
411 1.995809507E+07 2.30957 3.63621 4.11721 10.73692 2.34046
412 1.995816240E+07 2.30977 3.63524 4.11375 10.73691 2.34036
413 1.995822867E+07 2.30998 3.63429 4.11037 10.73690 2.34025
414 1.995829436E+07 2.31034 3.63335 4.10731 10.73690 2.34015
415 1.995836011E+07 2.31056 3.63241 4.10400 10.73689 2.34004
416 1.995842473E+07 2.31068 3.63149 4.10057 10.73688 2.33994
417 1.995848824E+07 2.31108 3.63058 4.09773 10.73687 2.33984
418 1.995855206E+07 2.31141 3.62968 4.09479 10.73687 2.33974
419 1.995861500E+07 2.31165 3.62880 4.09175 10.73686 2.33964
420 1.995867685E+07 2.31205 3.62794 4.08910 10.73685 2.33954
421 1.995873851E+07 2.31256 3.62708 4.08669 10.73684 2.33944
422 1.995879982E+07 2.31299 3.62624 4.08419 10.73684 2.33934
423 1.995886011E+07 2.31353 3.62542 4.08196 10.73683 2.33925
424 1.995891997E+07 2.31427 3.62460 4.08017 10.73682 2.33915
425 1.995897977E+07 2.31497 3.62379 4.07833 10.73682 2.33905
426 1.995903867E+07 2.31577 3.62299 4.07675 10.73681 2.33896
427 1.995909712E+07 2.31683 3.62220 4.07569 10.73680 2.33887
428 1.995915563E+07 2.31787 3.62141 4.07464 10.73680 2.33877
429 1.995921335E+07 2.31906 3.62064 4.07393 10.73679 2.33868
430 1.995927077E+07 2.32051 3.61986 4.07372 10.73678 2.33859
431 1.995932825E+07 2.32198 3.61909 4.07357 10.73678 2.33850
432 1.995938505E+07 2.32369 3.61832 4.07389 10.73677 2.33841
433 1.995944184E+07 2.32564 3.61754 4.07466 10.73676 2.33832
434 1.995949860E+07 2.32763 3.61676 4.07554 10.73676 2.33823
435 1.995955480E+07 2.32999 3.61596 4.07708 10.73675 2.33814
436 1.995961135E+07 2.33254 3.61516 4.07896 10.73674 2.33805
437 1.995966774E+07 2.33520 3.61435 4.08103 10.73673 2.33796
438 1.995972377E+07 2.33832 3.61351 4.08393 10.73673 2.33788
439 1.995978037E+07 2.34160 3.61266 4.08706 10.73672 2.33779
440 1.995983672E+07 2.34516 3.61178 4.09070 10.73671 2.33770
441 1.995989331E+07 2.34909 3.61088 4.09494 10.73670 2.33761
442 1.995995030E+07 2.35318 3.60996 4.09943 10.73670 2.33753
443 1.996000716E+07 2.35780 3.60899 4.10483 10.73669 2.33744
444 1.996006499E+07 2.36267 3.60800 4.11058 10.73668 2.33735
445 1.996012296E+07 2.36792 3.60697 4.11698 10.73667 2.33726
446 1.996018166E+07 2.37356 3.60591 4.12399 10.73666 2.33718
447 1.996024084E+07 2.37949 3.60481 4.13145 10.73665 2.33709
448 1.996030009E+07 2.38584 3.60368 4.13963 10.73664 2.33700
449 1.996035902E+07 2.39226 3.60255 4.14795 10.73663 2.33692
450 1.996041752E+07 2.39907 3.60139 4.15693 10.73662 2.33683
451 1.996047411E+07 2.40572 3.60026 4.16575 10.73661 2.33675
452 1.996053041E+07 2.41253 3.59914 4.17485 10.73660 2.33667
453 1.996058605E+07 2.41939 3.59802 4.18410 10.73659 2.33660
454 1.996064131E+07 2.42615 3.59693 4.19325 10.73658 2.33652
455 1.996069703E+07 2.43314 3.59582 4.20279 10.73657 2.33645
456 1.996075249E+07 2.44002 3.59473 4.21220 10.73656 2.33637
457 1.996080869E+07 2.44682 3.59366 4.22153 10.73654 2.33630
458 1.996086609E+07 2.45381 3.59258 4.23119 10.73653 2.33623
459 1.996092394E+07 2.46063 3.59153 4.24063 10.73652 2.33616
460 1.996098349E+07 2.46736 3.59050 4.24995 10.73650 2.33608
461 1.996104523E+07 2.47417 3.58946 4.25943 10.73648 2.33601
462 1.996110880E+07 2.48086 3.58845 4.26877 10.73647 2.33594
463 1.996117513E+07 2.48742 3.58746 4.27792 10.73645 2.33586
464 1.996124507E+07 2.49389 3.58649 4.28698 10.73643 2.33578
465 1.996131911E+07 2.50036 3.58552 4.29605 10.73641 2.33570
466 1.996139736E+07 2.50662 3.58459 4.30484 10.73638 2.33562
467 1.996148149E+07 2.51272 3.58368 4.31340 10.73636 2.33554
468 1.996157270E+07 2.51869 3.58280 4.32180 10.73633 2.33545
469 1.996167192E+07 2.52454 3.58193 4.33005 10.73630 2.33536
470 1.996178030E+07 2.53014 3.58111 4.33795 10.73626 2.33526
471 1.996190042E+07 2.53550 3.58032 4.34552 10.73622 2.33516
472 1.996203439E+07 2.54062 3.57957 4.35275 10.73617 2.33505
473 1.996218390E+07 2.54553 3.57885 4.35971 10.73612 2.33494
474 1.996235106E+07 2.55010 3.57818 4.36618 10.73606 2.33483
475 1.996254002E+07 2.55435 3.57757 4.37221 10.73599 2.33470
476 1.996275375E+07 2.55828 3.57699 4.37779 10.73591 2.33457
477 1.996299459E+07 2.56194 3.57647 4.38298 10.73582 2.33442
478 1.996326417E+07 2.56532 3.57598 4.38779 10.73571 2.33427
479 1.996356367E+07 2.56845 3.57553 4.39224 10.73560 2.33410
480 1.996389146E+07 2.57138 3.57510 4.39642 10.73547 2.33392
481 1.996424345E+07 2.57418 3.57470 4.40040 10.73532 2.33372
482 1.996461509E+07 2.57692 3.57430 4.40430 10.73517 2.33352
483 1.996500254E+07 2.57963 3.57391 4.40816 10.73502 2.33331
484 1.996540397E+07 2.58233 3.57353 4.41200 10.73485 2.33308
485 1.996581711E+07 2.58502 3.57314 4.41584 10.73468 2.33286
486 1.996624038E+07 2.58772 3.57275 4.41969 10.73450 2.33263
487 1.996667384E+07 2.59046 3.57236 4.42360 10.73431 2.33241
488 1.996711909E+07 2.59323 3.57196 4.42756 10.73412 2.33219
489 1.996757963E+07 2.59603 3.57156 4.43155 10.73392 2.33196
490 1.996805766E+07 2.59885 3.57116 4.43558 10.73371 2.33172
491 1.996855959E+07 2.60172 3.57075 4.43968 10.73349 2.33147
492 1.996909124E+07 2.60465 3.57033 4.44387 10.73325 2.33122
493 1.996965800E+07 2.60757 3.56992 4.44804 10.73299 2.33114
494 1.997026508E+07 2.61042 3.56951 4.45212 10.73271 2.33116
495 1.997090238E+07 2.61311 3.56913 4.45598 10.73241 2.33118
496 1.997156919E+07 2.61556 3.56878 4.45949 10.73210 2.33121
497 1.997227675E+07 2.61776 3.56847 4.46264 10.73176 2.33125
498 1.997304150E+07 2.61976 3.56819 4.46552 10.73140 2.33129
499 1.997388155E+07 2.62163 3.56792 4.46819 10.73099 2.33135
500 1.997481949E+07 2.62336 3.56768 4.47067 10.73054 2.33143
501 1.997586672E+07 2.62500 3.56744 4.47302 10.73003 2.33151
502 1.997705546E+07 2.62660 3.56722 4.47531 10.72945 2.33160
503 1.997842072E+07 2.62812 3.56700 4.47748 10.72878 2.33174
504 1.998001356E+07 2.62954 3.56680 4.47952 10.72799 2.33196
505 1.998189413E+07 2.63082 3.56662 4.48134 10.72705 2.33221
506 1.998413465E+07 2.63186 3.56647 4.48283 10.72594 2.33268
507 1.998682327E+07 2.63262 3.56636 4.48392 10.72459 2.33335
508 1.999004962E+07 2.63307 3.56629 4.48455 10.72298 2.33465
509 1.999392123E+07 2.63322 3.56627 4.48476 10.72104 2.33659
510 1.999844077E+07 2.63312 3.56628 4.48461 10.71877 2.34048
511 2.000356404E+07 2.63280 3.56633 4.48415 10.71621 2.34554
512 2.000925667E+07 2.63226 3.56640 4.48336 10.71336 2.35360
513 2.001553880E+07 2.63148 3.56651 4.48224 10.71024 2.36289
514 2.002245884E+07 2.63044 3.56666 4.48075 10.70680 2.37371
515 2.002979330E+07 2.62915 3.56684 4.47890 10.70318 2.38637
516 2.003739548E+07 2.62762 3.56706 4.47673 10.69945 2.39928
517 2.004515710E+07 2.62587 3.56731 4.47423 10.69566 2.41218
518 2.005297448E+07 2.62392 3.56759 4.47144 10.69187 2.42483
519 2.006080645E+07 2.62179 3.56789 4.46840 10.68811 2.43714
520 2.006867420E+07 2.61952 3.56822 4.46517 10.68435 2.44914
521 2.007663353E+07 2.61715 3.56856 4.46179 10.68059 2.46090
522 2.008474371E+07 2.61469 3.56891 4.45829 10.67679 2.47259
523 2.009302755E+07 2.61214 3.56928 4.45465 10.67295 2.48426
524 2.010147089E+07 2.60947 3.56967 4.45086 10.66907 2.49573
525 2.011005460E+07 2.60669 3.57007 4.44692 10.66517 2.50700
526 2.011874255E+07 2.60379 3.57049 4.44281 10.66126 2.51801
527 2.012750298E+07 2.60079 3.57093 4.43854 10.65737 2.52873
528 2.013629299E+07 2.59767 3.57139 4.43414 10.65351 2.53913
529 2.014511796E+07 2.59445 3.57186 4.42959 10.64968 2.54921
530 2.015397156E+07 2.59114 3.57235 4.42492 10.64589 2.55899
531 2.016285432E+07 2.58776 3.57285 4.42016 10.64213 2.56848
532 2.017177987E+07 2.58432 3.57336 4.41530 10.63840 2.57770
533 2.018078345E+07 2.58081 3.57388 4.41038 10.63470 2.58669
534 2.018988358E+07 2.57725 3.57441 4.40539 10.63100 2.59549
535 2.019904336E+07 2.57364 3.57495 4.40034 10.62734 2.60406
536 2.020828179E+07 2.56998 3.57550 4.39522 10.62369 2.61243
537 2.021757695E+07 2.56627 3.57607 4.39005 10.62008 2.62057
538 2.022688169E+07 2.56253 3.57664 4.38485 10.61652 2.62847
539 2.023620627E+07 2.55877 3.57721 4.37962 10.61300 2.63614
540 2.024556392E+07 2.55497 3.57780 4.37437 10.60953 2.64360
541 2.025495139E+07 2.55117 3.57838 4.36912 10.60610 2.65085
542 2.026436369E+07 2.54736 3.57898 4.36387 10.60271 2.65789
543 2.027385102E+07 2.54355 3.57957 4.35864 10.59935 2.66477
544 2.028344293E+07 2.53975 3.58017 4.35343 10.59600 2.67152
545 2.029313504E+07 2.53596 3.58077 4.34827 10.59268 2.67812
546 2.030297944E+07 2.53220 3.58138 4.34315 10.58935 2.68463
547 2.031301762E+07 2.52845 3.58198 4.33807 10.58601 2.69107
548 2.032326249E+07 2.52474 3.58259 4.33305 10.58266 2.69743
549 2.033366613E+07 2.52106 3.58319 4.32811 10.57930 2.70370
550 2.034427268E+07 2.51740 3.58379 4.32323 10.57594 2.70990
551 2.035508555E+07 2.51379 3.58440 4.31842 10.57256 2.71603
552 2.036611372E+07 2.51023 3.58500 4.31372 10.56917 2.72209
553 2.037728593E+07 2.50673 3.58561 4.30912 10.56578 2.72804
554 2.038868311E+07 2.50328 3.58620 4.30463 10.56238 2.73393
555 2.040033023E+07 2.49989 3.58680 4.30024 10.55896 2.73977
556 2.041223542E+07 2.49658 3.58740 4.29600 10.55551 2.74556
557 2.042436826E+07 2.49336 3.58799 4.29191 10.55204 2.75127
558 2.043685735E+07 2.49021 3.58857 4.28795 10.54852 2.75698
559 2.044976665E+07 2.48715 3.58915 4.28414 10.54493 2.76270
560 2.046305509E+07 2.48419 3.58973 4.28054 10.54129 2.76841
561 2.047663607E+07 2.48136 3.59029 4.27714 10.53760 2.77407
562 2.049062616E+07 2.47864 3.59085 4.27392 10.53386 2.77973
563 2.050501577E+07 2.47605 3.59140 4.27094 10.53005 2.78537
564 2.051948481E+07 2.47361 3.59193 4.26821 10.52625 2.79087
565 2.053415114E+07 2.47131 3.59246 4.26569 10.52245 2.79629
566 2.054909155E+07 2.46914 3.59297 4.26340 10.51861 2.80165
567 2.056417241E+07 2.46711 3.59348 4.26137 10.51476 2.80691
568 2.057905342E+07 2.46524 3.59396 4.25957 10.51100 2.81196
569 2.059406975E+07 2.46349 3.59444 4.25797 10.50723 2.81691
570 2.060921867E+07 2.46186 3.59491 4.25662 10.50345 2.82179
571 2.062412095E+07 2.46039 3.59537 4.25550 10.49975 2.82646
572 2.063900136E+07 2.45903 3.59582 4.25457 10.49608 2.83102
573 2.065408209E+07 2.45779 3.59626 4.25384 10.49238 2.83554
574 2.066927489E+07 2.45667 3.59670 4.25338 10.48866 2.83998
575 2.068417467E+07 2.45567 3.59713 4.25308 10.48502 2.84425
576 2.069923657E+07 2.45476 3.59754 4.25294 10.48136 2.84849
577 2.071448948E+07 2.45396 3.59797 4.25306 10.47765 2.85270
578 2.072932455E+07 2.45326 3.59840 4.25335 10.47406 2.85672
579 2.074396528E+07 2.45264 3.59881 4.25377 10.47051 2.86063
580 2.075858990E+07 2.45210 3.59924 4.25439 10.46697 2.86448
581 2.077286844E+07 2.45165 3.59968 4.25525 10.46351 2.86820
582 2.078643676E+07 2.45125 3.60011 4.25618 10.46023 2.87170
583 2.079972750E+07 2.45092 3.60055 4.25727 10.45700 2.87511
584 2.081262989E+07 2.45068 3.60102 4.25869 10.45387 2.87838
585 2.082440663E+07 2.45046 3.60149 4.26013 10.45100 2.88114
586 2.083563575E+07 2.45030 3.60197 4.26172 10.44827 2.88375
587 2.084627439E+07 2.45024 3.60250 4.26373 10.44566 2.88620
588 2.085563614E+07 2.45019 3.60302 4.26571 10.44336 2.88833
589 2.086425972E+07 2.45022 3.60357 4.26797 10.44124 2.89029
590 2.087195015E+07 2.45034 3.60416 4.27057 10.43933 2.89204
591 2.087854450E+07 2.45048 3.60474 4.27316 10.43769 2.89353
592 2.088441866E+07 2.45080 3.60537 4.27631 10.43622 2.89486
593 2.088927520E+07 2.45115 3.60599 4.27948 10.43500 2.89596
594 2.089344470E+07 2.45160 3.60662 4.28294 10.43394 2.89691
595 2.089697229E+07 2.45219 3.60727 4.28670 10.43304 2.89772
596 2.089992873E+07 2.45277 3.60790 4.29038 10.43227 2.89840
597 2.090250795E+07 2.45356 3.60857 4.29463 10.43160 2.89900
598 2.090465750E+07 2.45429 3.60921 4.29866 10.43103 2.89950
599 2.090655287E+07 2.45513 3.60986 4.30296 10.43053 2.89994
600 2.090820139E+07 2.45601 3.61052 4.30733 10.43009 2.90033
601 2.090965489E+07 2.45684 3.61116 4.31156 10.42969 2.90068
602 2.091097393E+07 2.45782 3.61184 4.31623 10.42933 2.90100
603 2.091213434E+07 2.45867 3.61250 4.32060 10.42901 2.90128
604 2.091319994E+07 2.45951 3.61319 4.32504 10.42871 2.90154
605 2.091417775E+07 2.46036 3.61392 4.32967 10.42843 2.90178
606 2.091506665E+07 2.46105 3.61467 4.33404 10.42818 2.90200
607 2.091589876E+07 2.46170 3.61547 4.33850 10.42794 2.90221
608 2.091667273E+07 2.46227 3.61631 4.34304 10.42771 2.90241
609 2.091739122E+07 2.46265 3.61719 4.34732 10.42750 2.90259
610 2.091807286E+07 2.46291 3.61814 4.35163 10.42730 2.90276
611 2.091871581E+07 2.46305 3.61918 4.35604 10.42710 2.90293
612 2.091931713E+07 2.46289 3.62029 4.36018 10.42692 2.90308
613 2.091988829E+07 2.46246 3.62150 4.36418 10.42675 2.90323
614 2.092043124E+07 2.46179 3.62292 4.36850 10.42658 2.90338
615 2.092092956E+07 2.46004 3.62518 4.37406 10.42642 2.90348
616 2.092131973E+07 2.45739 3.62769 4.37878 10.42630 2.90352
617 2.092164532E+07 2.45428 3.63020 4.38260 10.42620 2.90351
618 2.092193481E+07 2.45078 3.63278 4.38591 10.42611 2.90347
619 2.092219811E+07 2.44691 3.63544 4.38883 10.42602 2.90342
620 2.092244037E+07 2.44288 3.63810 4.39141 10.42595 2.90335
621 2.092266594E+07 2.43899 3.64062 4.39371 10.42588 2.90328
622 2.092287905E+07 2.43519 3.64304 4.39580 10.42581 2.90321
623 2.092308195E+07 2.43119 3.64554 4.39777 10.42575 2.90313
624 2.092327414E+07 2.42682 3.64819 4.39962 10.42569 2.90304
625 2.092345408E+07 2.42189 3.65108 4.40133 10.42563 2.90294
626 2.092362338E+07 2.41627 3.65426 4.40284 10.42558 2.90283
627 2.092378593E+07 2.41007 3.65771 4.40420 10.42553 2.90270
628 2.092394280E+07 2.40360 3.66125 4.40543 10.42548 2.90258
629 2.092409639E+07 2.39689 3.66489 4.40657 10.42544 2.90247
630 2.092424764E+07 2.39024 3.66848 4.40762 10.42539 2.90237
631 2.092439777E+07 2.38385 3.67191 4.40860 10.42535 2.90230
632 2.092454751E+07 2.37735 3.67540 4.40954 10.42531 2.90224
633 2.092469769E+07 2.37046 3.67907 4.41044 10.42527 2.90220
634 2.092485116E+07 2.36344 3.68280 4.41132 10.42522 2.90217
635 2.092501151E+07 2.35570 3.68689 4.41220 10.42518 2.90217
636 2.092518707E+07 2.34658 3.69168 4.41311 10.42513 2.90218
637 2.092538669E+07 2.33635 3.69704 4.41411 10.42508 2.90223
638 2.092560587E+07 2.32564 3.70265 4.41513 10.42502 2.90232
639 2.092583169E+07 2.31395 3.70874 4.41610 10.42496 2.90236
640 2.092606623E+07 2.30222 3.71483 4.41700 10.42490 2.90234
641 2.092626576E+07 2.29243 3.71989 4.41765 10.42486 2.90231
642 2.092644834E+07 2.28321 3.72463 4.41819 10.42481 2.90226
643 2.092662453E+07 2.27451 3.72909 4.41864 10.42477 2.90221
644 2.092679111E+07 2.26653 3.73318 4.41903 10.42473 2.90217
645 2.092695083E+07 2.25897 3.73705 4.41937 10.42470 2.90214
646 2.092711037E+07 2.25142 3.74090 4.41969 10.42466 2.90212
647 2.092727194E+07 2.24373 3.74484 4.42004 10.42463 2.90210
648 2.092743218E+07 2.23620 3.74867 4.42033 10.42459 2.90209
649 2.092759473E+07 2.22865 3.75253 4.42064 10.42456 2.90209
650 2.092775822E+07 2.22105 3.75641 4.42099 10.42452 2.90209
651 2.092791995E+07 2.21368 3.76016 4.42125 10.42449 2.90211
652 2.092808276E+07 2.20647 3.76382 4.42148 10.42446 2.90213
653 2.092824659E+07 2.19935 3.76744 4.42168 10.42443 2.90216
654 2.092841395E+07 2.19210 3.77111 4.42189 10.42440 2.90219
655 2.092858479E+07 2.18468 3.77487 4.42209 10.42436 2.90223
656 2.092875703E+07 2.17733 3.77858 4.42223 10.42433 2.90228
657 2.092893274E+07 2.17000 3.78227 4.42233 10.42430 2.90233
658 2.092911110E+07 2.16256 3.78602 4.42247 10.42427 2.90239
659 2.092928637E+07 2.15533 3.78966 4.42254 10.42424 2.90245
660 2.092946133E+07 2.14826 3.79320 4.42255 10.42421 2.90252
661 2.092963807E+07 2.14125 3.79670 4.42253 10.42418 2.90259
662 2.092981545E+07 2.13427 3.80017 4.42248 10.42415 2.90267
663 2.092999167E+07 2.12755 3.80350 4.42237 10.42412 2.90274
664 2.093017086E+07 2.12096 3.80676 4.42222 10.42409 2.90255
665 2.093035292E+07 2.11450 3.80995 4.42204 10.42407 2.90228
666 2.093053662E+07 2.10799 3.81317 4.42190 10.42404 2.90203
667 2.093071585E+07 2.10174 3.81624 4.42170 10.42401 2.90181
668 2.093089649E+07 2.09553 3.81929 4.42147 10.42398 2.90161
669 2.093107828E+07 2.08941 3.82229 4.42121 10.42396 2.90144
670 2.093126194E+07 2.08345 3.82519 4.42092 10.42393 2.90129
671 2.093145079E+07 2.07759 3.82804 4.42059 10.42391 2.90117
672 2.093164529E+07 2.07180 3.83085 4.42025 10.42388 2.90107
673 2.093184586E+07 2.06606 3.83363 4.41988 10.42385 2.90099
674 2.093205189E+07 2.06016 3.83650 4.41955 10.42383 2.90092
675 2.093225438E+07 2.05444 3.83926 4.41917 10.42380 2.90087
676 2.093245887E+07 2.04890 3.84193 4.41876 10.42377 2.90083
677 2.093267065E+07 2.04346 3.84454 4.41833 10.42375 2.90082
678 2.093289206E+07 2.03807 3.84712 4.41787 10.42372 2.90083
679 2.093312402E+07 2.03272 3.84968 4.41739 10.42369 2.90085
680 2.093336760E+07 2.02741 3.85221 4.41688 10.42366 2.90088
681 2.093362393E+07 2.02200 3.85478 4.41637 10.42364 2.90093
682 2.093388776E+07 2.01648 3.85741 4.41585 10.42361 2.90099
683 2.093415291E+07 2.01127 3.85988 4.41531 10.42358 2.90107
684 2.093443809E+07 2.00607 3.86234 4.41473 10.42354 2.90116
685 2.093474699E+07 2.00086 3.86479 4.41413 10.42351 2.90127
686 2.093508421E+07 1.99562 3.86725 4.41349 10.42348 2.90139
687 2.093545552E+07 1.99036 3.86972 4.41284 10.42344 2.90154
688 2.093586844E+07 1.98504 3.87221 4.41216 10.42340 2.90170
689 2.093633124E+07 1.97960 3.87476 4.41148 10.42335 2.90189
690 2.093684831E+07 1.97411 3.87734 4.41082 10.42330 2.90189
691 2.093743349E+07 1.96876 3.87986 4.41019 10.42324 2.90178
692 2.093812832E+07 1.96344 3.88238 4.40962 10.42318 2.90174
693 2.093896213E+07 1.95819 3.88489 4.40917 10.42310 2.90177
694 2.093996269E+07 1.95308 3.88738 4.40892 10.42301 2.90190
695 2.094116337E+07 1.94807 3.88988 4.40891 10.42290 2.90213
696 2.094260418E+07 1.94300 3.89249 4.40919 10.42277 2.90247
697 2.094433316E+07 1.93755 3.89535 4.40975 10.42262 2.90295
698 2.094640793E+07 1.93141 3.89862 4.41056 10.42245 2.90359
699 2.094889337E+07 1.92427 3.90246 4.41161 10.42224 2.90443
700 2.095174232E+07 1.91610 3.90685 4.41284 10.42200 2.90547
701 2.095505309E+07 1.90660 3.91195 4.41425 10.42174 2.90674
702 2.095902256E+07 1.89530 3.91802 4.41592 10.42143 2.90833
703 2.096378592E+07 1.88193 3.92518 4.41784 10.42107 2.91029
704 2.096882222E+07 1.86815 3.93255 4.41974 10.42070 2.91241
705 2.097321939E+07 1.85643 3.93880 4.42129 10.42038 2.91428
706 2.097718365E+07 1.84630 3.94419 4.42259 10.42011 2.91598
707 2.098096488E+07 1.83706 3.94909 4.42373 10.41985 2.91762
708 2.098467103E+07 1.82848 3.95364 4.42477 10.41961 2.91924
709 2.098837271E+07 1.82042 3.95791 4.42571 10.41937 2.92087
710 2.099213908E+07 1.81278 3.96195 4.42659 10.41913 2.92255
711 2.099603383E+07 1.80550 3.96579 4.42742 10.41889 2.92431
712 2.100012225E+07 1.79852 3.96948 4.42821 10.41864 2.92617
713 2.100447290E+07 1.79181 3.97302 4.42897 10.41837 2.92817
714 2.100916167E+07 1.78532 3.97646 4.42972 10.41809 2.93035
715 2.101425056E+07 1.77899 3.97981 4.43048 10.41780 2.93275
716 2.101977397E+07 1.77297 3.98301 4.43123 10.41748 2.93510
717 2.102591246E+07 1.76714 3.98612 4.43201 10.41713 2.93729
718 2.103280583E+07 1.76147 3.98916 4.43282 10.41674 2.93971
719 2.104062817E+07 1.75598 3.99212 4.43369 10.41631 2.94242
720 2.104953889E+07 1.75072 3.99498 4.43459 10.41582 2.94546
721 2.105982066E+07 1.74572 3.99772 4.43556 10.41526 2.94892
722 2.107184538E+07 1.74100 4.00034 4.43660 10.41461 2.95291
723 2.108605143E+07 1.73656 4.00285 4.43776 10.41386 2.95757
724 2.110292804E+07 1.73245 4.00523 4.43905 10.41297 2.96302
725 2.112293507E+07 1.72869 4.00747 4.44050 10.41192 2.96941
726 2.114636956E+07 1.72527 4.00958 4.44210 10.41070 2.97680
727 2.117313791E+07 1.72242 4.01144 4.44383 10.40930 2.98515
728 2.120384283E+07 1.72049 4.01286 4.44565 10.40769 2.99463
729 2.124068874E+07 1.72017 4.01350 4.44761 10.40575 3.00582
730 2.128490382E+07 1.72215 4.01305 4.44972 10.40338 3.01897
731 2.133792441E+07 1.72689 4.01125 4.45202 10.40048 3.03436
732 2.138167330E+07 1.73201 4.00914 4.45380 10.39804 3.04688
733 2.142058854E+07 1.73734 4.00685 4.45530 10.39582 3.05747
734 2.145633859E+07 1.74283 4.00442 4.45660 10.39373 3.06673
735 2.148961473E+07 1.74872 4.00175 4.45770 10.39174 3.07523
736 2.152014724E+07 1.75498 3.99885 4.45861 10.38987 3.08292
737 2.154801959E+07 1.76146 3.99580 4.45936 10.38812 3.08986
738 2.157369353E+07 1.76805 3.99266 4.46000 10.38648 3.09620
739 2.159772511E+07 1.77477 3.98944 4.46054 10.38491 3.10207
740 2.162045795E+07 1.78158 3.98615 4.46100 10.38339 3.10758
741 2.164203894E+07 1.78845 3.98281 4.46141 10.38192 3.11277
742 2.166267209E+07 1.79543 3.97941 4.46175 10.38049 3.11769
743 2.168246939E+07 1.80250 3.97595 4.46205 10.37908 3.12236
744 2.170156650E+07 1.80969 3.97242 4.46229 10.37769 3.12684
745 2.172003959E+07 1.81692 3.96885 4.46250 10.37632 3.13113
746 2.173811237E+07 1.82425 3.96523 4.46266 10.37494 3.13529
747 2.175586471E+07 1.83185 3.96146 4.46278 10.37356 3.13935
748 2.177309371E+07 1.83963 3.95759 4.46285 10.37219 3.14325
749 2.178985290E+07 1.84764 3.95359 4.46288 10.37083 3.14701
750 2.180617886E+07 1.85588 3.94947 4.46287 10.36947 3.15063
751 2.182216683E+07 1.86438 3.94521 4.46282 10.36810 3.15415
752 2.183792518E+07 1.87320 3.94077 4.46272 10.36672 3.15759
753 2.185351213E+07 1.88240 3.93614 4.46258 10.36531 3.16095
754 2.186904329E+07 1.89200 3.93129 4.46241 10.36387 3.16427
755 2.188469555E+07 1.90210 3.92619 4.46219 10.36238 3.16758
756 2.190069229E+07 1.91283 3.92076 4.46194 10.36080 3.17091
757 2.191736013E+07 1.92436 3.91492 4.46165 10.35911 3.17435
758 2.193477343E+07 1.93677 3.90863 4.46131 10.35727 3.17791
759 2.194929510E+07 1.94731 3.90329 4.46101 10.35569 3.18090
760 2.196120536E+07 1.95604 3.89886 4.46077 10.35436 3.18339
761 2.197119480E+07 1.96343 3.89511 4.46056 10.35322 3.18556
762 2.197991265E+07 1.96996 3.89180 4.46037 10.35221 3.18754
763 2.198775711E+07 1.97592 3.88878 4.46019 10.35129 3.18944
764 2.199494967E+07 1.98150 3.88595 4.46002 10.35043 3.19131
765 2.200162923E+07 1.98678 3.88327 4.45986 10.34961 3.19321
766 2.200788856E+07 1.99175 3.88074 4.45970 10.34884 3.19518
767 2.201386300E+07 1.99652 3.87831 4.45954 10.34809 3.19726
768 2.201959359E+07 2.00098 3.87604 4.45937 10.34737 3.19845
769 2.202523702E+07 2.00548 3.87375 4.45921 10.34664 3.19937
770 2.203074153E+07 2.01007 3.87140 4.45898 10.34593 3.20020
771 2.203592043E+07 2.01484 3.86893 4.45864 10.34524 3.20086
772 2.204053766E+07 2.01976 3.86635 4.45818 10.34463 3.20131
773 2.204449335E+07 2.02471 3.86374 4.45762 10.34409 3.20158
774 2.204784659E+07 2.02952 3.86119 4.45702 10.34364 3.20174
775 2.205076466E+07 2.03431 3.85863 4.45639 10.34323 3.20183
776 2.205331340E+07 2.03882 3.85622 4.45575 10.34288 3.20192
777 2.205566812E+07 2.04355 3.85368 4.45507 10.34254 3.20199
778 2.205775819E+07 2.04829 3.85114 4.45438 10.34224 3.20206
779 2.205963132E+07 2.05304 3.84859 4.45368 10.34197 3.20216
780 2.206132197E+07 2.05776 3.84605 4.45297 10.34173 3.20230
781 2.206287199E+07 2.06242 3.84354 4.45226 10.34150 3.20250
782 2.206432697E+07 2.06719 3.84098 4.45153 10.34128 3.20277
783 2.206567733E+07 2.07180 3.83849 4.45082 10.34108 3.20312
784 2.206698712E+07 2.07656 3.83593 4.45009 10.34088 3.20357
785 2.206823295E+07 2.08148 3.83329 4.44935 10.34068 3.20369
786 2.206940118E+07 2.08647 3.83061 4.44861 10.34050 3.20336
787 2.207050769E+07 2.09151 3.82790 4.44787 10.34033 3.20302
788 2.207157022E+07 2.09653 3.82520 4.44712 10.34016 3.20269
789 2.207260482E+07 2.10174 3.82240 4.44633 10.33999 3.20236
790 2.207359517E+07 2.10702 3.81957 4.44554 10.33983 3.20205
791 2.207454530E+07 2.11211 3.81682 4.44476 10.33967 3.20179
792 2.207549957E+07 2.11755 3.81389 4.44393 10.33951 3.20153
793 2.207641032E+07 2.12308 3.81093 4.44310 10.33935 3.20131
794 2.207728015E+07 2.12868 3.80792 4.44226 10.33920 3.20112
795 2.207811448E+07 2.13421 3.80494 4.44144 10.33906 3.20097
796 2.207893962E+07 2.13996 3.80186 4.44059 10.33891 3.20085
797 2.207974291E+07 2.14588 3.79868 4.43972 10.33877 3.20078
798 2.208052169E+07 2.15190 3.79545 4.43884 10.33863 3.20075
799 2.208128088E+07 2.15782 3.79228 4.43799 10.33849 3.20078
800 2.208204550E+07 2.16409 3.78891 4.43707 10.33834 3.20086
801 2.208278436E+07 2.17049 3.78548 4.43614 10.33820 3.20099
802 2.208349796E+07 2.17693 3.78203 4.43521 10.33807 3.20118
803 2.208419524E+07 2.18339 3.77856 4.43427 10.33793 3.20143
804 2.208488258E+07 2.19005 3.77499 4.43330 10.33780 3.20159
805 2.208554967E+07 2.19679 3.77137 4.43232 10.33766 3.20131
806 2.208619580E+07 2.20358 3.76773 4.43132 10.33753 3.20102
807 2.208682217E+07 2.21013 3.76421 4.43036 10.33740 3.20077
808 2.208744322E+07 2.21680 3.76062 4.42934 10.33727 3.20052
809 2.208803720E+07 2.22347 3.75703 4.42831 10.33715 3.20028
810 2.208860930E+07 2.23013 3.75344 4.42728 10.33702 3.20005
811 2.208917361E+07 2.23687 3.74981 4.42623 10.33690 3.19984
812 2.208973214E+07 2.24379 3.74608 4.42513 10.33678 3.19965
813 2.209027468E+07 2.25075 3.74231 4.42400 10.33665 3.19947
814 2.209080108E+07 2.25776 3.73852 4.42284 10.33653 3.19932
815 2.209131319E+07 2.26482 3.73469 4.42165 10.33642 3.19920
816 2.209181156E+07 2.27160 3.73101 4.42049 10.33630 3.19913
817 2.209230978E+07 2.27853 3.72724 4.41925 10.33618 3.19908
818 2.209279859E+07 2.28574 3.72331 4.41795 10.33607 3.19907
819 2.209329473E+07 2.29341 3.71913 4.41658 10.33594 3.19909
820 2.209380599E+07 2.30140 3.71476 4.41510 10.33582 3.19914
821 2.209432839E+07 2.30961 3.71026 4.41350 10.33569 3.19923
822 2.209484365E+07 2.31869 3.70530 4.41183 10.33556 3.19935
823 2.209540971E+07 2.32918 3.69957 4.40990 10.33541 3.19950
824 2.209600778E+07 2.34047 3.69339 4.40773 10.33525 3.19963
825 2.209654353E+07 2.35184 3.68718 4.40564 10.33511 3.19967
826 2.209703871E+07 2.36222 3.68147 4.40357 10.33497 3.19967
827 2.209744775E+07 2.37040 3.67692 4.40175 10.33486 3.19966
828 2.209779933E+07 2.37749 3.67297 4.40011 10.33476 3.19964
829 2.209812818E+07 2.38377 3.66942 4.39848 10.33467 3.19963
830 2.209844600E+07 2.39009 3.66585 4.39679 10.33458 3.19961
831 2.209875492E+07 2.39655 3.66217 4.39503 10.33449 3.19959
832 2.209905614E+07 2.40282 3.65859 4.39326 10.33440 3.19957
833 2.209935436E+07 2.40876 3.65516 4.39141 10.33431 3.19956
834 2.209965215E+07 2.41434 3.65186 4.38938 10.33423 3.19956
835 2.209994680E+07 2.41920 3.64889 4.38722 10.33414 3.19957
836 2.210023980E+07 2.42339 3.64622 4.38491 10.33405 3.19959
837 2.210052868E+07 2.42702 3.64379 4.38247 10.33397 3.19962
838 2.210081480E+07 2.43023 3.64155 4.37987 10.33388 3.19965
839 2.210110042E+07 2.43327 3.63933 4.37709 10.33380 3.19968
840 2.210138164E+07 2.43639 3.63703 4.37415 10.33371 3.19972
841 2.210165756E+07 2.43958 3.63466 4.37105 10.33363 3.19974
842 2.210192912E+07 2.44264 3.63233 4.36783 10.33355 3.19978
843 2.210219844E+07 2.44545 3.63009 4.36449 10.33347 3.19981
844 2.210246685E+07 2.44806 3.62793 4.36108 10.33339 3.19985
845 2.210273557E+07 2.45046 3.62587 4.35765 10.33331 3.19989
846 2.210300719E+07 2.45257 3.62406 4.35462 10.33323 3.19993
847 2.210329417E+07 2.45437 3.62270 4.35280 10.33315 3.19998
848 2.210362762E+07 2.45559 3.62133 4.34974 10.33305 3.20005
849 2.210396600E+07 2.45637 3.62005 4.34617 10.33295 3.20011
850 2.210430005E+07 2.45691 3.61886 4.34249 10.33285 3.20018
851 2.210462836E+07 2.45733 3.61775 4.33891 10.33276 3.20025
852 2.210495199E+07 2.45749 3.61671 4.33508 10.33267 3.20031
853 2.210526623E+07 2.45752 3.61573 4.33120 10.33258 3.20037
854 2.210557115E+07 2.45765 3.61480 4.32773 10.33249 3.20043
855 2.210587193E+07 2.45759 3.61391 4.32405 10.33241 3.20047
856 2.210616399E+07 2.45746 3.61305 4.32038 10.33233 3.20051
857 2.210644774E+07 2.45752 3.61224 4.31722 10.33225 3.20055
858 2.210672904E+07 2.45742 3.61145 4.31388 10.33217 3.20058
859 2.210700304E+07 2.45735 3.61069 4.31071 10.33210 3.20061
860 2.210727198E+07 2.45746 3.60995 4.30795 10.33203 3.20064
861 2.210753907E+07 2.45749 3.60921 4.30508 10.33196 3.20066
862 2.210780084E+07 2.45772 3.60848 4.30261 10.33189 3.20069
863 2.210806088E+07 2.45806 3.60775 4.30037 10.33182 3.20071
864 2.210831918E+07 2.45838 3.60702 4.29809 10.33175 3.20073
865 2.210857381E+07 2.45910 3.60628 4.29655 10.33168 3.20076
866 2.210883068E+07 2.45981 3.60553 4.29498 10.33161 3.20078
867 2.210908621E+07 2.46070 3.60478 4.29375 10.33155 3.20080
868 2.210934245E+07 2.46189 3.60400 4.29304 10.33148 3.20083
869 2.210960220E+07 2.46312 3.60323 4.29238 10.33141 3.20086
870 2.210986285E+07 2.46476 3.60242 4.29245 10.33134 3.20090
871 2.211012998E+07 2.46653 3.60161 4.29273 10.33127 3.20094
872 2.211040198E+07 2.46851 3.60077 4.29335 10.33119 3.20098
873 2.211068060E+07 2.47090 3.59991 4.29467 10.33112 3.20102
874 2.211097094E+07 2.47338 3.59903 4.29613 10.33104 3.20106
875 2.211127099E+07 2.47629 3.59813 4.29832 10.33095 3.20110
876 2.211158906E+07 2.47942 3.59720 4.30086 10.33087 3.20114
877 2.211192630E+07 2.48273 3.59626 4.30373 10.33077 3.20118
878 2.211228662E+07 2.48648 3.59529 4.30734 10.33067 3.20122
879 2.211268333E+07 2.49032 3.59431 4.31111 10.33055 3.20126
880 2.211311999E+07 2.49442 3.59332 4.31538 10.33042 3.20131
881 2.211361678E+07 2.49872 3.59233 4.32002 10.33027 3.20136
882 2.211419779E+07 2.50302 3.59136 4.32473 10.33009 3.20142
883 2.211489290E+07 2.50744 3.59041 4.32976 10.32987 3.20149
884 2.211572703E+07 2.51152 3.58955 4.33448 10.32961 3.20157
885 2.211672798E+07 2.51501 3.58882 4.33856 10.32928 3.20167
886 2.211792912E+07 2.51781 3.58825 4.34185 10.32889 3.20179
887 2.211937049E+07 2.51991 3.58783 4.34439 10.32841 3.20194
888 2.212110014E+07 2.52130 3.58756 4.34607 10.32784 3.20212
889 2.212317572E+07 2.52213 3.58740 4.34708 10.32714 3.20234
890 2.212566641E+07 2.52260 3.58730 4.34766 10.32631 3.20260
891 2.212865523E+07 2.52287 3.58725 4.34798 10.32531 3.20292
892 2.213224183E+07 2.52304 3.58722 4.34819 10.32411 3.20331
893 2.213654574E+07 2.52321 3.58718 4.34838 10.32267 3.20378
894 2.214171044E+07 2.52342 3.58713 4.34860 10.32094 3.20434
895 2.214790807E+07 2.52369 3.58707 4.34890 10.31886 3.20502
896 2.215534523E+07 2.52407 3.58698 4.34929 10.31636 3.20585
897 2.216426982E+07 2.52458 3.58685 4.34982 10.31336 3.20685
898 2.217497934E+07 2.52527 3.58669 4.35053 10.30974 3.20808
899 2.218783075E+07 2.52621 3.58646 4.35149 10.30539 3.20960
900 2.220325245E+07 2.52749 3.58615 4.35281 10.30014 3.21153
901 2.221826138E+07 2.52888 3.58581 4.35425 10.29501 3.21359
902 2.223215296E+07 2.53032 3.58547 4.35577 10.29023 3.21542
903 2.224504283E+07 2.53181 3.58512 4.35735 10.28577 3.21648
904 2.225705718E+07 2.53338 3.58476 4.35903 10.28159 3.21738
905 2.226826110E+07 2.53502 3.58438 4.36080 10.27767 3.21818
906 2.227864888E+07 2.53673 3.58400 4.36270 10.27401 3.21891
907 2.228839494E+07 2.53851 3.58361 4.36469 10.27055 3.21960
908 2.229747844E+07 2.54035 3.58321 4.36678 10.26731 3.22026
909 2.230591946E+07 2.54225 3.58280 4.36896 10.26427 3.22091
910 2.231375303E+07 2.54422 3.58239 4.37124 10.26143 3.22158
911 2.232100074E+07 2.54625 3.58197 4.37361 10.25878 3.22228
912 2.232768544E+07 2.54834 3.58154 4.37608 10.25632 3.22303
913 2.233382359E+07 2.55048 3.58111 4.37864 10.25404 3.22385
914 2.233943740E+07 2.55269 3.58067 4.38129 10.25194 3.22450
915 2.234454819E+07 2.55496 3.58022 4.38406 10.25001 3.22463
916 2.234921289E+07 2.55731 3.57977 4.38695 10.24823 3.22472
917 2.235341807E+07 2.55974 3.57931 4.38995 10.24662 3.22477
918 2.235716103E+07 2.56223 3.57883 4.39304 10.24516 3.22480
919 2.236046986E+07 2.56476 3.57836 4.39621 10.24387 3.22483
920 2.236337131E+07 2.56734 3.57788 4.39945 10.24272 3.22486
921 2.236590105E+07 2.56995 3.57740 4.40275 10.24171 3.22491
922 2.236809432E+07 2.57259 3.57692 4.40609 10.24082 3.22500
923 2.236998885E+07 2.57523 3.57644 4.40946 10.24005 3.22514
924 2.237162208E+07 2.57790 3.57596 4.41288 10.23938 3.22535
925 2.237302603E+07 2.58055 3.57549 4.41629 10.23879 3.22538
926 2.237422621E+07 2.58318 3.57502 4.41967 10.23829 3.22506
927 2.237524911E+07 2.58578 3.57456 4.42303 10.23785 3.22473
928 2.237611987E+07 2.58834 3.57411 4.42635 10.23748 3.22442
929 2.237686023E+07 2.59086 3.57366 4.42961 10.23716 3.22415
930 2.237748876E+07 2.59331 3.57323 4.43278 10.23689 3.22392
931 2.237802180E+07 2.59568 3.57281 4.43585 10.23665 3.22377
932 2.237847128E+07 2.59794 3.57241 4.43878 10.23645 3.22373
933 2.237884760E+07 2.60008 3.57204 4.44154 10.23629 3.22370
934 2.237916381E+07 2.60211 3.57168 4.44416 10.23614 3.22327
935 2.237943126E+07 2.60405 3.57133 4.44668 10.23602 3.22294
936 2.237969378E+07 2.60624 3.57095 4.44954 10.23590 3.22266
937 2.237994527E+07 2.60867 3.57054 4.45273 10.23579 3.22245
938 2.238018598E+07 2.61130 3.57009 4.45621 10.23567 3.22231
939 2.238041763E+07 2.61410 3.56962 4.45993 10.23557 3.22225
940 2.238064253E+07 2.61704 3.56914 4.46386 10.23546 3.22225
941 2.238086244E+07 2.62008 3.56863 4.46793 10.23535 3.22232
942 2.238107890E+07 2.62320 3.56812 4.47211 10.23525 3.22210
943 2.238129326E+07 2.62639 3.56760 4.47641 10.23514 3.22191
944 2.238150701E+07 2.62960 3.56708 4.48074 10.23504 3.22175
945 2.238172087E+07 2.63281 3.56655 4.48507 10.23493 3.22162
946 2.238193538E+07 2.63602 3.56603 4.48941 10.23482 3.22153
947 2.238215090E+07 2.63923 3.56551 4.49373 10.23471 3.22146
948 2.238236768E+07 2.64243 3.56499 4.49805 10.23460 3.22144
949 2.238258599E+07 2.64564 3.56446 4.50238 10.23448 3.22145
950 2.238280615E+07 2.64884 3.56394 4.50669 10.23437 3.22150
951 2.238302870E+07 2.65201 3.56343 4.51097 10.23425 3.22157
952 2.238325393E+07 2.65516 3.56291 4.51522 10.23413 3.22145
953 2.238348219E+07 2.65828 3.56240 4.51942 10.23400 3.22136
954 2.238371432E+07 2.66138 3.56190 4.52360 10.23387 3.22128
955 2.238395055E+07 2.66446 3.56140 4.52774 10.23374 3.22123
956 2.238419159E+07 2.66748 3.56090 4.53181 10.23361 3.22121
957 2.238443813E+07 2.67045 3.56042 4.53580 10.23347 3.22122
958 2.238469073E+07 2.67335 3.55994 4.53970 10.23332 3.22125
959 2.238495012E+07 2.67618 3.55947 4.54350 10.23317 3.22132
960 2.238521700E+07 2.67893 3.55902 4.54718 10.23302 3.22142
961 2.238549219E+07 2.68158 3.55858 4.55072 10.23285 3.22156
962 2.238577624E+07 2.68409 3.55816 4.55407 10.23269 3.22154
963 2.238606932E+07 2.68646 3.55777 4.55723 10.23251 3.22154
964 2.238637434E+07 2.68869 3.55739 4.56020 10.23233 3.22156
965 2.238668983E+07 2.69077 3.55704 4.56295 10.23214 3.22160
966 2.238701623E+07 2.69267 3.55672 4.56546 10.23194 3.22167
967 2.238735473E+07 2.69439 3.55642 4.56771 10.23173 3.22178
968 2.238770695E+07 2.69587 3.55616 4.56964 10.23151 3.22192
969 2.238807372E+07 2.69708 3.55595 4.57119 10.23129 3.22211
970 2.238845595E+07 2.69796 3.55578 4.57229 10.23105 3.22235
971 2.238885454E+07 2.69845 3.55568 4.57286 10.23081 3.22242
972 2.238926925E+07 2.69850 3.55564 4.57281 10.23055 3.22251
973 2.238970267E+07 2.69807 3.55568 4.57211 10.23028 3.22263
974 2.239013572E+07 2.69722 3.55579 4.57082 10.23001 3.22277
975 2.239056380E+07 2.69604 3.55594 4.56908 10.22975 3.22295
976 2.239098293E+07 2.69462 3.55613 4.56701 10.22950 3.22319
977 2.239139386E+07 2.69307 3.55634 4.56475 10.22925 3.22338
978 2.239179733E+07 2.69147 3.55656 4.56243 10.22900 3.22337
979 2.239219817E+07 2.68987 3.55678 4.56011 10.22876 3.22337
980 2.239260155E+07 2.68833 3.55699 4.55787 10.22852 3.22340
981 2.239300391E+07 2.68693 3.55718 4.55582 10.22828 3.22351
982 2.239340633E+07 2.68572 3.55734 4.55404 10.22804 3.22365
983 2.239380952E+07 2.68474 3.55746 4.55256 10.22780 3.22347
984 2.239421561E+07 2.68401 3.55754 4.55144 10.22756 3.22334
985 2.239463248E+07 2.68356 3.55759 4.55071 10.22732 3.22331
986 2.239504998E+07 2.68344 3.55758 4.55043 10.22707 3.22340
987 2.239546606E+07 2.68363 3.55752 4.55059 10.22683 3.22309
988 2.239587964E+07 2.68410 3.55743 4.55116 10.22658 3.22289
989 2.239630256E+07 2.68489 3.55729 4.55217 10.22633 3.22285
990 2.239671948E+07 2.68593 3.55711 4.55353 10.22609 3.22274
991 2.239712678E+07 2.68718 3.55690 4.55520 10.22585 3.22244
992 2.239753098E+07 2.68863 3.55666 4.55716 10.22560 3.22229
993 2.239793543E+07 2.69027 3.55640 4.55939 10.22536 3.22233
994 2.239833203E+07 2.69203 3.55613 4.56181 10.22512 3.22201
995 2.239872018E+07 2.69387 3.55584 4.56434 10.22489 3.22179
996 2.239911151E+07 2.69583 3.55554 4.56705 10.22465 3.22173
997 2.239949835E+07 2.69785 3.55523 4.56986 10.22441 3.22164
998 2.239987916E+07 2.69990 3.55492 4.57272 10.22417 3.22136
999 2.240025792E+07 2.70200 3.55461 4.57566 10.22394 3.22123
1000 2.240063784E+07 2.70414 3.55429 4.57867 10.22370 3.22126
1001 2.240101397E+07 2.70630 3.55397 4.58171 10.22346 3.22102
1002 2.240138581E+07 2.70846 3.55365 4.58476 10.22323 3.22082
1003 2.240176124E+07 2.71064 3.55333 4.58786 10.22299 3.22077
1004 2.240213571E+07 2.71282 3.55302 4.59095 10.22274 3.22074
1005 2.240250697E+07 2.71497 3.55271 4.59402 10.22250 3.22050
1006 2.240287698E+07 2.71711 3.55240 4.59708 10.22226 3.22038
1007 2.240324956E+07 2.71926 3.55210 4.60015 10.22202 3.22041
1008 2.240361969E+07 2.72139 3.55180 4.60320 10.22177 3.22024
1009 2.240398661E+07 2.72348 3.55150 4.60622 10.22153 3.22008
1010 2.240435618E+07 2.72557 3.55121 4.60923 10.22128 3.22004
1011 2.240472542E+07 2.72764 3.55093 4.61221 10.22103 3.22004
1012 2.240509187E+07 2.72966 3.55065 4.61514 10.22078 3.21984
1013 2.240545633E+07 2.73165 3.55037 4.61804 10.22053 3.21974
1014 2.240582322E+07 2.73365 3.55010 4.62094 10.22028 3.21978
1015 2.240618730E+07 2.73560 3.54984 4.62379 10.22003 3.21966
1016 2.240654748E+07 2.73752 3.54958 4.62659 10.21978 3.21952
1017 2.240690873E+07 2.73943 3.54932 4.62939 10.21953 3.21949
1018 2.240726916E+07 2.74134 3.54907 4.63218 10.21927 3.21953
1019 2.240762564E+07 2.74318 3.54882 4.63490 10.21902 3.21935
1020 2.240797915E+07 2.74499 3.54858 4.63756 10.21877 3.21928
1021 2.240833417E+07 2.74678 3.54835 4.64019 10.21851 3.21932
1022 2.240868503E+07 2.74853 3.54812 4.64278 10.21826 3.21924
1023 2.240903075E+07 2.75024 3.54790 4.64531 10.21801 3.21912
1024 2.240937571E+07 2.75193 3.54768 4.64782 10.21776 3.21911
1025 2.240971825E+07 2.75361 3.54746 4.65030 10.21751 3.21916
1026 2.241005583E+07 2.75524 3.54725 4.65272 10.21726 3.21901
1027 2.241038899E+07 2.75683 3.54705 4.65509 10.21701 3.21895
1028 2.241072188E+07 2.75842 3.54684 4.65745 10.21677 3.21900
1029 2.241104983E+07 2.75996 3.54665 4.65975 10.21652 3.21894
1030 2.241137216E+07 2.76148 3.54645 4.66201 10.21628 3.21884
1031 2.241169203E+07 2.76297 3.54626 4.66425 10.21604 3.21884
1032 2.241200843E+07 2.76445 3.54608 4.66645 10.21580 3.21890
1033 2.241231944E+07 2.76588 3.54590 4.66861 10.21556 3.21878
1034 2.241262533E+07 2.76730 3.54572 4.67072 10.21533 3.21873
1035 2.241292923E+07 2.76869 3.54555 4.67280 10.21510 3.21877
1036 2.241322789E+07 2.77005 3.54538 4.67484 10.21487 3.21874
1037 2.241352087E+07 2.77138 3.54521 4.67684 10.21464 3.21866
1038 2.241381004E+07 2.77269 3.54505 4.67881 10.21442 3.21866
1039 2.241409510E+07 2.77398 3.54489 4.68075 10.21419 3.21874
1040 2.241437462E+07 2.77524 3.54473 4.68265 10.21398 3.21862
1041 2.241464859E+07 2.77647 3.54458 4.68450 10.21376 3.21858
1042 2.241491967E+07 2.77769 3.54443 4.68633 10.21355 3.21862
1043 2.241518542E+07 2.77887 3.54428 4.68812 10.21334 3.21862
1044 2.241544559E+07 2.78003 3.54414 4.68987 10.21313 3.21855
1045 2.241570123E+07 2.78117 3.54400 4.69158 10.21293 3.21854
1046 2.241595266E+07 2.78229 3.54386 4.69327 10.21272 3.21862
1047 2.241619868E+07 2.78338 3.54373 4.69492 10.21253 3.21854
1048 2.241643921E+07 2.78445 3.54360 4.69652 10.21233 3.21850
1049 2.241667606E+07 2.78549 3.54347 4.69810 10.21214 3.21853
1050 2.241690795E+07 2.78651 3.54334 4.69964 10.21195 3.21858
1051 2.241713459E+07 2.78751 3.54322 4.70115 10.21177 3.21850
1052 2.241735634E+07 2.78849 3.54310 4.70262 10.21159 3.21848
1053 2.241757411E+07 2.78944 3.54298 4.70406 10.21141 3.21854
1054 2.241778679E+07 2.79037 3.54287 4.70547 10.21124 3.21853
1055 2.241799439E+07 2.79129 3.54276 4.70684 10.21107 3.21847
1056 2.241819771E+07 2.79218 3.54265 4.70818 10.21090 3.21848
1057 2.241839669E+07 2.79305 3.54254 4.70948 10.21073 3.21857
1058 2.241859087E+07 2.79389 3.54243 4.71076 10.21057 3.21851
1059 2.241878028E+07 2.79472 3.54233 4.71200 10.21041 3.21848
1060 2.241896589E+07 2.79553 3.54223 4.71322 10.21026 3.21851
1061 2.241914705E+07 2.79632 3.54213 4.71439 10.21011 3.21858
1062 2.241932369E+07 2.79709 3.54203 4.71554 10.20996 3.21851
1063 2.241949595E+07 2.79784 3.54193 4.71666 10.20982 3.21849
1064 2.241966448E+07 2.79857 3.54184 4.71774 10.20967 3.21854
1065 2.241982872E+07 2.79928 3.54175 4.71879 10.20954 3.21859
1066 2.241998870E+07 2.79997 3.54166 4.71981 10.20940 3.21853
1067 2.242014460E+07 2.80065 3.54157 4.72080 10.20927 3.21852
1068 2.242029674E+07 2.80130 3.54148 4.72177 10.20914 3.21857
1069 2.242044479E+07 2.80194 3.54139 4.72270 10.20901 3.21862
1070 2.242058882E+07 2.80256 3.54131 4.72360 10.20889 3.21857
1071 2.242072901E+07 2.80316 3.54123 4.72447 10.20877 3.21857
1072 2.242086556E+07 2.80375 3.54114 4.72532 10.20865 3.21862
1073 2.242099832E+07 2.80432 3.54106 4.72613 10.20854 3.21867
1074 2.242112740E+07 2.80487 3.54098 4.72691 10.20843 3.21862
1075 2.242125293E+07 2.80541 3.54090 4.72767 10.20832 3.21862
1076 2.242137505E+07 2.80593 3.54083 4.72840 10.20822 3.21866
1077 2.242149373E+07 2.80643 3.54075 4.72910 10.20811 3.21873
1078 2.242160906E+07 2.80694 3.54067 4.72980 10.20802 3.21869
1079 2.242172119E+07 2.80742 3.54060 4.73047 10.20792 3.21868
1080 2.242183021E+07 2.80789 3.54052 4.73110 10.20782 3.21871
1081 2.242193615E+07 2.80834 3.54045 4.73171 10.20773 3.21879
1082 2.242203911E+07 2.80878 3.54037 4.73229 10.20764 3.21877
1083 2.242213917E+07 2.80920 3.54030 4.73285 10.20756 3.21875
1084 2.242223640E+07 2.80961 3.54023 4.73338 10.20747 3.21877
1085 2.242233089E+07 2.81001 3.54016 4.73389 10.20739 3.21883
1086 2.242242275E+07 2.81040 3.54008 4.73438 10.20731 3.21887
1087 2.242251209E+07 2.81078 3.54001 4.73485 10.20723 3.21884
1088 2.242259897E+07 2.81115 3.53994 4.73530 10.20716 3.21884
1089 2.242268344E+07 2.81150 3.53987 4.73573 10.20708 3.21888
1090 2.242276567E+07 2.81185 3.53980 4.73613 10.20701 3.21895
1091 2.242284574E+07 2.81219 3.53973 4.73652 10.20694 3.21895
1092 2.242292369E+07 2.81252 3.53965 4.73689 10.20687 3.21893
1093 2.242299944E+07 2.81285 3.53958 4.73726 10.20681 3.21895
1094 2.242307320E+07 2.81318 3.53951 4.73762 10.20674 3.21899
1095 2.242314512E+07 2.81349 3.53943 4.73795 10.20668 3.21907
1096 2.242321529E+07 2.81379 3.53936 4.73826 10.20662 3.21906
1097 2.242328388E+07 2.81409 3.53929 4.73856 10.20656 3.21904
1098 2.242335087E+07 2.81437 3.53921 4.73884 10.20650 3.21906
1099 2.242341662E+07 2.81465 3.53914 4.73910 10.20644 3.21911
1100 2.242348146E+07 2.81493 3.53906 4.73935 10.20638 3.21919
1101 2.242354582E+07 2.81520 3.53899 4.73960 10.20633 3.21917
1102 2.242361044E+07 2.81547 3.53891 4.73984 10.20627 3.21916
1103 2.242367650E+07 2.81574 3.53884 4.74009 10.20621 3.21917
1103 2.242366329E+07 2.81570 3.53885 4.74002 10.20622 3.21917
1104 2.242371614E+07 2.81591 3.53880 4.74024 10.20618 3.21920
1105 2.242376899E+07 2.81611 3.53875 4.74045 10.20613 3.21924
1106 2.242382183E+07 2.81628 3.53872 4.74068 10.20609 3.21927
1107 2.242387468E+07 2.81642 3.53871 4.74092 10.20604 3.21929
1107 2.242386411E+07 2.81641 3.53870 4.74085 10.20605 3.21928
1107 2.242385566E+07 2.81638 3.53870 4.74081 10.20606 3.21928
1107 2.242384889E+07 2.81636 3.53870 4.74078 10.20606 3.21928
1108 2.242387595E+07 2.81644 3.53870 4.74092 10.20604 3.21930
1108 2.242387054E+07 2.81643 3.53870 4.74088 10.20604 3.21929
1108 2.242386621E+07 2.81641 3.53870 4.74086 10.20605 3.21929
1109 2.242388353E+07 2.81646 3.53870 4.74095 10.20603 3.21930
1109 2.242388007E+07 2.81645 3.53870 4.74093 10.20603 3.21929
1109 2.242387729E+07 2.81644 3.53870 4.74092 10.20604 3.21929
1110 2.242388838E+07 2.81647 3.53870 4.74098 10.20603 3.21930
1111 2.242389946E+07 2.81650 3.53870 4.74103 10.20602 3.21930
1112 2.242391054E+07 2.81652 3.53870 4.74108 10.20601 3.21930
1113 2.242392163E+07 2.81655 3.53870 4.74114 10.20600 3.21930
1114 2.242393493E+07 2.81657 3.53870 4.74121 10.20599 3.21930
1115 2.242395089E+07 2.81660 3.53871 4.74129 10.20597 3.21930
1116 2.242397004E+07 2.81664 3.53872 4.74139 10.20595 3.21930
1116 2.242396621E+07 2.81663 3.53872 4.74137 10.20596 3.21930
1116 2.242396314E+07 2.81663 3.53871 4.74135 10.20596 3.21930
1117 2.242397540E+07 2.81665 3.53872 4.74142 10.20595 3.21930
1118 2.242398766E+07 2.81667 3.53873 4.74149 10.20594 3.21929
1119 2.242399992E+07 2.81669 3.53873 4.74155 10.20593 3.21929
1120 2.242401217E+07 2.81671 3.53874 4.74161 10.20592 3.21929
1121 2.242402688E+07 2.81673 3.53875 4.74169 10.20590 3.21929
1122 2.242404453E+07 2.81676 3.53875 4.74178 10.20589 3.21929
1123 2.242406571E+07 2.81680 3.53876 4.74190 10.20587 3.21929
1124 2.242409113E+07 2.81687 3.53877 4.74204 10.20585 3.21928
1125 2.242412163E+07 2.81696 3.53877 4.74223 10.20582 3.21928
1125 2.242411553E+07 2.81694 3.53876 4.74218 10.20583 3.21928
1126 2.242413993E+07 2.81702 3.53877 4.74235 10.20581 3.21927
1127 2.242416433E+07 2.81711 3.53876 4.74251 10.20578 3.21926
1128 2.242418873E+07 2.81722 3.53875 4.74269 10.20576 3.21925
1129 2.242421313E+07 2.81733 3.53874 4.74288 10.20574 3.21924
1130 2.242424241E+07 2.81749 3.53872 4.74311 10.20571 3.21923
1131 2.242427754E+07 2.81769 3.53870 4.74342 10.20568 3.21922
1131 2.242427052E+07 2.81765 3.53870 4.74334 10.20569 3.21922
1132 2.242429862E+07 2.81781 3.53868 4.74361 10.20566 3.21922
1133 2.242432673E+07 2.81799 3.53866 4.74386 10.20564 3.21921
1134 2.242435484E+07 2.81816 3.53864 4.74412 10.20561 3.21921
1135 2.242438295E+07 2.81835 3.53861 4.74438 10.20559 3.21920
1136 2.242441668E+07 2.81858 3.53858 4.74470 10.20556 3.21920
1137 2.242445716E+07 2.81886 3.53853 4.74509 10.20552 3.21921
1138 2.242450573E+07 2.81922 3.53847 4.74557 10.20548 3.21922
1139 2.242456401E+07 2.81967 3.53840 4.74616 10.20543 3.21925
1140 2.242463396E+07 2.82022 3.53830 4.74687 10.20537 3.21930
1141 2.242471789E+07 2.82090 3.53817 4.74772 10.20529 3.21929
1142 2.242481861E+07 2.82174 3.53800 4.74873 10.20520 3.21926
1143 2.242490270E+07 2.82246 3.53785 4.74955 10.20513 3.21930
1144 2.242496608E+07 2.82304 3.53771 4.75015 10.20507 3.21938
1144 2.242495341E+07 2.82293 3.53772 4.75001 10.20508 3.21935
1145 2.242500412E+07 2.82340 3.53762 4.75051 10.20504 3.21936
1145 2.242499397E+07 2.82331 3.53763 4.75040 10.20504 3.21937
1146 2.242503454E+07 2.82370 3.53754 4.75079 10.20501 3.21935
1147 2.242507511E+07 2.82411 3.53742 4.75114 10.20497 3.21936
1148 2.242511567E+07 2.82457 3.53728 4.75150 10.20494 3.21940
1149 2.242515624E+07 2.82506 3.53712 4.75183 10.20490 3.21949
1150 2.242517466E+07 2.82529 3.53704 4.75196 10.20488 3.21949
1151 2.242519236E+07 2.82550 3.53696 4.75209 10.20487 3.21949
1152 2.242520915E+07 2.82570 3.53689 4.75220 10.20485 3.21949
1153 2.242522541E+07 2.82588 3.53682 4.75230 10.20484 3.21950
1154 2.242524128E+07 2.82606 3.53675 4.75238 10.20482 3.21952
1155 2.242525689E+07 2.82623 3.53669 4.75245 10.20481 3.21955
1156 2.242527231E+07 2.82639 3.53662 4.75251 10.20480 3.21959
1157 2.242528759E+07 2.82653 3.53656 4.75256 10.20478 3.21963
1158 2.242530277E+07 2.82668 3.53650 4.75259 10.20477 3.21969
1159 2.242531790E+07 2.82681 3.53644 4.75262 10.20475 3.21968
1160 2.242533298E+07 2.82693 3.53638 4.75263 10.20474 3.21967
1161 2.242534798E+07 2.82705 3.53633 4.75264 10.20473 3.21968
1162 2.242536298E+07 2.82717 3.53627 4.75266 10.20471 3.21969
1163 2.242537801E+07 2.82729 3.53621 4.75268 10.20470 3.21971
1164 2.242539310E+07 2.82741 3.53616 4.75270 10.20469 3.21974
1165 2.242540825E+07 2.82752 3.53611 4.75271 10.20467 3.21978
1166 2.242542351E+07 2.82761 3.53606 4.75269 10.20466 3.21983
1167 2.242543888E+07 2.82769 3.53601 4.75267 10.20465 3.21988
1168 2.242545444E+07 2.82776 3.53597 4.75263 10.20463 3.21987
1169 2.242547020E+07 2.82782 3.53593 4.75257 10.20462 3.21987
1170 2.242548616E+07 2.82786 3.53589 4.75251 10.20460 3.21988
1171 2.242550248E+07 2.82789 3.53585 4.75243 10.20459 3.21989
1172 2.242551928E+07 2.82790 3.53582 4.75234 10.20457 3.21992
1173 2.242553672E+07 2.82791 3.53579 4.75223 10.20456 3.21995
1174 2.242555504E+07 2.82789 3.53577 4.75210 10.20454 3.21999
1174 2.242555138E+07 2.82790 3.53577 4.75212 10.20454 3.21998
1175 2.242556604E+07 2.82788 3.53576 4.75202 10.20453 3.22002
1175 2.242556311E+07 2.82788 3.53576 4.75203 10.20453 3.22001
1176 2.242557483E+07 2.82786 3.53575 4.75196 10.20452 3.22004
1176 2.242557249E+07 2.82786 3.53575 4.75197 10.20453 3.22003
1176 2.242557061E+07 2.82787 3.53575 4.75198 10.20453 3.22003
1177 2.242557812E+07 2.82785 3.53575 4.75193 10.20452 3.22005
1177 2.242557662E+07 2.82786 3.53575 4.75194 10.20452 3.22004
1177 2.242557542E+07 2.82786 3.53575 4.75195 10.20452 3.22004
1178 2.242558022E+07 2.82785 3.53575 4.75192 10.20452 3.22005
1179 2.242558502E+07 2.82783 3.53575 4.75189 10.20451 3.22006
1180 2.242558983E+07 2.82781 3.53575 4.75186 10.20451 3.22007
1181 2.242559463E+07 2.82779 3.53575 4.75184 10.20451 3.22008
1182 2.242560039E+07 2.82776 3.53576 4.75181 10.20450 3.22008
1182 2.242559924E+07 2.82777 3.53576 4.75181 10.20450 3.22008
1183 2.242560385E+07 2.82773 3.53577 4.75179 10.20450 3.22007
1183 2.242560293E+07 2.82774 3.53577 4.75180 10.20450 3.22007
1184 2.242560662E+07 2.82771 3.53578 4.75177 10.20450 3.22008
1185 2.242561031E+07 2.82768 3.53578 4.75174 10.20449 3.22008
1186 2.242561400E+07 2.82765 3.53579 4.75170 10.20449 3.22008
1187 2.242561769E+07 2.82762 3.53580 4.75167 10.20449 3.22008
1188 2.242562211E+07 2.82757 3.53581 4.75162 10.20448 3.22008
1189 2.242562742E+07 2.82751 3.53582 4.75156 10.20448 3.22008
1190 2.242563380E+07 2.82744 3.53584 4.75148 10.20447 3.22008
1191 2.242564145E+07 2.82735 3.53586 4.75137 10.20446 3.22008
1191 2.242563992E+07 2.82737 3.53585 4.75139 10.20447 3.22008
1192 2.242564604E+07 2.82729 3.53587 4.75130 10.20446 3.22009
1193 2.242565216E+07 2.82722 3.53588 4.75122 10.20445 3.22009
1194 2.242565828E+07 2.82715 3.53590 4.75114 10.20445 3.22009
1195 2.242566440E+07 2.82708 3.53591 4.75105 10.20444 3.22008
1196 2.242567174E+07 2.82700 3.53593 4.75094 10.20444 3.22008
1197 2.242568055E+07 2.82691 3.53594 4.75082 10.20443 3.22008
1198 2.242569113E+07 2.82682 3.53595 4.75068 10.20442 3.22008
1199 2.242570382E+07 2.82673 3.53596 4.75054 10.20441 3.22007
1200 2.242571905E+07 2.82667 3.53596 4.75040 10.20440 3.22007
1201 2.242573732E+07 2.82664 3.53594 4.75028 10.20438 3.22007
1202 2.242575925E+07 2.82670 3.53588 4.75018 10.20436 3.22008
1203 2.242577324E+07 2.82677 3.53584 4.75015 10.20435 3.22010
1204 2.242578578E+07 2.82687 3.53580 4.75018 10.20434 3.22013
1205 2.242579793E+07 2.82698 3.53576 4.75024 10.20432 3.22017
1206 2.242581012E+07 2.82710 3.53572 4.75031 10.20431 3.22021
1207 2.242582250E+07 2.82721 3.53568 4.75038 10.20430 3.22026
1208 2.242583505E+07 2.82732 3.53564 4.75045 10.20429 3.22026
1209 2.242584742E+07 2.82742 3.53561 4.75050 10.20428 3.22025
1210 2.242585875E+07 2.82751 3.53557 4.75054 10.20427 3.22026
1211 2.242586873E+07 2.82759 3.53554 4.75057 10.20426 3.22027
1212 2.242587765E+07 2.82766 3.53551 4.75060 10.20425 3.22029
1213 2.242588590E+07 2.82772 3.53548 4.75061 10.20425 3.22032
1214 2.242589366E+07 2.82777 3.53546 4.75063 10.20424 3.22035
1215 2.242590107E+07 2.82782 3.53544 4.75064 10.20423 3.22039
1216 2.242590820E+07 2.82787 3.53542 4.75065 10.20423 3.22044
1217 2.242591508E+07 2.82790 3.53540 4.75065 10.20422 3.22047
1218 2.242592173E+07 2.82794 3.53538 4.75065 10.20421 3.22046
1219 2.242592818E+07 2.82796 3.53537 4.75064 10.20421 3.22046
1220 2.242593441E+07 2.82801 3.53535 4.75066 10.20420 3.22047
1221 2.242594049E+07 2.82805 3.53534 4.75069 10.20420 3.22048
1222 2.242594643E+07 2.82809 3.53532 4.75072 10.20419 3.22050
1223 2.242595226E+07 2.82813 3.53531 4.75074 10.20419 3.22052
1224 2.242595801E+07 2.82815 3.53530 4.75075 10.20418 3.22055
1225 2.242596376E+07 2.82817 3.53529 4.75075 10.20418 3.22058
1225 2.242596261E+07 2.82817 3.53530 4.75076 10.20418 3.22057
1226 2.242596720E+07 2.82817 3.53529 4.75075 10.20417 3.22060
1227 2.242597180E+07 2.82817 3.53529 4.75074 10.20417 3.22062
1228 2.242597640E+07 2.82815 3.53529 4.75071 10.20417 3.22064
1229 2.242598099E+07 2.82812 3.53529 4.75066 10.20416 3.22066
1230 2.242598651E+07 2.82808 3.53530 4.75059 10.20416 3.22068
1230 2.242598540E+07 2.82809 3.53530 4.75061 10.20416 3.22067
1230 2.242598452E+07 2.82810 3.53530 4.75062 10.20416 3.22067
1231 2.242598805E+07 2.82807 3.53530 4.75057 10.20416 3.22069
1232 2.242599158E+07 2.82803 3.53530 4.75051 10.20415 3.22071
1233 2.242599511E+07 2.82799 3.53531 4.75045 10.20415 3.22070
1233 2.242599440E+07 2.82800 3.53531 4.75047 10.20415 3.22070
1233 2.242599384E+07 2.82801 3.53530 4.75048 10.20415 3.22070
1234 2.242599610E+07 2.82798 3.53531 4.75044 10.20415 3.22070
1235 2.242599836E+07 2.82796 3.53531 4.75039 10.20415 3.22070
1236 2.242600062E+07 2.82793 3.53531 4.75035 10.20414 3.22070
1237 2.242600287E+07 2.82791 3.53531 4.75031 10.20414 3.22070
1238 2.242600559E+07 2.82788 3.53532 4.75026 10.20414 3.22070
1239 2.242600884E+07 2.82784 3.53532 4.75020 10.20414 3.22071
1240 2.242601274E+07 2.82780 3.53532 4.75013 10.20413 3.22071
1241 2.242601662E+07 2.82776 3.53533 4.75007 10.20413 3.22072
1242 2.242602011E+07 2.82772 3.53533 4.75001 10.20413 3.22074
1243 2.242602324E+07 2.82769 3.53534 4.74997 10.20412 3.22076
1244 2.242602608E+07 2.82766 3.53534 4.74993 10.20412 3.22079
1245 2.242602868E+07 2.82764 3.53534 4.74990 10.20412 3.22083
1246 2.242603107E+07 2.82763 3.53535 4.74989 10.20412 3.22086
1247 2.242603324E+07 2.82763 3.53535 4.74990 10.20412 3.22091
1248 2.242603526E+07 2.82763 3.53535 4.74992 10.20411 3.22094
1249 2.242603714E+07 2.82764 3.53536 4.74995 10.20411 3.22093
1250 2.242603892E+07 2.82764 3.53536 4.74997 10.20411 3.22093
1251 2.242604059E+07 2.82765 3.53536 4.75000 10.20411 3.22094
1252 2.242604220E+07 2.82766 3.53537 4.75003 10.20411 3.22095
