1 3.903244000E+04 0.63901 4.44490 4.01086 11.99995 0.00004
2 7.149085496E+04 0.63921 4.44486 4.01113 11.99991 0.00004
3 1.104409529E+05 0.63972 4.44472 4.01156 11.99986 0.00004
4 1.571810704E+05 0.64039 4.44454 4.01219 11.99980 0.00004
5 2.132692115E+05 0.64120 4.44433 4.01297 11.99973 0.00004
6 2.805749807E+05 0.64216 4.44409 4.01393 11.99965 0.00004
7 3.613419038E+05 0.64330 4.44381 4.01508 11.99954 0.00004
8 4.582622116E+05 0.64464 4.44349 4.01647 11.99942 0.00004
9 5.745665808E+05 0.64621 4.44312 4.01816 11.99927 0.00004
10 7.141318239E+05 0.64806 4.44271 4.02021 11.99909 0.00004
11 8.816101157E+05 0.65022 4.44225 4.02270 11.99887 0.00004
12 1.082584066E+06 0.65277 4.44174 4.02573 11.99861 0.00004
13 1.323752806E+06 0.65575 4.44117 4.02942 11.99829 0.00004
14 1.613155294E+06 0.65927 4.44054 4.03393 11.99790 0.00004
15 1.914835395E+06 0.66290 4.43992 4.03872 11.99748 0.00004
16 2.223093946E+06 0.66658 4.43932 4.04369 11.99705 0.00003
17 2.536041103E+06 0.67031 4.43874 4.04881 11.99657 0.00003
18 2.851342771E+06 0.67407 4.43817 4.05406 11.99604 0.00003
19 3.166905306E+06 0.67786 4.43761 4.05938 11.99547 0.00003
20 3.481482968E+06 0.68167 4.43705 4.06477 11.99485 0.00003
21 3.793871023E+06 0.68552 4.43648 4.07020 11.99419 0.00003
22 4.102623147E+06 0.68940 4.43590 4.07563 11.99349 0.00003
23 4.405956650E+06 0.69331 4.43530 4.08106 11.99274 0.00003
24 4.703638050E+06 0.69720 4.43471 4.08647 11.99195 0.00003
25 4.997829957E+06 0.70111 4.43411 4.09190 11.99112 0.00003
26 5.288523013E+06 0.70504 4.43350 4.09733 11.99023 0.00003
27 5.575429265E+06 0.70899 4.43289 4.10277 11.98930 0.00003
28 5.858332704E+06 0.71295 4.43227 4.10822 11.98832 0.00003
29 6.137083012E+06 0.71694 4.43163 4.11365 11.98728 0.00003
30 6.411491060E+06 0.72095 4.43098 4.11908 11.98619 0.00003
31 6.681417503E+06 0.72499 4.43032 4.12449 11.98505 0.00003
32 6.946717436E+06 0.72904 4.42964 4.12988 11.98386 0.00002
33 7.207168442E+06 0.73311 4.42894 4.13524 11.98261 0.00002
34 7.462444821E+06 0.73722 4.42822 4.14056 11.98131 0.00002
35 7.712003445E+06 0.74135 4.42747 4.14581 11.97996 0.00002
36 7.954805230E+06 0.74550 4.42668 4.15097 11.97855 0.00002
37 8.190663478E+06 0.74964 4.42588 4.15605 11.97711 0.00002
38 8.421703975E+06 0.75378 4.42507 4.16109 11.97560 0.00002
39 8.648306843E+06 0.75794 4.42424 4.16609 11.97403 0.00002
40 8.870483538E+06 0.76211 4.42340 4.17105 11.97241 0.00002
41 9.088272621E+06 0.76630 4.42253 4.17597 11.97072 0.00002
42 9.301738892E+06 0.77050 4.42165 4.18085 11.96896 0.00002
43 9.510907685E+06 0.77472 4.42075 4.18569 11.96715 0.00002
44 9.715814308E+06 0.77896 4.41983 4.19049 11.96527 0.00002
45 9.916490733E+06 0.78322 4.41889 4.19524 11.96332 0.00003
46 1.011296178E+07 0.78749 4.41793 4.19994 11.96131 0.00003
47 1.030516289E+07 0.79178 4.41695 4.20459 11.95924 0.00003
48 1.049281129E+07 0.79611 4.41593 4.20920 11.95710 0.00003
49 1.067539161E+07 0.80046 4.41489 4.21372 11.95491 0.00003
50 1.085248058E+07 0.80481 4.41382 4.21814 11.95267 0.00003
51 1.102472965E+07 0.80915 4.41274 4.22248 11.95039 0.00003
52 1.119333508E+07 0.81349 4.41164 4.22678 11.94803 0.00003
53 1.135854265E+07 0.81785 4.41052 4.23103 11.94561 0.00003
54 1.152038803E+07 0.82223 4.40938 4.23523 11.94312 0.00003
55 1.167894994E+07 0.82662 4.40823 4.23939 11.94056 0.00003
56 1.183425752E+07 0.83103 4.40705 4.24351 11.93793 0.00003
57 1.198637169E+07 0.83546 4.40586 4.24758 11.93523 0.00003
58 1.213534227E+07 0.83990 4.40464 4.25160 11.93246 0.00003
59 1.228120042E+07 0.84435 4.40341 4.25557 11.92963 0.00003
60 1.242397856E+07 0.84883 4.40215 4.25950 11.92673 0.00003
61 1.256368618E+07 0.85332 4.40087 4.26337 11.92376 0.00004
62 1.270029740E+07 0.85782 4.39958 4.26719 11.92073 0.00004
63 1.283369268E+07 0.86235 4.39825 4.27094 11.91765 0.00004
64 1.296356746E+07 0.86689 4.39689 4.27460 11.91451 0.00004
65 1.308966025E+07 0.87142 4.39552 4.27818 11.91134 0.00004
66 1.321266657E+07 0.87595 4.39414 4.28171 11.90812 0.00004
67 1.333315265E+07 0.88048 4.39274 4.28519 11.90484 0.00004
68 1.345124456E+07 0.88505 4.39133 4.28864 11.90149 0.00004
69 1.356683713E+07 0.88963 4.38989 4.29206 11.89809 0.00004
70 1.367988365E+07 0.89423 4.38844 4.29544 11.89463 0.00004
71 1.379062711E+07 0.89883 4.38697 4.29877 11.89111 0.00005
72 1.389915533E+07 0.90346 4.38548 4.30206 11.88753 0.00005
73 1.400549474E+07 0.90809 4.38397 4.30531 11.88389 0.00005
74 1.410967428E+07 0.91274 4.38245 4.30852 11.88019 0.00005
75 1.421173252E+07 0.91740 4.38091 4.31168 11.87644 0.00005
76 1.431169656E+07 0.92208 4.37935 4.31480 11.87264 0.00005
77 1.440956959E+07 0.92677 4.37777 4.31788 11.86879 0.00005
78 1.450530155E+07 0.93147 4.37618 4.32090 11.86489 0.00006
79 1.459880610E+07 0.93619 4.37456 4.32386 11.86095 0.00006
80 1.468992656E+07 0.94092 4.37292 4.32676 11.85699 0.00006
81 1.477865462E+07 0.94562 4.37128 4.32959 11.85301 0.00006
82 1.486546472E+07 0.95033 4.36962 4.33239 11.84899 0.00006
83 1.495063160E+07 0.95504 4.36796 4.33515 11.84492 0.00007
84 1.503420245E+07 0.95977 4.36627 4.33788 11.84080 0.00007
85 1.511621404E+07 0.96451 4.36458 4.34058 11.83664 0.00007
86 1.519669535E+07 0.96926 4.36287 4.34325 11.83244 0.00007
87 1.527567941E+07 0.97403 4.36115 4.34588 11.82819 0.00008
88 1.535321071E+07 0.97881 4.35941 4.34849 11.82390 0.00008
89 1.542921239E+07 0.98363 4.35765 4.35109 11.81958 0.00008
90 1.550358663E+07 0.98844 4.35588 4.35365 11.81522 0.00009
91 1.557656337E+07 0.99326 4.35411 4.35619 11.81083 0.00009
92 1.564822785E+07 0.99808 4.35232 4.35869 11.80641 0.00010
93 1.571858656E+07 1.00292 4.35052 4.36117 11.80202 0.00010
94 1.578766649E+07 1.00777 4.34871 4.36362 11.79767 0.00010
95 1.585542472E+07 1.01262 4.34689 4.36605 11.79337 0.00011
96 1.592179840E+07 1.01746 4.34507 4.36844 11.78912 0.00012
97 1.598679249E+07 1.02229 4.34324 4.37080 11.78493 0.00012
98 1.605063190E+07 1.02711 4.34142 4.37315 11.78078 0.00013
99 1.611355875E+07 1.03193 4.33960 4.37549 11.77666 0.00014
100 1.617561941E+07 1.03675 4.33777 4.37783 11.77256 2.82653
101 1.623677949E+07 1.04115 4.33610 4.37994 11.76849 2.85978
102 1.626735954E+07 1.04343 4.33523 4.38101 11.76645 2.86769
103 1.630405559E+07 1.04630 4.33414 4.38240 11.76399 2.87410
104 1.634809085E+07 1.04981 4.33281 4.38411 11.76102 2.87993
105 1.640093316E+07 1.05407 4.33121 4.38620 11.75743 2.88508
106 1.646434393E+07 1.05921 4.32927 4.38876 11.75309 2.88904
107 1.652947271E+07 1.06449 4.32730 4.39143 11.74858 2.89052
108 1.659371216E+07 1.06965 4.32539 4.39412 11.74410 2.88897
109 1.665699438E+07 1.07464 4.32358 4.39684 11.73963 2.88549
110 1.671946832E+07 1.07940 4.32189 4.39961 11.73518 2.88255
111 1.678152293E+07 1.08386 4.32038 4.40248 11.73071 2.88007
112 1.684343529E+07 1.08790 4.31910 4.40547 11.72619 2.87797
113 1.690420710E+07 1.09123 4.31822 4.40860 11.72169 2.87619
114 1.696097405E+07 1.09342 4.31792 4.41177 11.71742 2.87470
115 1.700952377E+07 1.09412 4.31833 4.41479 11.71371 2.87351
116 1.704844746E+07 1.09341 4.31937 4.41754 11.71068 2.87259
117 1.707676065E+07 1.09182 4.32075 4.41989 11.70844 2.87191
118 1.709750212E+07 1.08971 4.32231 4.42190 11.70678 2.87141
119 1.711327251E+07 1.08731 4.32396 4.42369 11.70550 2.87103
120 1.712565660E+07 1.08474 4.32565 4.42534 11.70448 2.87073
121 1.713565957E+07 1.08208 4.32737 4.42689 11.70365 2.87051
122 1.714393237E+07 1.07934 4.32911 4.42838 11.70295 2.87058
123 1.715088934E+07 1.07657 4.33086 4.42983 11.70236 2.87064
124 1.715680423E+07 1.07377 4.33262 4.43128 11.70185 2.87070
125 1.716187285E+07 1.07098 4.33438 4.43273 11.70141 2.87074
126 1.716624629E+07 1.06820 4.33614 4.43420 11.70102 2.87078
127 1.717003624E+07 1.06544 4.33789 4.43569 11.70068 2.87082
128 1.717333130E+07 1.06273 4.33963 4.43722 11.70038 2.87086
129 1.717620152E+07 1.06007 4.34135 4.43880 11.70012 2.87090
130 1.717870300E+07 1.05747 4.34306 4.44043 11.69989 2.87094
131 1.718088377E+07 1.05496 4.34474 4.44212 11.69968 2.87098
132 1.718278397E+07 1.05254 4.34638 4.44385 11.69950 2.87104
133 1.718443775E+07 1.05023 4.34798 4.44561 11.69934 2.87110
134 1.718588142E+07 1.04805 4.34952 4.44742 11.69920 2.87118
135 1.718714466E+07 1.04598 4.35102 4.44928 11.69908 2.87106
136 1.718825022E+07 1.04404 4.35246 4.45117 11.69896 2.87076
137 1.718921759E+07 1.04223 4.35385 4.45310 11.69887 2.87041
138 1.719006287E+07 1.04054 4.35518 4.45503 11.69878 2.87001
139 1.719079996E+07 1.03899 4.35643 4.45695 11.69871 2.86956
140 1.719144269E+07 1.03757 4.35762 4.45885 11.69865 2.86906
141 1.719200342E+07 1.03626 4.35874 4.46071 11.69859 2.86852
142 1.719249225E+07 1.03507 4.35978 4.46251 11.69854 2.86792
143 1.719291817E+07 1.03400 4.36075 4.46424 11.69850 2.86722
144 1.719329003E+07 1.03303 4.36165 4.46588 11.69846 2.86640
145 1.719361446E+07 1.03216 4.36247 4.46743 11.69843 2.86552
146 1.719389781E+07 1.03137 4.36322 4.46886 11.69840 2.86458
147 1.719414511E+07 1.03068 4.36389 4.47016 11.69838 2.86363
148 1.719436669E+07 1.03006 4.36448 4.47127 11.69835 2.86261
149 1.719455797E+07 1.02955 4.36495 4.47215 11.69833 2.86169
150 1.719474647E+07 1.02907 4.36538 4.47290 11.69832 2.86074
151 1.719493357E+07 1.02863 4.36575 4.47351 11.69830 2.85975
152 1.719512214E+07 1.02821 4.36608 4.47398 11.69828 2.85872
153 1.719531348E+07 1.02784 4.36634 4.47428 11.69826 2.85763
154 1.719550917E+07 1.02751 4.36654 4.47441 11.69824 2.85650
155 1.719571053E+07 1.02722 4.36667 4.47435 11.69822 2.85534
156 1.719591886E+07 1.02699 4.36671 4.47405 11.69820 2.85417
157 1.719613525E+07 1.02682 4.36666 4.47352 11.69818 2.85306
158 1.719636033E+07 1.02673 4.36650 4.47271 11.69815 2.85144
159 1.719659463E+07 1.02673 4.36623 4.47163 11.69813 2.84952
160 1.719683954E+07 1.02685 4.36583 4.47023 11.69811 2.84745
161 1.719709309E+07 1.02709 4.36528 4.46855 11.69808 2.84531
162 1.719735388E+07 1.02748 4.36460 4.46660 11.69806 2.84321
163 1.719762076E+07 1.02803 4.36378 4.46441 11.69803 2.84126
164 1.719789259E+07 1.02877 4.36281 4.46204 11.69800 2.83958
165 1.719816822E+07 1.02971 4.36172 4.45954 11.69798 2.83700
166 1.719844681E+07 1.03087 4.36049 4.45696 11.69795 2.83433
167 1.719872934E+07 1.03228 4.35914 4.45435 11.69792 2.83178
168 1.719901420E+07 1.03394 4.35766 4.45177 11.69790 2.82944
169 1.719930083E+07 1.03588 4.35607 4.44928 11.69787 2.82739
170 1.719958844E+07 1.03811 4.35437 4.44693 11.69784 2.82569
171 1.719987652E+07 1.04063 4.35257 4.44477 11.69781 2.82344
172 1.720016469E+07 1.04344 4.35068 4.44283 11.69778 2.82093
173 1.720045364E+07 1.04655 4.34870 4.44114 11.69776 2.81861
174 1.720074272E+07 1.04995 4.34664 4.43972 11.69773 2.81650
175 1.720103069E+07 1.05363 4.34452 4.43859 11.69770 2.81464
176 1.720131669E+07 1.05754 4.34236 4.43775 11.69768 2.81304
177 1.720160041E+07 1.06167 4.34015 4.43719 11.69765 2.81171
178 1.720188176E+07 1.06600 4.33791 4.43690 11.69763 2.80995
179 1.720216069E+07 1.07051 4.33565 4.43686 11.69760 2.80796
180 1.720243725E+07 1.07517 4.33337 4.43705 11.69758 2.80612
181 1.720271136E+07 1.07996 4.33107 4.43745 11.69755 2.80444
182 1.720298315E+07 1.08487 4.32876 4.43803 11.69753 2.80292
183 1.720325283E+07 1.08987 4.32645 4.43876 11.69751 2.80156
184 1.720352059E+07 1.09495 4.32412 4.43964 11.69748 2.80037
185 1.720378666E+07 1.10010 4.32180 4.44064 11.69746 2.79933
186 1.720405134E+07 1.10531 4.31947 4.44173 11.69743 2.79836
187 1.720431495E+07 1.11058 4.31713 4.44291 11.69741 2.79676
188 1.720457770E+07 1.11588 4.31479 4.44416 11.69739 2.79525
189 1.720483906E+07 1.12121 4.31245 4.44545 11.69737 2.79385
190 1.720510019E+07 1.12656 4.31010 4.44679 11.69734 2.79254
191 1.720536132E+07 1.13195 4.30775 4.44816 11.69732 2.79132
192 1.720562269E+07 1.13736 4.30539 4.44954 11.69730 2.79021
193 1.720588452E+07 1.14280 4.30302 4.45094 11.69727 2.78919
194 1.720614700E+07 1.14826 4.30065 4.45235 11.69725 2.78828
195 1.720641033E+07 1.15375 4.29825 4.45375 11.69723 2.78746
196 1.720667464E+07 1.15925 4.29585 4.45515 11.69720 2.78654
197 1.720694010E+07 1.16477 4.29344 4.45653 11.69718 2.78518
198 1.720720653E+07 1.17031 4.29101 4.45790 11.69716 2.78389
199 1.720747360E+07 1.17585 4.28857 4.45924 11.69713 2.78268
200 1.720774205E+07 1.18141 4.28613 4.46056 11.69711 2.78153
201 1.720801193E+07 1.18699 4.28366 4.46186 11.69708 2.78046
202 1.720828330E+07 1.19257 4.28118 4.46312 11.69706 2.77946
203 1.720855636E+07 1.19817 4.27869 4.46436 11.69703 2.77854
204 1.720883119E+07 1.20379 4.27619 4.46556 11.69701 2.77770
205 1.720910763E+07 1.20942 4.27366 4.46673 11.69699 2.77694
206 1.720938564E+07 1.21507 4.27112 4.46786 11.69696 2.77619
207 1.720966518E+07 1.22074 4.26856 4.46897 11.69694 2.77494
208 1.720994612E+07 1.22642 4.26599 4.47003 11.69691 2.77375
209 1.721022754E+07 1.23210 4.26341 4.47106 11.69689 2.77262
210 1.721051032E+07 1.23779 4.26081 4.47206 11.69686 2.77155
211 1.721079441E+07 1.24350 4.25819 4.47301 11.69683 2.77055
212 1.721107976E+07 1.24923 4.25556 4.47394 11.69681 2.76961
213 1.721136629E+07 1.25497 4.25291 4.47482 11.69678 2.76874
214 1.721165394E+07 1.26073 4.25024 4.47567 11.69676 2.76794
215 1.721194266E+07 1.26650 4.24756 4.47649 11.69673 2.76720
216 1.721223281E+07 1.27228 4.24486 4.47727 11.69671 2.76653
217 1.721252414E+07 1.27809 4.24215 4.47802 11.69668 2.76547
218 1.721281638E+07 1.28392 4.23941 4.47873 11.69666 2.76436
219 1.721310843E+07 1.28975 4.23667 4.47942 11.69663 2.76331
220 1.721340090E+07 1.29560 4.23391 4.48007 11.69661 2.76232
221 1.721369394E+07 1.30146 4.23113 4.48068 11.69658 2.76138
222 1.721398745E+07 1.30734 4.22833 4.48127 11.69656 2.76049
223 1.721428132E+07 1.31325 4.22552 4.48182 11.69653 2.75966
224 1.721457545E+07 1.31917 4.22269 4.48234 11.69650 2.75888
225 1.721486975E+07 1.32511 4.21984 4.48283 11.69648 2.75816
226 1.721516410E+07 1.33107 4.21697 4.48328 11.69645 2.75748
227 1.721545840E+07 1.33705 4.21409 4.48371 11.69643 2.75678
228 1.721575301E+07 1.34304 4.21120 4.48411 11.69641 2.75576
229 1.721604766E+07 1.34905 4.20828 4.48448 11.69638 2.75479
230 1.721634099E+07 1.35507 4.20536 4.48482 11.69636 2.75387
231 1.721663390E+07 1.36110 4.20242 4.48513 11.69633 2.75299
232 1.721692626E+07 1.36715 4.19946 4.48540 11.69631 2.75215
233 1.721721798E+07 1.37323 4.19649 4.48565 11.69628 2.75136
234 1.721750892E+07 1.37933 4.19349 4.48587 11.69626 2.75060
235 1.721779896E+07 1.38544 4.19048 4.48606 11.69624 2.74989
236 1.721808795E+07 1.39158 4.18746 4.48623 11.69621 2.74921
237 1.721837576E+07 1.39773 4.18441 4.48636 11.69619 2.74857
238 1.721866227E+07 1.40390 4.18135 4.48646 11.69617 2.74796
239 1.721894734E+07 1.41007 4.17829 4.48654 11.69615 2.74718
240 1.721923191E+07 1.41626 4.17521 4.48659 11.69613 2.74633
241 1.721951424E+07 1.42246 4.17212 4.48661 11.69610 2.74552
242 1.721979447E+07 1.42866 4.16901 4.48661 11.69608 2.74474
243 1.722007284E+07 1.43488 4.16590 4.48658 11.69606 2.74399
244 1.722034924E+07 1.44111 4.16277 4.48652 11.69604 2.74328
245 1.722062354E+07 1.44735 4.15962 4.48643 11.69602 2.74259
246 1.722089564E+07 1.45360 4.15647 4.48632 11.69600 2.74194
247 1.722116541E+07 1.45987 4.15330 4.48618 11.69598 2.74131
248 1.722143276E+07 1.46615 4.15012 4.48602 11.69596 2.74070
249 1.722169757E+07 1.47243 4.14693 4.48583 11.69594 2.74012
250 1.722195978E+07 1.47869 4.14375 4.48562 11.69592 2.73956
251 1.722222067E+07 1.48497 4.14055 4.48538 11.69590 2.73902
252 1.722247922E+07 1.49127 4.13733 4.48512 11.69589 2.73849
253 1.722273521E+07 1.49758 4.13411 4.48483 11.69587 2.73781
254 1.722298858E+07 1.50390 4.13087 4.48452 11.69585 2.73715
255 1.722323840E+07 1.51022 4.12763 4.48419 11.69583 2.73651
256 1.722348565E+07 1.51654 4.12438 4.48383 11.69582 2.73590
257 1.722373032E+07 1.52289 4.12111 4.48345 11.69580 2.73531
258 1.722397241E+07 1.52924 4.11783 4.48305 11.69578 2.73474
259 1.722421194E+07 1.53562 4.11454 4.48263 11.69577 2.73418
260 1.722444887E+07 1.54198 4.11125 4.48219 11.69575 2.73364
261 1.722468416E+07 1.54835 4.10794 4.48172 11.69574 2.73311
262 1.722491777E+07 1.55477 4.10461 4.48122 11.69572 2.73260
263 1.722514890E+07 1.56121 4.10126 4.48071 11.69571 2.73210
264 1.722537755E+07 1.56767 4.09790 4.48017 11.69569 2.73161
265 1.722560372E+07 1.57415 4.09452 4.47962 11.69568 2.73113
266 1.722582742E+07 1.58066 4.09112 4.47904 11.69567 2.73067
267 1.722604864E+07 1.58719 4.08771 4.47845 11.69565 2.73022
268 1.722626736E+07 1.59375 4.08427 4.47784 11.69564 2.72977
269 1.722648353E+07 1.60033 4.08082 4.47720 11.69563 2.72934
270 1.722669711E+07 1.60691 4.07737 4.47655 11.69562 2.72892
271 1.722690906E+07 1.61349 4.07391 4.47588 11.69561 2.72850
272 1.722711940E+07 1.62013 4.07042 4.47519 11.69560 2.72803
273 1.722732717E+07 1.62680 4.06691 4.47448 11.69558 2.72757
274 1.722753192E+07 1.63347 4.06339 4.47376 11.69557 2.72711
275 1.722773392E+07 1.64016 4.05986 4.47302 11.69556 2.72667
276 1.722793329E+07 1.64687 4.05632 4.47227 11.69555 2.72624
277 1.722813001E+07 1.65361 4.05276 4.47150 11.69554 2.72582
278 1.722832404E+07 1.66036 4.04919 4.47072 11.69553 2.72542
279 1.722851526E+07 1.66713 4.04560 4.46992 11.69552 2.72502
280 1.722870363E+07 1.67385 4.04204 4.46912 11.69551 2.72463
281 1.722889078E+07 1.68062 4.03845 4.46829 11.69550 2.72425
282 1.722907591E+07 1.68742 4.03484 4.46745 11.69549 2.72388
283 1.722925855E+07 1.69425 4.03121 4.46659 11.69548 2.72352
284 1.722943881E+07 1.70110 4.02757 4.46572 11.69548 2.72317
285 1.722961679E+07 1.70799 4.02391 4.46483 11.69547 2.72282
286 1.722979264E+07 1.71490 4.02023 4.46394 11.69546 2.72248
287 1.722996648E+07 1.72185 4.01652 4.46302 11.69545 2.72214
288 1.723013821E+07 1.72885 4.01279 4.46210 11.69544 2.72182
289 1.723030783E+07 1.73587 4.00904 4.46116 11.69543 2.72149
290 1.723047569E+07 1.74285 4.00531 4.46020 11.69542 2.72118
291 1.723064343E+07 1.74995 4.00152 4.45922 11.69541 2.72086
292 1.723080935E+07 1.75710 3.99769 4.45822 11.69540 2.72055
293 1.723097351E+07 1.76430 3.99384 4.45720 11.69539 2.72024
294 1.723113605E+07 1.77156 3.98995 4.45617 11.69538 2.71993
295 1.723129723E+07 1.77887 3.98604 4.45512 11.69537 2.71963
296 1.723145735E+07 1.78626 3.98207 4.45404 11.69536 2.71933
297 1.723161642E+07 1.79375 3.97805 4.45295 11.69534 2.71904
298 1.723177449E+07 1.80133 3.97398 4.45182 11.69533 2.71874
299 1.723193184E+07 1.80900 3.96986 4.45068 11.69532 2.71844
300 1.723208923E+07 1.81672 3.96570 4.44950 11.69531 2.71814
301 1.723224806E+07 1.82467 3.96143 4.44828 11.69530 2.71784
302 1.723240733E+07 1.83278 3.95705 4.44701 11.69529 2.71753
303 1.723256757E+07 1.84110 3.95256 4.44569 11.69528 2.71722
304 1.723272954E+07 1.84967 3.94793 4.44432 11.69526 2.71690
305 1.723289405E+07 1.85853 3.94315 4.44288 11.69525 2.71656
306 1.723306205E+07 1.86775 3.93815 4.44136 11.69524 2.71622
307 1.723323442E+07 1.87741 3.93292 4.43974 11.69522 2.71585
308 1.723341271E+07 1.88762 3.92738 4.43800 11.69521 2.71544
309 1.723359856E+07 1.89849 3.92147 4.43611 11.69519 2.71497
310 1.723379023E+07 1.90994 3.91524 4.43407 11.69518 2.71448
311 1.723396520E+07 1.92058 3.90943 4.43210 11.69516 2.71399
312 1.723411149E+07 1.92959 3.90448 4.43034 11.69515 2.71357
313 1.723423473E+07 1.93729 3.90024 4.42878 11.69514 2.71320
314 1.723434050E+07 1.94398 3.89654 4.42738 11.69513 2.71287
315 1.723443352E+07 1.94990 3.89327 4.42611 11.69512 2.71257
316 1.723451772E+07 1.95531 3.89026 4.42491 11.69511 2.71229
317 1.723459528E+07 1.96036 3.88746 4.42377 11.69510 2.71204
318 1.723466770E+07 1.96506 3.88484 4.42272 11.69509 2.71180
319 1.723473700E+07 1.96954 3.88234 4.42169 11.69509 2.71157
320 1.723480381E+07 1.97392 3.87989 4.42066 11.69508 2.71135
321 1.723486765E+07 1.97818 3.87751 4.41964 11.69507 2.71111
322 1.723492890E+07 1.98234 3.87518 4.41863 11.69507 2.71088
323 1.723498802E+07 1.98638 3.87291 4.41766 11.69506 2.71065
324 1.723504576E+07 1.99036 3.87068 4.41669 11.69506 2.71044
325 1.723510228E+07 1.99430 3.86847 4.41572 11.69505 2.71023
326 1.723515734E+07 1.99817 3.86630 4.41478 11.69504 2.71002
327 1.723521152E+07 2.00193 3.86420 4.41391 11.69504 2.70983
328 1.723526619E+07 2.00576 3.86205 4.41295 11.69503 2.70963
329 1.723531958E+07 2.00958 3.85990 4.41199 11.69503 2.70945
330 1.723537187E+07 2.01339 3.85775 4.41102 11.69502 2.70926
331 1.723542314E+07 2.01715 3.85563 4.41007 11.69501 2.70908
332 1.723547420E+07 2.02092 3.85351 4.40913 11.69501 2.70891
333 1.723552506E+07 2.02474 3.85136 4.40815 11.69500 2.70874
334 1.723557535E+07 2.02855 3.84921 4.40719 11.69500 2.70856
335 1.723562548E+07 2.03230 3.84712 4.40633 11.69499 2.70838
336 1.723567697E+07 2.03620 3.84492 4.40534 11.69499 2.70819
337 1.723572802E+07 2.04014 3.84270 4.40433 11.69498 2.70800
338 1.723577856E+07 2.04412 3.84046 4.40330 11.69497 2.70782
339 1.723582860E+07 2.04808 3.83823 4.40230 11.69497 2.70765
340 1.723587900E+07 2.05209 3.83596 4.40128 11.69496 2.70747
341 1.723592944E+07 2.05618 3.83366 4.40022 11.69496 2.70730
342 1.723597955E+07 2.06030 3.83133 4.39916 11.69495 2.70714
343 1.723602955E+07 2.06437 3.82906 4.39823 11.69494 2.70698
344 1.723608115E+07 2.06860 3.82668 4.39715 11.69494 2.70681
345 1.723613230E+07 2.07287 3.82426 4.39604 11.69493 2.70665
346 1.723618311E+07 2.07720 3.82181 4.39490 11.69492 2.70649
347 1.723623359E+07 2.08152 3.81938 4.39379 11.69492 2.70634
348 1.723628445E+07 2.08590 3.81691 4.39265 11.69491 2.70617
349 1.723633547E+07 2.09034 3.81439 4.39148 11.69490 2.70600
350 1.723638639E+07 2.09486 3.81183 4.39027 11.69490 2.70583
351 1.723643727E+07 2.09936 3.80931 4.38919 11.69489 2.70567
352 1.723648968E+07 2.10403 3.80667 4.38800 11.69488 2.70550
353 1.723654216E+07 2.10878 3.80398 4.38673 11.69488 2.70534
354 1.723659446E+07 2.11361 3.80124 4.38543 11.69487 2.70518
355 1.723664653E+07 2.11850 3.79847 4.38412 11.69486 2.70502
356 1.723669858E+07 2.12340 3.79569 4.38283 11.69486 2.70487
357 1.723675116E+07 2.12842 3.79284 4.38146 11.69485 2.70472
358 1.723680353E+07 2.13351 3.78995 4.38006 11.69484 2.70456
359 1.723685567E+07 2.13863 3.78705 4.37870 11.69483 2.70442
360 1.723690825E+07 2.14378 3.78414 4.37738 11.69483 2.70427
361 1.723696156E+07 2.14906 3.78114 4.37593 11.69482 2.70412
362 1.723701440E+07 2.15435 3.77812 4.37442 11.69481 2.70396
363 1.723706672E+07 2.15966 3.77508 4.37288 11.69480 2.70380
364 1.723711847E+07 2.16492 3.77207 4.37135 11.69480 2.70365
365 1.723716983E+07 2.17012 3.76908 4.36982 11.69479 2.70350
366 1.723722066E+07 2.17532 3.76609 4.36823 11.69478 2.70335
367 1.723727082E+07 2.18054 3.76307 4.36661 11.69477 2.70321
368 1.723732087E+07 2.18582 3.76004 4.36504 11.69476 2.70307
369 1.723737148E+07 2.19119 3.75697 4.36349 11.69476 2.70293
370 1.723742261E+07 2.19663 3.75382 4.36180 11.69475 2.70279
371 1.723747312E+07 2.20205 3.75067 4.36004 11.69474 2.70265
372 1.723752287E+07 2.20743 3.74753 4.35824 11.69473 2.70251
373 1.723757177E+07 2.21276 3.74441 4.35640 11.69472 2.70238
374 1.723761986E+07 2.21798 3.74136 4.35464 11.69472 2.70226
375 1.723766792E+07 2.22316 3.73831 4.35280 11.69471 2.70213
376 1.723771545E+07 2.22832 3.73526 4.35091 11.69470 2.70201
377 1.723776298E+07 2.23357 3.73215 4.34896 11.69469 2.70187
378 1.723781118E+07 2.23894 3.72899 4.34711 11.69468 2.70174
379 1.723786125E+07 2.24454 3.72569 4.34508 11.69467 2.70161
380 1.723791225E+07 2.25014 3.72234 4.34290 11.69467 2.70148
381 1.723796318E+07 2.25565 3.71902 4.34064 11.69466 2.70135
382 1.723801381E+07 2.26138 3.71557 4.33830 11.69465 2.70122
383 1.723806701E+07 2.26756 3.71185 4.33578 11.69464 2.70110
384 1.723812316E+07 2.27395 3.70798 4.33303 11.69463 2.70097
385 1.723818024E+07 2.28034 3.70406 4.33015 11.69462 2.70084
386 1.723823723E+07 2.28714 3.69991 4.32718 11.69461 2.70072
387 1.723829965E+07 2.29464 3.69532 4.32382 11.69460 2.70059
388 1.723836376E+07 2.30205 3.69072 4.32022 11.69458 2.70046
389 1.723842343E+07 2.30909 3.68632 4.31672 11.69457 2.70034
390 1.723848213E+07 2.31588 3.68203 4.31312 11.69456 2.70023
391 1.723853735E+07 2.32151 3.67833 4.30959 11.69455 2.70013
392 1.723858651E+07 2.32643 3.67505 4.30631 11.69454 2.70003
393 1.723863461E+07 2.33112 3.67187 4.30297 11.69453 2.69994
394 1.723868255E+07 2.33564 3.66875 4.29952 11.69452 2.69985
395 1.723872997E+07 2.34004 3.66566 4.29598 11.69451 2.69976
396 1.723877742E+07 2.34436 3.66259 4.29231 11.69450 2.69968
397 1.723882472E+07 2.34847 3.65959 4.28852 11.69449 2.69959
398 1.723887182E+07 2.35225 3.65672 4.28463 11.69449 2.69950
399 1.723891835E+07 2.35550 3.65412 4.28069 11.69448 2.69941
400 1.723896397E+07 2.35814 3.65182 4.27681 11.69447 2.69932
401 1.723900874E+07 2.36031 3.64977 4.27294 11.69446 2.69924
402 1.723905274E+07 2.36205 3.64794 4.26908 11.69445 2.69915
403 1.723909619E+07 2.36346 3.64627 4.26524 11.69444 2.69906
404 1.723913950E+07 2.36469 3.64467 4.26132 11.69443 2.69897
405 1.723918273E+07 2.36588 3.64309 4.25735 11.69442 2.69888
406 1.723922620E+07 2.36705 3.64150 4.25334 11.69442 2.69879
407 1.723927011E+07 2.36817 3.63995 4.24936 11.69441 2.69870
408 1.723931458E+07 2.36923 3.63845 4.24550 11.69440 2.69860
409 1.723935987E+07 2.37036 3.63704 4.24210 11.69439 2.69851
410 1.723940689E+07 2.37191 3.63581 4.24028 11.69438 2.69840
411 1.723945904E+07 2.37340 3.63463 4.23857 11.69437 2.69829
412 1.723951401E+07 2.37438 3.63346 4.23586 11.69436 2.69817
413 1.723956836E+07 2.37529 3.63235 4.23320 11.69435 2.69805
414 1.723962295E+07 2.37599 3.63126 4.23026 11.69434 2.69793
415 1.723967711E+07 2.37646 3.63022 4.22702 11.69433 2.69781
416 1.723973053E+07 2.37676 3.62921 4.22360 11.69432 2.69769
417 1.723978317E+07 2.37729 3.62822 4.22072 11.69431 2.69757
418 1.723983605E+07 2.37768 3.62726 4.21764 11.69430 2.69745
419 1.723988819E+07 2.37794 3.62633 4.21442 11.69429 2.69733
420 1.723993947E+07 2.37821 3.62542 4.21133 11.69428 2.69721
421 1.723999017E+07 2.37867 3.62452 4.20868 11.69427 2.69710
422 1.724004080E+07 2.37903 3.62365 4.20590 11.69427 2.69698
423 1.724009061E+07 2.37930 3.62281 4.20307 11.69426 2.69686
424 1.724013957E+07 2.37986 3.62198 4.20086 11.69425 2.69675
425 1.724018857E+07 2.38041 3.62116 4.19870 11.69424 2.69664
426 1.724023699E+07 2.38090 3.62037 4.19652 11.69423 2.69653
427 1.724028461E+07 2.38157 3.61959 4.19476 11.69422 2.69642
428 1.724033201E+07 2.38240 3.61882 4.19334 11.69421 2.69631
429 1.724037914E+07 2.38320 3.61807 4.19191 11.69421 2.69620
430 1.724042557E+07 2.38417 3.61732 4.19086 11.69420 2.69609
431 1.724047171E+07 2.38538 3.61656 4.19026 11.69419 2.69599
432 1.724051774E+07 2.38659 3.61582 4.18970 11.69418 2.69588
433 1.724056315E+07 2.38802 3.61507 4.18958 11.69417 2.69578
434 1.724060839E+07 2.38970 3.61432 4.18991 11.69416 2.69568
435 1.724065352E+07 2.39142 3.61356 4.19034 11.69416 2.69557
436 1.724069812E+07 2.39347 3.61279 4.19136 11.69415 2.69547
437 1.724074280E+07 2.39574 3.61201 4.19276 11.69414 2.69537
438 1.724078733E+07 2.39808 3.61122 4.19428 11.69413 2.69527
439 1.724083141E+07 2.40091 3.61040 4.19665 11.69412 2.69517
440 1.724087585E+07 2.40388 3.60956 4.19925 11.69411 2.69507
441 1.724091999E+07 2.40713 3.60870 4.20229 11.69411 2.69498
442 1.724096415E+07 2.41075 3.60781 4.20597 11.69410 2.69488
443 1.724100848E+07 2.41453 3.60689 4.20988 11.69409 2.69478
444 1.724105260E+07 2.41884 3.60594 4.21468 11.69408 2.69468
445 1.724109727E+07 2.42339 3.60495 4.21983 11.69407 2.69459
446 1.724114192E+07 2.42836 3.60393 4.22567 11.69406 2.69449
447 1.724118699E+07 2.43370 3.60286 4.23209 11.69405 2.69439
448 1.724123237E+07 2.43940 3.60176 4.23908 11.69404 2.69430
449 1.724127792E+07 2.44553 3.60062 4.24678 11.69403 2.69420
450 1.724132335E+07 2.45187 3.59946 4.25483 11.69402 2.69411
451 1.724136849E+07 2.45861 3.59827 4.26355 11.69401 2.69401
452 1.724141233E+07 2.46524 3.59712 4.27219 11.69400 2.69392
453 1.724145574E+07 2.47222 3.59594 4.28144 11.69398 2.69383
454 1.724149786E+07 2.47905 3.59480 4.29053 11.69397 2.69375
455 1.724153985E+07 2.48602 3.59365 4.29989 11.69396 2.69366
456 1.724158140E+07 2.49304 3.59252 4.30939 11.69395 2.69358
457 1.724162279E+07 2.49995 3.59141 4.31877 11.69394 2.69350
458 1.724166458E+07 2.50709 3.59028 4.32854 11.69392 2.69342
459 1.724170619E+07 2.51409 3.58918 4.33814 11.69391 2.69334
460 1.724174845E+07 2.52100 3.58810 4.34767 11.69389 2.69327
461 1.724179165E+07 2.52810 3.58701 4.35749 11.69388 2.69319
462 1.724183528E+07 2.53501 3.58595 4.36709 11.69386 2.69311
463 1.724188031E+07 2.54184 3.58491 4.37657 11.69385 2.69303
464 1.724192703E+07 2.54873 3.58387 4.38619 11.69383 2.69295
465 1.724197524E+07 2.55550 3.58285 4.39565 11.69381 2.69287
466 1.724202568E+07 2.56214 3.58186 4.40494 11.69379 2.69279
467 1.724207891E+07 2.56869 3.58088 4.41413 11.69377 2.69271
468 1.724213528E+07 2.57522 3.57991 4.42331 11.69375 2.69262
469 1.724219508E+07 2.58155 3.57897 4.43221 11.69372 2.69254
470 1.724225937E+07 2.58770 3.57806 4.44088 11.69369 2.69245
471 1.724232904E+07 2.59375 3.57717 4.44941 11.69366 2.69235
472 1.724240480E+07 2.59965 3.57630 4.45774 11.69363 2.69225
473 1.724248772E+07 2.60531 3.57547 4.46574 11.69359 2.69215
474 1.724257954E+07 2.61073 3.57468 4.47342 11.69354 2.69204
475 1.724268187E+07 2.61597 3.57391 4.48084 11.69349 2.69193
476 1.724279589E+07 2.62095 3.57319 4.48790 11.69344 2.69181
477 1.724292379E+07 2.62561 3.57252 4.49452 11.69337 2.69168
478 1.724306840E+07 2.62995 3.57189 4.50069 11.69330 2.69154
479 1.724323257E+07 2.63403 3.57130 4.50650 11.69321 2.69139
480 1.724341845E+07 2.63780 3.57076 4.51187 11.69311 2.69123
481 1.724362922E+07 2.64126 3.57026 4.51680 11.69300 2.69105
482 1.724386758E+07 2.64445 3.56980 4.52135 11.69287 2.69086
483 1.724413373E+07 2.64743 3.56938 4.52561 11.69272 2.69065
484 1.724442610E+07 2.65028 3.56897 4.52968 11.69256 2.69043
485 1.724474269E+07 2.65303 3.56857 4.53361 11.69238 2.69019
486 1.724508128E+07 2.65575 3.56819 4.53748 11.69219 2.68993
487 1.724543885E+07 2.65846 3.56780 4.54136 11.69198 2.68967
488 1.724581516E+07 2.66125 3.56740 4.54533 11.69177 2.68939
489 1.724621270E+07 2.66406 3.56699 4.54934 11.69153 2.68910
490 1.724663707E+07 2.66693 3.56658 4.55344 11.69128 2.68880
491 1.724708835E+07 2.66984 3.56617 4.55759 11.69102 2.68850
492 1.724757032E+07 2.67275 3.56575 4.56174 11.69073 2.68851
493 1.724808360E+07 2.67553 3.56535 4.56572 11.69041 2.68852
494 1.724862391E+07 2.67813 3.56498 4.56944 11.69008 2.68853
495 1.724919580E+07 2.68054 3.56464 4.57288 11.68973 2.68855
496 1.724981477E+07 2.68274 3.56433 4.57602 11.68934 2.68857
497 1.725049391E+07 2.68476 3.56404 4.57892 11.68892 2.68860
498 1.725124666E+07 2.68668 3.56377 4.58167 11.68844 2.68864
499 1.725209452E+07 2.68848 3.56351 4.58425 11.68790 2.68870
500 1.725305502E+07 2.69021 3.56327 4.58673 11.68729 2.68880
501 1.725415492E+07 2.69190 3.56303 4.58915 11.68658 2.68890
502 1.725541955E+07 2.69347 3.56280 4.59140 11.68576 2.68901
503 1.725690889E+07 2.69492 3.56260 4.59347 11.68480 2.68919
504 1.725869608E+07 2.69618 3.56242 4.59529 11.68363 2.68946
505 1.726084072E+07 2.69719 3.56228 4.59673 11.68223 2.68983
506 1.726341428E+07 2.69790 3.56218 4.59775 11.68054 2.69056
507 1.726650256E+07 2.69832 3.56212 4.59834 11.67851 2.69178
508 1.727017008E+07 2.69848 3.56209 4.59857 11.67610 2.69397
509 1.727438067E+07 2.69841 3.56210 4.59845 11.67334 2.69802
510 1.727903822E+07 2.69807 3.56214 4.59796 11.67028 2.70363
511 1.728411001E+07 2.69742 3.56223 4.59702 11.66696 2.71219
512 1.728956544E+07 2.69644 3.56237 4.59559 11.66340 2.72231
513 1.729537447E+07 2.69515 3.56255 4.59374 11.65962 2.73336
514 1.730144302E+07 2.69363 3.56276 4.59156 11.65570 2.74632
515 1.730771059E+07 2.69193 3.56301 4.58912 11.65167 2.75973
516 1.731415464E+07 2.69006 3.56327 4.58645 11.64756 2.77322
517 1.732071858E+07 2.68803 3.56356 4.58354 11.64339 2.78661
518 1.732737502E+07 2.68584 3.56387 4.58041 11.63920 2.79981
519 1.733410143E+07 2.68351 3.56420 4.57708 11.63500 2.81275
520 1.734090714E+07 2.68107 3.56455 4.57360 11.63079 2.82544
521 1.734782290E+07 2.67855 3.56491 4.57001 11.62654 2.83792
522 1.735489865E+07 2.67595 3.56529 4.56630 11.62223 2.85028
523 1.736215094E+07 2.67326 3.56568 4.56246 11.61786 2.86268
524 1.736954960E+07 2.67046 3.56608 4.55849 11.61344 2.87491
525 1.737707104E+07 2.66757 3.56650 4.55438 11.60899 2.88690
526 1.738469526E+07 2.66457 3.56694 4.55013 11.60453 2.89863
527 1.739238987E+07 2.66147 3.56739 4.54574 11.60008 2.91006
528 1.740011809E+07 2.65828 3.56786 4.54123 11.59566 2.92113
529 1.740789217E+07 2.65500 3.56834 4.53660 11.59126 2.93189
530 1.741570992E+07 2.65165 3.56883 4.53188 11.58689 2.94234
531 1.742355639E+07 2.64824 3.56934 4.52708 11.58255 2.95248
532 1.743146978E+07 2.64477 3.56986 4.52221 11.57823 2.96235
533 1.743946757E+07 2.64126 3.57038 4.51729 11.57392 2.97199
534 1.744754200E+07 2.63772 3.57091 4.51234 11.56963 2.98141
535 1.745572169E+07 2.63414 3.57146 4.50734 11.56533 2.99063
536 1.746398442E+07 2.63052 3.57201 4.50231 11.56105 2.99963
537 1.747229675E+07 2.62688 3.57256 4.49725 11.55679 3.00839
538 1.748067341E+07 2.62322 3.57313 4.49218 11.55256 3.01693
539 1.748909309E+07 2.61954 3.57370 4.48711 11.54837 3.02524
540 1.749755003E+07 2.61587 3.57427 4.48205 11.54421 3.03331
541 1.750607574E+07 2.61219 3.57485 4.47700 11.54008 3.04119
542 1.751468590E+07 2.60853 3.57543 4.47200 11.53596 3.04890
543 1.752336533E+07 2.60489 3.57601 4.46704 11.53187 3.05642
544 1.753218778E+07 2.60127 3.57659 4.46214 11.52776 3.06382
545 1.754118999E+07 2.59769 3.57717 4.45730 11.52362 3.07114
546 1.755035881E+07 2.59415 3.57775 4.45253 11.51947 3.07836
547 1.755973133E+07 2.59064 3.57833 4.44785 11.51528 3.08551
548 1.756933604E+07 2.58716 3.57891 4.44321 11.51104 3.09261
549 1.757915887E+07 2.58374 3.57949 4.43869 11.50676 3.09964
550 1.758913827E+07 2.58038 3.58007 4.43428 11.50246 3.10656
551 1.759934646E+07 2.57707 3.58065 4.42997 11.49813 3.11342
552 1.760979574E+07 2.57383 3.58122 4.42577 11.49374 3.12022
553 1.762047241E+07 2.57066 3.58179 4.42172 11.48932 3.12695
554 1.763133497E+07 2.56757 3.58236 4.41780 11.48487 3.13359
555 1.764247321E+07 2.56456 3.58291 4.41403 11.48036 3.14019
556 1.765393539E+07 2.56164 3.58347 4.41041 11.47577 3.14676
557 1.766567042E+07 2.55884 3.58402 4.40700 11.47112 3.15329
558 1.767765358E+07 2.55616 3.58456 4.40379 11.46642 3.15976
559 1.769000846E+07 2.55359 3.58508 4.40075 11.46162 3.16622
560 1.770274041E+07 2.55114 3.58560 4.39795 11.45672 3.17268
561 1.771561361E+07 2.54885 3.58611 4.39538 11.45180 3.17902
562 1.772871587E+07 2.54668 3.58660 4.39302 11.44684 3.18529
563 1.774210952E+07 2.54464 3.58709 4.39086 11.44181 3.19152
564 1.775574757E+07 2.54272 3.58757 4.38896 11.43671 3.19768
565 1.776922480E+07 2.54096 3.58803 4.38728 11.43171 3.20361
566 1.778285437E+07 2.53932 3.58848 4.38578 11.42668 3.20946
567 1.779661520E+07 2.53778 3.58892 4.38449 11.42163 3.21521
568 1.781031540E+07 2.53638 3.58936 4.38344 11.41662 3.22081
569 1.782385667E+07 2.53510 3.58978 4.38257 11.41169 3.22622
570 1.783756579E+07 2.53393 3.59019 4.38187 11.40671 3.23158
571 1.785151196E+07 2.53287 3.59061 4.38140 11.40166 3.23687
572 1.786531924E+07 2.53191 3.59101 4.38111 11.39667 3.24179
573 1.787920402E+07 2.53106 3.59140 4.38097 11.39167 3.24661
574 1.789334885E+07 2.53029 3.59179 4.38099 11.38657 3.25139
575 1.790769957E+07 2.52961 3.59220 4.38127 11.38141 3.25612
576 1.792161545E+07 2.52902 3.59259 4.38165 11.37640 3.26059
577 1.793558214E+07 2.52849 3.59298 4.38216 11.37137 3.26497
578 1.794961289E+07 2.52804 3.59339 4.38287 11.36632 3.26928
579 1.796330526E+07 2.52766 3.59380 4.38376 11.36139 3.27339
580 1.797645828E+07 2.52732 3.59421 4.38473 11.35664 3.27727
581 1.798939795E+07 2.52704 3.59462 4.38581 11.35196 3.28101
582 1.800211371E+07 2.52682 3.59508 4.38723 11.34736 3.28463
583 1.801374786E+07 2.52663 3.59554 4.38865 11.34313 3.28790
584 1.802488100E+07 2.52647 3.59599 4.39016 11.33908 3.29099
585 1.803558109E+07 2.52639 3.59651 4.39206 11.33516 3.29393
586 1.804512337E+07 2.52632 3.59703 4.39400 11.33166 3.29653
587 1.805387635E+07 2.52628 3.59755 4.39601 11.32844 3.29891
588 1.806200458E+07 2.52635 3.59816 4.39859 11.32543 3.30111
589 1.806883643E+07 2.52643 3.59876 4.40115 11.32288 3.30296
590 1.807483917E+07 2.52658 3.59940 4.40401 11.32063 3.30458
591 1.807996461E+07 2.52686 3.60009 4.40732 11.31870 3.30598
592 1.808416109E+07 2.52715 3.60076 4.41060 11.31711 3.30713
593 1.808774802E+07 2.52766 3.60149 4.41451 11.31573 3.30812
594 1.809063388E+07 2.52817 3.60219 4.41834 11.31461 3.30892
595 1.809307963E+07 2.52880 3.60290 4.42245 11.31366 3.30960
596 1.809514013E+07 2.52954 3.60361 4.42676 11.31284 3.31018
597 1.809688574E+07 2.53025 3.60430 4.43094 11.31215 3.31067
598 1.809842275E+07 2.53114 3.60501 4.43557 11.31153 3.31111
599 1.809973848E+07 2.53196 3.60572 4.44001 11.31099 3.31149
600 1.810091233E+07 2.53277 3.60643 4.44449 11.31050 3.31183
601 1.810196756E+07 2.53366 3.60717 4.44923 11.31006 3.31214
602 1.810290444E+07 2.53444 3.60790 4.45372 11.30967 3.31242
603 1.810376479E+07 2.53521 3.60866 4.45828 11.30930 3.31267
604 1.810455359E+07 2.53600 3.60943 4.46296 11.30896 3.31291
605 1.810527350E+07 2.53666 3.61021 4.46739 11.30864 3.31313
606 1.810594738E+07 2.53728 3.61100 4.47180 11.30835 3.31334
607 1.810657829E+07 2.53789 3.61184 4.47638 11.30806 3.31354
608 1.810716214E+07 2.53830 3.61271 4.48067 11.30780 3.31372
609 1.810771513E+07 2.53854 3.61363 4.48485 11.30755 3.31390
610 1.810824126E+07 2.53866 3.61468 4.48928 11.30730 3.31408
611 1.810873047E+07 2.53844 3.61585 4.49352 11.30707 3.31424
612 1.810918764E+07 2.53758 3.61763 4.49893 11.30686 3.31442
613 1.810956171E+07 2.53574 3.61988 4.50425 11.30668 3.31454
614 1.810986705E+07 2.53306 3.62232 4.50864 11.30653 3.31460
615 1.811013261E+07 2.52952 3.62505 4.51246 11.30640 3.31463
616 1.811036842E+07 2.52528 3.62802 4.51589 11.30629 3.31463
617 1.811057920E+07 2.52077 3.63103 4.51891 11.30619 3.31461
618 1.811077033E+07 2.51630 3.63392 4.52152 11.30609 3.31459
619 1.811094736E+07 2.51180 3.63675 4.52382 11.30601 3.31457
620 1.811111254E+07 2.50719 3.63956 4.52588 11.30592 3.31455
621 1.811126729E+07 2.50256 3.64234 4.52772 11.30585 3.31454
622 1.811141305E+07 2.49795 3.64506 4.52936 11.30578 3.31453
623 1.811155135E+07 2.49295 3.64793 4.53085 11.30571 3.31453
624 1.811168262E+07 2.48720 3.65114 4.53221 11.30565 3.31453
625 1.811180756E+07 2.48075 3.65467 4.53342 11.30559 3.31454
626 1.811192860E+07 2.47382 3.65841 4.53452 11.30553 3.31457
627 1.811204714E+07 2.46689 3.66213 4.53553 11.30547 3.31462
628 1.811216453E+07 2.46024 3.66569 4.53648 11.30541 3.31469
629 1.811228169E+07 2.45341 3.66937 4.53754 11.30536 3.31479
630 1.811239723E+07 2.44623 3.67320 4.53851 11.30530 3.31490
631 1.811251231E+07 2.43937 3.67686 4.53943 11.30525 3.31484
632 1.811262596E+07 2.43235 3.68058 4.54026 11.30520 3.31468
633 1.811274472E+07 2.42394 3.68499 4.54108 11.30514 3.31451
634 1.811287737E+07 2.41440 3.68997 4.54192 11.30508 3.31438
635 1.811302365E+07 2.40454 3.69511 4.54277 11.30502 3.31431
636 1.811318071E+07 2.39344 3.70087 4.54362 11.30495 3.31434
637 1.811336453E+07 2.38048 3.70758 4.54454 11.30487 3.31441
638 1.811354073E+07 2.36890 3.71356 4.54531 11.30480 3.31449
639 1.811369010E+07 2.35861 3.71885 4.54587 11.30473 3.31457
640 1.811383114E+07 2.34890 3.72384 4.54640 11.30468 3.31464
641 1.811395878E+07 2.34034 3.72822 4.54679 11.30462 3.31456
642 1.811407791E+07 2.33240 3.73227 4.54714 11.30458 3.31426
643 1.811419410E+07 2.32445 3.73635 4.54755 11.30453 3.31397
644 1.811430731E+07 2.31669 3.74031 4.54784 11.30449 3.31371
645 1.811442049E+07 2.30900 3.74421 4.54809 11.30444 3.31347
646 1.811453388E+07 2.30140 3.74806 4.54830 11.30440 3.31327
647 1.811464810E+07 2.29387 3.75188 4.54849 11.30436 3.31309
648 1.811476307E+07 2.28631 3.75571 4.54872 11.30432 3.31293
649 1.811487598E+07 2.27905 3.75939 4.54889 11.30428 3.31280
650 1.811498959E+07 2.27190 3.76300 4.54903 11.30424 3.31268
651 1.811510612E+07 2.26465 3.76666 4.54918 11.30420 3.31258
652 1.811522576E+07 2.25711 3.77049 4.54943 11.30416 3.31248
653 1.811534411E+07 2.24968 3.77424 4.54957 11.30412 3.31240
654 1.811546400E+07 2.24227 3.77797 4.54968 11.30408 3.31233
655 1.811558491E+07 2.23483 3.78173 4.54980 11.30404 3.31228
656 1.811570452E+07 2.22753 3.78539 4.54988 11.30400 3.31223
657 1.811582373E+07 2.22045 3.78894 4.54991 11.30396 3.31221
658 1.811594438E+07 2.21348 3.79243 4.54991 11.30392 3.31219
659 1.811606657E+07 2.20662 3.79586 4.54990 11.30389 3.31219
660 1.811619030E+07 2.19959 3.79939 4.54997 11.30385 3.31219
661 1.811630907E+07 2.19290 3.80272 4.54995 11.30381 3.31220
662 1.811642746E+07 2.18624 3.80605 4.54990 11.30378 3.31222
663 1.811654327E+07 2.17982 3.80923 4.54981 11.30375 3.31226
664 1.811665906E+07 2.17358 3.81232 4.54967 11.30371 3.31230
665 1.811677645E+07 2.16742 3.81535 4.54950 11.30368 3.31234
666 1.811689584E+07 2.16133 3.81835 4.54931 11.30365 3.31240
667 1.811701725E+07 2.15526 3.82134 4.54911 11.30362 3.31246
668 1.811713917E+07 2.14904 3.82441 4.54897 11.30358 3.31253
669 1.811725580E+07 2.14302 3.82737 4.54878 11.30355 3.31243
670 1.811737033E+07 2.13727 3.83018 4.54851 11.30353 3.31205
671 1.811748686E+07 2.13162 3.83293 4.54822 11.30350 3.31172
672 1.811760558E+07 2.12607 3.83563 4.54791 11.30347 3.31143
673 1.811772754E+07 2.12056 3.83830 4.54757 11.30344 3.31117
674 1.811785273E+07 2.11508 3.84095 4.54721 11.30341 3.31094
675 1.811798091E+07 2.10939 3.84372 4.54689 11.30338 3.31071
676 1.811810488E+07 2.10384 3.84641 4.54656 11.30335 3.31052
677 1.811822722E+07 2.09855 3.84895 4.54617 11.30332 3.31036
678 1.811835402E+07 2.09329 3.85148 4.54574 11.30329 3.31024
679 1.811848592E+07 2.08804 3.85400 4.54530 11.30326 3.31013
680 1.811862345E+07 2.08278 3.85651 4.54482 11.30323 3.31005
681 1.811876711E+07 2.07748 3.85903 4.54432 11.30320 3.30999
682 1.811891696E+07 2.07206 3.86161 4.54379 11.30317 3.30995
683 1.811907133E+07 2.06646 3.86428 4.54329 11.30314 3.30991
684 1.811922592E+07 2.06106 3.86684 4.54273 11.30311 3.30991
685 1.811939052E+07 2.05560 3.86942 4.54212 11.30307 3.30992
686 1.811956788E+07 2.05003 3.87204 4.54147 11.30304 3.30995
687 1.811976025E+07 2.04431 3.87472 4.54076 11.30300 3.30999
688 1.811997040E+07 2.03842 3.87748 4.54000 11.30296 3.31006
689 1.812020144E+07 2.03227 3.88035 4.53917 11.30292 3.31014
690 1.812045670E+07 2.02600 3.88326 4.53828 11.30287 3.31024
691 1.812074913E+07 2.01938 3.88633 4.53732 11.30282 3.31037
692 1.812108763E+07 2.01237 3.88957 4.53627 11.30276 3.31052
693 1.812148954E+07 2.00512 3.89292 4.53515 11.30269 3.31071
694 1.812197183E+07 1.99778 3.89630 4.53400 11.30261 3.31095
695 1.812255058E+07 1.99061 3.89962 4.53293 11.30252 3.31123
696 1.812324508E+07 1.98385 3.90278 4.53207 11.30241 3.31157
697 1.812407849E+07 1.97762 3.90577 4.53154 11.30228 3.31183
698 1.812507857E+07 1.97181 3.90864 4.53143 11.30213 3.31210
699 1.812627867E+07 1.96607 3.91159 4.53175 11.30195 3.31248
700 1.812771878E+07 1.95986 3.91488 4.53246 11.30174 3.31301
701 1.812944693E+07 1.95255 3.91879 4.53349 11.30149 3.31373
702 1.813152070E+07 1.94361 3.92357 4.53476 11.30120 3.31471
703 1.813400922E+07 1.93262 3.92944 4.53624 11.30085 3.31601
704 1.813674464E+07 1.92042 3.93592 4.53777 11.30048 3.31758
705 1.813914869E+07 1.90975 3.94157 4.53902 11.30017 3.31906
706 1.814135609E+07 1.90012 3.94666 4.54009 11.29989 3.32050
707 1.814345211E+07 1.89099 3.95146 4.54105 11.29963 3.32182
708 1.814544789E+07 1.88253 3.95589 4.54189 11.29938 3.32283
709 1.814741698E+07 1.87449 3.96011 4.54266 11.29915 3.32382
710 1.814939725E+07 1.86673 3.96417 4.54337 11.29891 3.32482
711 1.815140503E+07 1.85922 3.96808 4.54403 11.29868 3.32582
712 1.815346020E+07 1.85193 3.97189 4.54464 11.29845 3.32684
713 1.815557855E+07 1.84484 3.97557 4.54522 11.29821 3.32790
714 1.815778508E+07 1.83794 3.97916 4.54576 11.29797 3.32899
715 1.816010643E+07 1.83120 3.98266 4.54628 11.29772 3.33014
716 1.816257110E+07 1.82451 3.98613 4.54678 11.29746 3.33135
717 1.816516633E+07 1.81803 3.98949 4.54726 11.29719 3.33263
718 1.816795149E+07 1.81174 3.99275 4.54773 11.29690 3.33399
719 1.817099045E+07 1.80561 3.99593 4.54819 11.29660 3.33548
720 1.817434509E+07 1.79964 3.99903 4.54865 11.29626 3.33712
721 1.817809588E+07 1.79383 4.00205 4.54912 11.29590 3.33894
722 1.818234147E+07 1.78820 4.00499 4.54960 11.29549 3.34100
723 1.818721314E+07 1.78278 4.00783 4.55011 11.29503 3.34335
724 1.819289033E+07 1.77758 4.01056 4.55067 11.29450 3.34608
725 1.819960990E+07 1.77263 4.01319 4.55128 11.29389 3.34930
726 1.820767338E+07 1.76786 4.01575 4.55198 11.29316 3.35313
727 1.821732174E+07 1.76337 4.01820 4.55277 11.29230 3.35768
728 1.822889976E+07 1.75922 4.02050 4.55368 11.29127 3.36310
729 1.824279339E+07 1.75540 4.02267 4.55472 11.29005 3.36957
730 1.825943368E+07 1.75192 4.02470 4.55590 11.28859 3.37629
731 1.827887936E+07 1.74890 4.02654 4.55720 11.28689 3.38365
732 1.830175647E+07 1.74665 4.02802 4.55862 11.28488 3.39209
733 1.832920901E+07 1.74578 4.02883 4.56013 11.28246 3.40199
734 1.836215205E+07 1.74695 4.02866 4.56176 11.27953 3.41359
735 1.840168370E+07 1.75057 4.02729 4.56354 11.27596 3.42716
736 1.844027370E+07 1.75579 4.02507 4.56512 11.27240 3.44012
737 1.847301941E+07 1.76129 4.02263 4.56636 11.26933 3.45092
738 1.850223930E+07 1.76707 4.02000 4.56738 11.26654 3.46040
739 1.852880611E+07 1.77323 4.01713 4.56821 11.26395 3.46889
740 1.855295703E+07 1.77970 4.01406 4.56889 11.26154 3.47650
741 1.857488733E+07 1.78635 4.01087 4.56943 11.25930 3.48331
742 1.859501028E+07 1.79294 4.00769 4.56988 11.25719 3.48947
743 1.861408827E+07 1.79972 4.00439 4.57025 11.25514 3.49523
744 1.863192720E+07 1.80654 4.00106 4.57056 11.25318 3.50056
745 1.864871558E+07 1.81341 3.99769 4.57081 11.25128 3.50551
746 1.866459942E+07 1.82033 3.99428 4.57101 11.24945 3.51014
747 1.867970392E+07 1.82730 3.99083 4.57117 11.24768 3.51449
748 1.869414544E+07 1.83432 3.98735 4.57128 11.24595 3.51861
749 1.870799838E+07 1.84144 3.98381 4.57136 11.24426 3.52252
750 1.872129253E+07 1.84865 3.98022 4.57141 11.24261 3.52624
751 1.873405961E+07 1.85594 3.97657 4.57141 11.24098 3.52978
752 1.874636479E+07 1.86314 3.97297 4.57140 11.23939 3.53317
753 1.875853386E+07 1.87061 3.96922 4.57135 11.23778 3.53649
754 1.877032845E+07 1.87822 3.96540 4.57127 11.23618 3.53968
755 1.878177155E+07 1.88598 3.96149 4.57116 11.23460 3.54275
756 1.879289326E+07 1.89392 3.95749 4.57102 11.23303 3.54571
757 1.880371779E+07 1.90204 3.95338 4.57085 11.23147 3.54856
758 1.881430500E+07 1.91037 3.94917 4.57065 11.22991 3.55134
759 1.882473444E+07 1.91894 3.94483 4.57043 11.22833 3.55406
760 1.883509301E+07 1.92782 3.94032 4.57018 11.22673 3.55675
761 1.884542227E+07 1.93706 3.93563 4.56990 11.22509 3.55942
762 1.885580042E+07 1.94663 3.93077 4.56959 11.22340 3.56209
763 1.886641328E+07 1.95662 3.92569 4.56926 11.22162 3.56484
764 1.887746173E+07 1.96732 3.92025 4.56890 11.21972 3.56771
765 1.888909918E+07 1.97885 3.91439 4.56851 11.21765 3.57077
766 1.890161593E+07 1.99144 3.90799 4.56809 11.21535 3.57418
767 1.891319956E+07 2.00319 3.90202 4.56771 11.21316 3.57755
768 1.892260732E+07 2.01276 3.89716 4.56741 11.21133 3.58055
769 1.893028784E+07 2.02039 3.89329 4.56717 11.20980 3.58328
770 1.893699011E+07 2.02702 3.88992 4.56696 11.20845 3.58591
771 1.894300872E+07 2.03296 3.88690 4.56676 11.20721 3.58718
772 1.894853922E+07 2.03843 3.88412 4.56659 11.20606 3.58833
773 1.895381734E+07 2.04368 3.88145 4.56642 11.20494 3.58942
774 1.895879440E+07 2.04889 3.87878 4.56616 11.20388 3.59035
775 1.896332401E+07 2.05422 3.87602 4.56576 11.20290 3.59105
776 1.896722094E+07 2.05963 3.87318 4.56524 11.20204 3.59150
777 1.897044777E+07 2.06502 3.87034 4.56462 11.20132 3.59174
778 1.897309477E+07 2.06988 3.86775 4.56400 11.20073 3.59190
779 1.897544056E+07 2.07475 3.86515 4.56334 11.20019 3.59201
780 1.897749185E+07 2.07960 3.86255 4.56266 11.19972 3.59210
781 1.897928147E+07 2.08440 3.85999 4.56198 11.19930 3.59219
782 1.898085677E+07 2.08914 3.85744 4.56128 11.19893 3.59231
783 1.898225531E+07 2.09386 3.85491 4.56058 11.19860 3.59247
784 1.898350676E+07 2.09855 3.85238 4.55988 11.19830 3.59270
785 1.898463445E+07 2.10300 3.84999 4.55920 11.19803 3.59301
786 1.898570803E+07 2.10733 3.84765 4.55851 11.19777 3.59342
787 1.898675269E+07 2.11192 3.84517 4.55778 11.19751 3.59373
788 1.898772232E+07 2.11657 3.84267 4.55705 11.19727 3.59332
789 1.898862663E+07 2.12128 3.84013 4.55633 11.19704 3.59287
790 1.898948211E+07 2.12609 3.83754 4.55559 11.19683 3.59243
791 1.899028486E+07 2.13098 3.83491 4.55484 11.19662 3.59199
792 1.899103974E+07 2.13586 3.83228 4.55410 11.19642 3.59157
793 1.899175937E+07 2.14038 3.82984 4.55337 11.19624 3.59122
794 1.899250300E+07 2.14531 3.82717 4.55256 11.19604 3.59088
795 1.899321445E+07 2.15037 3.82444 4.55174 11.19585 3.59057
796 1.899389055E+07 2.15553 3.82165 4.55092 11.19567 3.59029
797 1.899453344E+07 2.16079 3.81882 4.55009 11.19549 3.59005
798 1.899514577E+07 2.16614 3.81594 4.54927 11.19532 3.58987
799 1.899572940E+07 2.17154 3.81303 4.54845 11.19516 3.58973
800 1.899628947E+07 2.17680 3.81020 4.54764 11.19500 3.58966
801 1.899684697E+07 2.18197 3.80741 4.54683 11.19485 3.58965
802 1.899741364E+07 2.18751 3.80442 4.54596 11.19468 3.58970
803 1.899796081E+07 2.19318 3.80137 4.54507 11.19452 3.58982
804 1.899848933E+07 2.19901 3.79823 4.54418 11.19437 3.59000
805 1.899899977E+07 2.20498 3.79502 4.54328 11.19422 3.59026
806 1.899949265E+07 2.21110 3.79173 4.54237 11.19407 3.59008
807 1.899996778E+07 2.21719 3.78846 4.54147 11.19393 3.58971
808 1.900043983E+07 2.22342 3.78512 4.54055 11.19378 3.58934
809 1.900090689E+07 2.22954 3.78183 4.53965 11.19364 3.58901
810 1.900138330E+07 2.23606 3.77832 4.53865 11.19349 3.58867
811 1.900184585E+07 2.24271 3.77474 4.53763 11.19334 3.58836
812 1.900229398E+07 2.24946 3.77111 4.53660 11.19319 3.58807
813 1.900272715E+07 2.25629 3.76743 4.53554 11.19305 3.58781
814 1.900314414E+07 2.26313 3.76375 4.53448 11.19291 3.58757
815 1.900354308E+07 2.26970 3.76020 4.53344 11.19278 3.58738
816 1.900393366E+07 2.27630 3.75663 4.53237 11.19265 3.58721
817 1.900430840E+07 2.28275 3.75314 4.53132 11.19252 3.58708
818 1.900467926E+07 2.28928 3.74962 4.53026 11.19239 3.58698
819 1.900504939E+07 2.29606 3.74594 4.52912 11.19227 3.58691
820 1.900540989E+07 2.30294 3.74221 4.52794 11.19214 3.58687
821 1.900576011E+07 2.30988 3.73843 4.52674 11.19201 3.58688
822 1.900610087E+07 2.31691 3.73461 4.52550 11.19189 3.58692
823 1.900643367E+07 2.32388 3.73081 4.52425 11.19177 3.58701
824 1.900676373E+07 2.33077 3.72704 4.52296 11.19165 3.58714
825 1.900708850E+07 2.33775 3.72322 4.52162 11.19153 3.58729
826 1.900741022E+07 2.34510 3.71919 4.52021 11.19141 3.58747
827 1.900774148E+07 2.35297 3.71489 4.51873 11.19128 3.58729
828 1.900808995E+07 2.36119 3.71037 4.51709 11.19115 3.58716
829 1.900844886E+07 2.36992 3.70555 4.51526 11.19101 3.58709
830 1.900880953E+07 2.37981 3.70011 4.51330 11.19087 3.58709
831 1.900921471E+07 2.39124 3.69381 4.51095 11.19071 3.58721
832 1.900960647E+07 2.40281 3.68740 4.50847 11.19055 3.58732
833 1.900994200E+07 2.41371 3.68138 4.50616 11.19042 3.58742
834 1.901023691E+07 2.42240 3.67650 4.50405 11.19030 3.58751
835 1.901048484E+07 2.42953 3.67247 4.50220 11.19019 3.58758
836 1.901071111E+07 2.43644 3.66857 4.50039 11.19010 3.58765
837 1.901092925E+07 2.44285 3.66490 4.49854 11.19001 3.58770
838 1.901113982E+07 2.44932 3.66119 4.49665 11.18992 3.58754
839 1.901134446E+07 2.45594 3.65740 4.49471 11.18984 3.58737
840 1.901154397E+07 2.46220 3.65378 4.49277 11.18975 3.58723
841 1.901174298E+07 2.46795 3.65038 4.49068 11.18967 3.58711
842 1.901194050E+07 2.47302 3.64730 4.48847 11.18958 3.58703
843 1.901213712E+07 2.47725 3.64460 4.48615 11.18950 3.58698
844 1.901233410E+07 2.48097 3.64212 4.48367 11.18942 3.58694
845 1.901253097E+07 2.48457 3.63966 4.48101 11.18933 3.58691
846 1.901272740E+07 2.48800 3.63724 4.47819 11.18925 3.58688
847 1.901292343E+07 2.49127 3.63485 4.47518 11.18917 3.58686
848 1.901311884E+07 2.49458 3.63240 4.47201 11.18909 3.58683
849 1.901331276E+07 2.49799 3.62988 4.46875 11.18901 3.58681
850 1.901350628E+07 2.50124 3.62739 4.46528 11.18893 3.58679
851 1.901369966E+07 2.50412 3.62504 4.46165 11.18885 3.58679
852 1.901389376E+07 2.50661 3.62287 4.45793 11.18877 3.58680
853 1.901408922E+07 2.50876 3.62086 4.45421 11.18869 3.58683
854 1.901428727E+07 2.51062 3.61911 4.45090 11.18861 3.58686
855 1.901449445E+07 2.51224 3.61778 4.44884 11.18852 3.58690
856 1.901472990E+07 2.51320 3.61650 4.44565 11.18843 3.58697
857 1.901496931E+07 2.51389 3.61534 4.44240 11.18833 3.58705
858 1.901521093E+07 2.51413 3.61429 4.43866 11.18824 3.58711
859 1.901544891E+07 2.51408 3.61331 4.43466 11.18814 3.58716
860 1.901568077E+07 2.51397 3.61241 4.43081 11.18805 3.58721
861 1.901590765E+07 2.51382 3.61155 4.42707 11.18797 3.58725
862 1.901612994E+07 2.51351 3.61072 4.42315 11.18788 3.58730
863 1.901634495E+07 2.51321 3.60993 4.41939 11.18780 3.58734
864 1.901655466E+07 2.51307 3.60915 4.41598 11.18772 3.58738
865 1.901676157E+07 2.51282 3.60839 4.41242 11.18764 3.58741
866 1.901696261E+07 2.51266 3.60763 4.40910 11.18757 3.58745
867 1.901716002E+07 2.51270 3.60689 4.40618 11.18750 3.58748
868 1.901735563E+07 2.51267 3.60615 4.40317 11.18742 3.58751
869 1.901754714E+07 2.51285 3.60541 4.40057 11.18735 3.58754
870 1.901773673E+07 2.51319 3.60466 4.39828 11.18729 3.58757
871 1.901792475E+07 2.51352 3.60392 4.39596 11.18722 3.58759
872 1.901810987E+07 2.51425 3.60315 4.39435 11.18715 3.58762
873 1.901829547E+07 2.51504 3.60238 4.39283 11.18708 3.58764
874 1.901847991E+07 2.51597 3.60159 4.39155 11.18702 3.58766
875 1.901866372E+07 2.51731 3.60077 4.39095 11.18695 3.58769
876 1.901884950E+07 2.51869 3.59995 4.39041 11.18689 3.58771
877 1.901903534E+07 2.52045 3.59910 4.39054 11.18682 3.58773
878 1.901922419E+07 2.52244 3.59823 4.39104 11.18675 3.58776
879 1.901941589E+07 2.52459 3.59735 4.39181 11.18668 3.58779
880 1.901961061E+07 2.52723 3.59643 4.39342 11.18661 3.58783
881 1.901981233E+07 2.52999 3.59550 4.39520 11.18653 3.58787
882 1.902001929E+07 2.53317 3.59453 4.39770 11.18646 3.58791
883 1.902023594E+07 2.53662 3.59354 4.40065 11.18638 3.58794
884 1.902046322E+07 2.54029 3.59253 4.40396 11.18629 3.58797
885 1.902070285E+07 2.54443 3.59149 4.40807 11.18620 3.58799
886 1.902096196E+07 2.54868 3.59044 4.41237 11.18609 3.58802
887 1.902124142E+07 2.55329 3.58937 4.41730 11.18598 3.58804
888 1.902155167E+07 2.55809 3.58829 4.42259 11.18585 3.58807
889 1.902190071E+07 2.56294 3.58723 4.42802 11.18571 3.58809
890 1.902229940E+07 2.56805 3.58616 4.43398 11.18554 3.58812
891 1.902277581E+07 2.57304 3.58513 4.43984 11.18534 3.58815
892 1.902334749E+07 2.57775 3.58417 4.44544 11.18508 3.58820
893 1.902403351E+07 2.58208 3.58333 4.45072 11.18478 3.58826
894 1.902485673E+07 2.58558 3.58265 4.45501 11.18441 3.58834
895 1.902584460E+07 2.58822 3.58214 4.45826 11.18396 3.58844
896 1.902703004E+07 2.59005 3.58180 4.46053 11.18341 3.58857
897 1.902845257E+07 2.59120 3.58158 4.46196 11.18276 3.58874
898 1.903015961E+07 2.59185 3.58146 4.46278 11.18197 3.58896
899 1.903220805E+07 2.59219 3.58140 4.46321 11.18102 3.58922
900 1.903466618E+07 2.59235 3.58137 4.46342 11.17989 3.58955
901 1.903761594E+07 2.59246 3.58135 4.46356 11.17852 3.58996
902 1.904115565E+07 2.59256 3.58133 4.46368 11.17689 3.59046
903 1.904540330E+07 2.59269 3.58130 4.46384 11.17492 3.59108
904 1.905050048E+07 2.59289 3.58126 4.46406 11.17256 3.59184
905 1.905661710E+07 2.59319 3.58119 4.46439 11.16972 3.59279
906 1.906395705E+07 2.59361 3.58110 4.46485 11.16631 3.59397
907 1.907276498E+07 2.59420 3.58096 4.46549 11.16221 3.59545
908 1.908333449E+07 2.59503 3.58077 4.46638 11.15728 3.59685
909 1.909601791E+07 2.59616 3.58051 4.46760 11.15134 3.59832
910 1.910906545E+07 2.59747 3.58021 4.46905 11.14521 3.59983
911 1.912130179E+07 2.59885 3.57991 4.47057 11.13943 3.60121
912 1.913272533E+07 2.60029 3.57959 4.47217 11.13400 3.60245
913 1.914337377E+07 2.60180 3.57926 4.47387 11.12892 3.60358
914 1.915327835E+07 2.60338 3.57891 4.47566 11.12417 3.60464
915 1.916248317E+07 2.60503 3.57856 4.47754 11.11974 3.60566
916 1.917102029E+07 2.60675 3.57819 4.47951 11.11560 3.60667
917 1.917893690E+07 2.60852 3.57782 4.48157 11.11173 3.60770
918 1.918627889E+07 2.61034 3.57745 4.48371 11.10813 3.60878
919 1.919307474E+07 2.61222 3.57706 4.48593 11.10477 3.60994
920 1.919934785E+07 2.61415 3.57667 4.48823 11.10166 3.61041
921 1.920511737E+07 2.61614 3.57628 4.49063 11.09877 3.61073
922 1.921046375E+07 2.61821 3.57587 4.49316 11.09607 3.61101
923 1.921535722E+07 2.62036 3.57546 4.49579 11.09359 3.61126
924 1.921979431E+07 2.62256 3.57504 4.49851 11.09132 3.61149
925 1.922379259E+07 2.62483 3.57461 4.50132 11.08926 3.61171
926 1.922737344E+07 2.62714 3.57417 4.50421 11.08740 3.61193
927 1.923056082E+07 2.62950 3.57373 4.50718 11.08573 3.61217
928 1.923337609E+07 2.63191 3.57329 4.51021 11.08425 3.61244
929 1.923584644E+07 2.63435 3.57284 4.51331 11.08293 3.61275
930 1.923799986E+07 2.63683 3.57239 4.51646 11.08178 3.61313
931 1.923986465E+07 2.63933 3.57194 4.51967 11.08077 3.61326
932 1.924147823E+07 2.64184 3.57149 4.52289 11.07989 3.61305
933 1.924286919E+07 2.64436 3.57104 4.52614 11.07912 3.61280
934 1.924406205E+07 2.64688 3.57060 4.52939 11.07846 3.61256
935 1.924507796E+07 2.64937 3.57016 4.53262 11.07789 3.61233
936 1.924593987E+07 2.65183 3.56972 4.53580 11.07741 3.61213
937 1.924667119E+07 2.65425 3.56930 4.53894 11.07699 3.61199
938 1.924729152E+07 2.65662 3.56888 4.54201 11.07663 3.61192
939 1.924781592E+07 2.65892 3.56848 4.54499 11.07633 3.61195
940 1.924825772E+07 2.66113 3.56809 4.54786 11.07607 3.61180
941 1.924862726E+07 2.66323 3.56772 4.55057 11.07586 3.61138
942 1.924893661E+07 2.66519 3.56737 4.55311 11.07568 3.61100
943 1.924920385E+07 2.66711 3.56703 4.55558 11.07552 3.61069
944 1.924943912E+07 2.66903 3.56669 4.55808 11.07538 3.61047
945 1.924966660E+07 2.67118 3.56632 4.56088 11.07524 3.61033
946 1.924988443E+07 2.67354 3.56591 4.56399 11.07511 3.61029
947 1.925009290E+07 2.67610 3.56548 4.56736 11.07498 3.61033
948 1.925029400E+07 2.67882 3.56502 4.57097 11.07486 3.61015
949 1.925048927E+07 2.68168 3.56454 4.57478 11.07474 3.60991
950 1.925068085E+07 2.68466 3.56405 4.57876 11.07462 3.60971
951 1.925086995E+07 2.68769 3.56355 4.58282 11.07450 3.60955
952 1.925105758E+07 2.69076 3.56305 4.58693 11.07438 3.60943
953 1.925124446E+07 2.69385 3.56254 4.59108 11.07426 3.60934
954 1.925143120E+07 2.69695 3.56203 4.59525 11.07413 3.60930
955 1.925161828E+07 2.70008 3.56151 4.59946 11.07401 3.60930
956 1.925180622E+07 2.70320 3.56100 4.60365 11.07389 3.60935
957 1.925199550E+07 2.70631 3.56049 4.60781 11.07376 3.60939
958 1.925218632E+07 2.70939 3.55998 4.61195 11.07363 3.60925
959 1.925237898E+07 2.71247 3.55948 4.61609 11.07350 3.60913
960 1.925257413E+07 2.71554 3.55897 4.62021 11.07336 3.60903
961 1.925277180E+07 2.71859 3.55847 4.62429 11.07323 3.60896
962 1.925297220E+07 2.72160 3.55797 4.62833 11.07308 3.60892
963 1.925317554E+07 2.72459 3.55748 4.63233 11.07294 3.60891
964 1.925338219E+07 2.72756 3.55699 4.63631 11.07279 3.60893
965 1.925359285E+07 2.73048 3.55650 4.64021 11.07264 3.60898
966 1.925380812E+07 2.73334 3.55603 4.64404 11.07248 3.60906
967 1.925402842E+07 2.73614 3.55556 4.64777 11.07232 3.60918
968 1.925425428E+07 2.73886 3.55511 4.65141 11.07215 3.60913
969 1.925448603E+07 2.74152 3.55467 4.65495 11.07198 3.60910
970 1.925472540E+07 2.74408 3.55424 4.65837 11.07180 3.60909
971 1.925497177E+07 2.74654 3.55383 4.66164 11.07162 3.60910
972 1.925522516E+07 2.74889 3.55344 4.66477 11.07142 3.60914
973 1.925548566E+07 2.75111 3.55306 4.66772 11.07122 3.60921
974 1.925575358E+07 2.75320 3.55271 4.67050 11.07102 3.60931
975 1.925602933E+07 2.75516 3.55238 4.67309 11.07080 3.60945
976 1.925631373E+07 2.75695 3.55208 4.67546 11.07058 3.60963
977 1.925660773E+07 2.75857 3.55180 4.67759 11.07035 3.60975
978 1.925691241E+07 2.75997 3.55156 4.67944 11.07011 3.60981
979 1.925723064E+07 2.76114 3.55136 4.68096 11.06986 3.60989
980 1.925756408E+07 2.76202 3.55120 4.68209 11.06960 3.61000
981 1.925791178E+07 2.76256 3.55110 4.68274 11.06932 3.61014
982 1.925827381E+07 2.76269 3.55105 4.68284 11.06903 3.61033
983 1.925864706E+07 2.76240 3.55107 4.68234 11.06874 3.61057
984 1.925902172E+07 2.76173 3.55115 4.68131 11.06844 3.61087
985 1.925939339E+07 2.76074 3.55128 4.67985 11.06815 3.61098
986 1.925975850E+07 2.75953 3.55144 4.67809 11.06786 3.61107
987 1.926012241E+07 2.75816 3.55163 4.67609 11.06758 3.61116
988 1.926048180E+07 2.75671 3.55183 4.67399 11.06730 3.61128
989 1.926083658E+07 2.75527 3.55203 4.67189 11.06703 3.61146
990 1.926118798E+07 2.75390 3.55222 4.66990 11.06676 3.61167
991 1.926153702E+07 2.75265 3.55238 4.66809 11.06649 3.61159
992 1.926188569E+07 2.75156 3.55253 4.66647 11.06622 3.61153
993 1.926224140E+07 2.75063 3.55265 4.66511 11.06595 3.61154
994 1.926259802E+07 2.74995 3.55273 4.66407 11.06568 3.61167
995 1.926295299E+07 2.74953 3.55277 4.66340 11.06541 3.61156
996 1.926330449E+07 2.74938 3.55278 4.66311 11.06514 3.61137
997 1.926366157E+07 2.74950 3.55274 4.66322 11.06487 3.61129
998 1.926402022E+07 2.74991 3.55266 4.66372 11.06460 3.61139
999 1.926437373E+07 2.75057 3.55255 4.66458 11.06433 3.61110
1000 1.926471950E+07 2.75145 3.55240 4.66576 11.06407 3.61089
1001 1.926506926E+07 2.75257 3.55223 4.66728 11.06380 3.61084
1002 1.926541338E+07 2.75386 3.55202 4.66906 11.06354 3.61076
1003 1.926574946E+07 2.75530 3.55180 4.67106 11.06328 3.61048
1004 1.926608201E+07 2.75687 3.55156 4.67324 11.06302 3.61034
1005 1.926641416E+07 2.75857 3.55131 4.67561 11.06276 3.61040
1006 1.926674043E+07 2.76034 3.55104 4.67809 11.06251 3.61011
1007 1.926706020E+07 2.76215 3.55078 4.68065 11.06225 3.60991
1008 1.926738218E+07 2.76406 3.55050 4.68335 11.06200 3.60987
1009 1.926770074E+07 2.76600 3.55022 4.68610 11.06175 3.60978
1010 1.926801452E+07 2.76795 3.54994 4.68888 11.06149 3.60954
1011 1.926832697E+07 2.76992 3.54965 4.69169 11.06124 3.60943
1012 1.926864019E+07 2.77192 3.54937 4.69456 11.06099 3.60949
1013 1.926895019E+07 2.77393 3.54909 4.69744 11.06074 3.60924
1014 1.926925653E+07 2.77591 3.54881 4.70029 11.06048 3.60908
1015 1.926956596E+07 2.77791 3.54853 4.70318 11.06023 3.60906
1016 1.926987342E+07 2.77994 3.54825 4.70611 11.05997 3.60900
1017 1.927017823E+07 2.78194 3.54797 4.70902 11.05972 3.60880
1018 1.927048253E+07 2.78391 3.54770 4.71188 11.05946 3.60872
1019 1.927078821E+07 2.78587 3.54744 4.71474 11.05920 3.60879
1020 1.927109071E+07 2.78779 3.54718 4.71754 11.05894 3.60858
1021 1.927138937E+07 2.78966 3.54693 4.72028 11.05869 3.60846
1022 1.927169098E+07 2.79153 3.54668 4.72302 11.05843 3.60847
1023 1.927198981E+07 2.79337 3.54644 4.72572 11.05817 3.60841
1024 1.927228443E+07 2.79516 3.54620 4.72835 11.05791 3.60826
1025 1.927257789E+07 2.79693 3.54597 4.73097 11.05766 3.60821
1026 1.927287097E+07 2.79869 3.54574 4.73357 11.05740 3.60830
1027 1.927316023E+07 2.80041 3.54551 4.73611 11.05714 3.60811
1028 1.927344518E+07 2.80208 3.54530 4.73859 11.05689 3.60802
1029 1.927373178E+07 2.80375 3.54508 4.74106 11.05663 3.60804
1030 1.927401476E+07 2.80537 3.54487 4.74348 11.05638 3.60800
1031 1.927429322E+07 2.80696 3.54467 4.74584 11.05612 3.60788
1032 1.927456971E+07 2.80852 3.54447 4.74817 11.05587 3.60785
1033 1.927484447E+07 2.81006 3.54427 4.75047 11.05562 3.60794
1034 1.927511489E+07 2.81157 3.54408 4.75272 11.05537 3.60778
1035 1.927538066E+07 2.81304 3.54390 4.75491 11.05513 3.60771
1036 1.927564619E+07 2.81449 3.54372 4.75709 11.05488 3.60775
1037 1.927590752E+07 2.81591 3.54354 4.75922 11.05464 3.60773
1038 1.927616416E+07 2.81730 3.54337 4.76130 11.05440 3.60762
1039 1.927641784E+07 2.81866 3.54320 4.76334 11.05416 3.60761
1040 1.927666863E+07 2.81999 3.54303 4.76535 11.05392 3.60771
1041 1.927691474E+07 2.82129 3.54287 4.76731 11.05369 3.60758
1042 1.927715595E+07 2.82256 3.54271 4.76922 11.05346 3.60752
1043 1.927739519E+07 2.82381 3.54256 4.77111 11.05323 3.60756
1044 1.927762993E+07 2.82503 3.54241 4.77295 11.05301 3.60757
1045 1.927785987E+07 2.82622 3.54227 4.77474 11.05279 3.60748
1046 1.927808600E+07 2.82738 3.54212 4.77650 11.05257 3.60746
1047 1.927830888E+07 2.82852 3.54198 4.77822 11.05235 3.60754
1048 1.927852701E+07 2.82963 3.54185 4.77990 11.05214 3.60747
1049 1.927874026E+07 2.83071 3.54172 4.78154 11.05193 3.60742
1050 1.927895040E+07 2.83178 3.54159 4.78315 11.05173 3.60744
1051 1.927915635E+07 2.83281 3.54146 4.78472 11.05152 3.60751
1052 1.927935760E+07 2.83382 3.54134 4.78624 11.05133 3.60742
1053 1.927955440E+07 2.83480 3.54122 4.78773 11.05113 3.60739
1054 1.927974813E+07 2.83577 3.54110 4.78919 11.05094 3.60744
1055 1.927993734E+07 2.83670 3.54099 4.79060 11.05075 3.60746
1056 1.928012194E+07 2.83761 3.54088 4.79198 11.05057 3.60739
1057 1.928030261E+07 2.83851 3.54077 4.79333 11.05038 3.60739
1058 1.928047970E+07 2.83938 3.54066 4.79466 11.05021 3.60746
1059 1.928065247E+07 2.84023 3.54056 4.79594 11.05003 3.60744
1060 1.928082091E+07 2.84105 3.54046 4.79718 11.04986 3.60739
1061 1.928098581E+07 2.84186 3.54036 4.79839 11.04970 3.60740
1062 1.928114689E+07 2.84264 3.54026 4.79956 11.04953 3.60749
1063 1.928130373E+07 2.84340 3.54017 4.80070 11.04937 3.60745
1064 1.928145631E+07 2.84413 3.54007 4.80181 11.04922 3.60741
1065 1.928160540E+07 2.84485 3.53998 4.80288 11.04906 3.60743
1066 1.928175059E+07 2.84555 3.53990 4.80393 11.04892 3.60752
1067 1.928189171E+07 2.84623 3.53981 4.80493 11.04877 3.60748
1068 1.928202883E+07 2.84688 3.53973 4.80591 11.04863 3.60744
1069 1.928216257E+07 2.84752 3.53964 4.80685 11.04849 3.60747
1070 1.928229259E+07 2.84813 3.53956 4.80776 11.04836 3.60755
1071 1.928241884E+07 2.84873 3.53949 4.80864 11.04823 3.60753
1072 1.928254137E+07 2.84931 3.53941 4.80949 11.04810 3.60750
1073 1.928266060E+07 2.84987 3.53933 4.81031 11.04798 3.60751
1074 1.928277642E+07 2.85041 3.53926 4.81109 11.04785 3.60758
1075 1.928288878E+07 2.85093 3.53919 4.81185 11.04774 3.60760
1076 1.928299778E+07 2.85143 3.53912 4.81258 11.04762 3.60756
1077 1.928310364E+07 2.85192 3.53905 4.81328 11.04751 3.60757
1078 1.928320645E+07 2.85241 3.53898 4.81398 11.04741 3.60762
1079 1.928330619E+07 2.85288 3.53891 4.81464 11.04730 3.60770
1080 1.928340294E+07 2.85333 3.53884 4.81527 11.04720 3.60765
1081 1.928349676E+07 2.85375 3.53878 4.81587 11.04710 3.60764
1082 1.928358784E+07 2.85417 3.53872 4.81645 11.04700 3.60767
1083 1.928367618E+07 2.85457 3.53865 4.81700 11.04691 3.60774
1084 1.928376184E+07 2.85496 3.53859 4.81752 11.04682 3.60777
1085 1.928384494E+07 2.85533 3.53853 4.81802 11.04673 3.60774
1086 1.928392559E+07 2.85569 3.53847 4.81850 11.04665 3.60774
1087 1.928400380E+07 2.85604 3.53841 4.81896 11.04657 3.60778
1088 1.928407961E+07 2.85637 3.53835 4.81940 11.04649 3.60786
1089 1.928415305E+07 2.85670 3.53829 4.81982 11.04641 3.60786
1090 1.928422417E+07 2.85701 3.53824 4.82021 11.04633 3.60784
1091 1.928429304E+07 2.85731 3.53818 4.82059 11.04626 3.60785
1092 1.928435972E+07 2.85760 3.53812 4.82094 11.04619 3.60789
1093 1.928442431E+07 2.85789 3.53807 4.82128 11.04612 3.60797
1094 1.928448691E+07 2.85818 3.53801 4.82163 11.04605 3.60799
1095 1.928454766E+07 2.85846 3.53795 4.82196 11.04599 3.60796
1096 1.928460662E+07 2.85872 3.53789 4.82226 11.04593 3.60797
1097 1.928466389E+07 2.85897 3.53784 4.82253 11.04586 3.60800
1098 1.928471968E+07 2.85922 3.53778 4.82279 11.04581 3.60807
1099 1.928477414E+07 2.85945 3.53772 4.82304 11.04575 3.60813
1100 1.928482749E+07 2.85968 3.53767 4.82327 11.04569 3.60810
1101 1.928488004E+07 2.85991 3.53761 4.82350 11.04563 3.60810
1102 1.928493218E+07 2.86013 3.53755 4.82371 11.04558 3.60812
1103 1.928498475E+07 2.86035 3.53750 4.82392 11.04552 3.60817
1103 1.928497423E+07 2.86031 3.53750 4.82387 11.04553 3.60815
1104 1.928501629E+07 2.86048 3.53746 4.82405 11.04549 3.60821
1105 1.928505835E+07 2.86065 3.53742 4.82422 11.04544 3.60828
1106 1.928510040E+07 2.86081 3.53738 4.82438 11.04540 3.60827
1107 1.928514246E+07 2.86096 3.53735 4.82456 11.04535 3.60826
1108 1.928519292E+07 2.86111 3.53733 4.82478 11.04530 3.60825
1108 1.928518283E+07 2.86109 3.53733 4.82472 11.04531 3.60825
1108 1.928517475E+07 2.86106 3.53733 4.82469 11.04532 3.60825
1109 1.928520705E+07 2.86115 3.53732 4.82484 11.04528 3.60825
1109 1.928520059E+07 2.86114 3.53732 4.82480 11.04529 3.60825
1109 1.928519543E+07 2.86113 3.53732 4.82478 11.04530 3.60825
1110 1.928521610E+07 2.86118 3.53732 4.82487 11.04528 3.60825
1110 1.928521196E+07 2.86117 3.53732 4.82485 11.04528 3.60824
1110 1.928520865E+07 2.86116 3.53732 4.82484 11.04528 3.60824
1111 1.928522188E+07 2.86120 3.53731 4.82490 11.04527 3.60824
1111 1.928521924E+07 2.86119 3.53731 4.82488 11.04527 3.60824
1112 1.928522982E+07 2.86122 3.53731 4.82493 11.04526 3.60824
1113 1.928524041E+07 2.86125 3.53731 4.82498 11.04525 3.60824
1114 1.928525099E+07 2.86127 3.53731 4.82503 11.04524 3.60824
1115 1.928526157E+07 2.86130 3.53731 4.82507 11.04523 3.60824
1115 1.928525946E+07 2.86129 3.53731 4.82506 11.04523 3.60824
1116 1.928526792E+07 2.86131 3.53731 4.82510 11.04522 3.60824
1117 1.928527639E+07 2.86133 3.53731 4.82514 11.04521 3.60824
1118 1.928528486E+07 2.86135 3.53731 4.82518 11.04520 3.60824
1119 1.928529332E+07 2.86137 3.53731 4.82521 11.04519 3.60823
1120 1.928530348E+07 2.86139 3.53731 4.82526 11.04518 3.60823
1121 1.928531568E+07 2.86141 3.53731 4.82532 11.04517 3.60823
1122 1.928533031E+07 2.86144 3.53731 4.82538 11.04515 3.60823
1123 1.928534786E+07 2.86148 3.53732 4.82547 11.04513 3.60822
1124 1.928536893E+07 2.86153 3.53731 4.82557 11.04511 3.60822
1124 1.928536472E+07 2.86152 3.53731 4.82554 11.04512 3.60822
1125 1.928538157E+07 2.86157 3.53731 4.82564 11.04510 3.60822
1126 1.928539843E+07 2.86162 3.53731 4.82573 11.04508 3.60822
1127 1.928541528E+07 2.86167 3.53731 4.82583 11.04506 3.60821
1128 1.928543214E+07 2.86173 3.53730 4.82593 11.04504 3.60821
1129 1.928545236E+07 2.86182 3.53729 4.82606 11.04502 3.60821
1130 1.928547663E+07 2.86193 3.53728 4.82622 11.04500 3.60822
1130 1.928547178E+07 2.86191 3.53728 4.82618 11.04500 3.60821
1131 1.928549120E+07 2.86200 3.53727 4.82633 11.04498 3.60822
1132 1.928551061E+07 2.86210 3.53726 4.82648 11.04496 3.60822
1133 1.928553003E+07 2.86220 3.53725 4.82663 11.04494 3.60822
1134 1.928554945E+07 2.86231 3.53723 4.82679 11.04492 3.60823
1135 1.928557274E+07 2.86245 3.53721 4.82698 11.04489 3.60824
1136 1.928560070E+07 2.86262 3.53718 4.82722 11.04486 3.60825
1137 1.928563426E+07 2.86284 3.53715 4.82751 11.04483 3.60828
1138 1.928567452E+07 2.86313 3.53710 4.82788 11.04478 3.60833
1139 1.928572283E+07 2.86349 3.53703 4.82833 11.04473 3.60835
1140 1.928578081E+07 2.86394 3.53694 4.82888 11.04467 3.60832
1141 1.928584671E+07 2.86448 3.53682 4.82950 11.04460 3.60831
1142 1.928589551E+07 2.86490 3.53672 4.82994 11.04455 3.60835
1143 1.928593265E+07 2.86524 3.53663 4.83026 11.04451 3.60841
1143 1.928592522E+07 2.86518 3.53665 4.83018 11.04451 3.60839
1143 1.928591928E+07 2.86512 3.53666 4.83013 11.04452 3.60838
1144 1.928594305E+07 2.86534 3.53661 4.83035 11.04449 3.60844
1145 1.928596682E+07 2.86561 3.53653 4.83059 11.04447 3.60847
1146 1.928599059E+07 2.86590 3.53645 4.83082 11.04444 3.60846
1147 1.928601436E+07 2.86620 3.53635 4.83105 11.04442 3.60846
1148 1.928602947E+07 2.86640 3.53629 4.83118 11.04440 3.60847
1149 1.928604351E+07 2.86658 3.53622 4.83130 11.04439 3.60850
1150 1.928605674E+07 2.86676 3.53616 4.83140 11.04437 3.60854
1151 1.928606939E+07 2.86693 3.53610 4.83150 11.04436 3.60859
1152 1.928608162E+07 2.86710 3.53603 4.83158 11.04434 3.60864
1153 1.928609350E+07 2.86726 3.53597 4.83165 11.04433 3.60867
1154 1.928610514E+07 2.86742 3.53591 4.83171 11.04432 3.60866
1155 1.928611656E+07 2.86756 3.53585 4.83177 11.04431 3.60866
1156 1.928612782E+07 2.86771 3.53579 4.83182 11.04429 3.60866
1157 1.928613896E+07 2.86784 3.53573 4.83185 11.04428 3.60868
1158 1.928615003E+07 2.86798 3.53567 4.83188 11.04427 3.60871
1159 1.928616105E+07 2.86810 3.53561 4.83190 11.04426 3.60874
1160 1.928617205E+07 2.86823 3.53555 4.83192 11.04425 3.60878
1161 1.928618306E+07 2.86838 3.53549 4.83196 11.04423 3.60884
1162 1.928619414E+07 2.86852 3.53543 4.83200 11.04422 3.60890
1163 1.928620529E+07 2.86865 3.53537 4.83202 11.04421 3.60889
1164 1.928621658E+07 2.86877 3.53531 4.83204 11.04420 3.60888
1165 1.928622801E+07 2.86888 3.53526 4.83204 11.04419 3.60889
1166 1.928623969E+07 2.86898 3.53521 4.83202 11.04417 3.60890
1167 1.928625172E+07 2.86906 3.53516 4.83199 11.04416 3.60892
1168 1.928626423E+07 2.86913 3.53511 4.83194 11.04415 3.60895
1169 1.928627738E+07 2.86918 3.53507 4.83188 11.04413 3.60899
1169 1.928627475E+07 2.86918 3.53507 4.83188 11.04414 3.60898
1170 1.928628527E+07 2.86921 3.53504 4.83183 11.04412 3.60901
1170 1.928628317E+07 2.86921 3.53505 4.83184 11.04413 3.60901
1170 1.928628148E+07 2.86920 3.53505 4.83185 11.04413 3.60900
1171 1.928628822E+07 2.86922 3.53503 4.83182 11.04412 3.60903
1172 1.928629495E+07 2.86923 3.53502 4.83178 11.04411 3.60905
1172 1.928629360E+07 2.86923 3.53502 4.83178 11.04411 3.60904
1173 1.928629899E+07 2.86923 3.53502 4.83177 11.04411 3.60906
1174 1.928630438E+07 2.86923 3.53501 4.83175 11.04410 3.60907
1174 1.928630330E+07 2.86923 3.53501 4.83175 11.04410 3.60907
1175 1.928630761E+07 2.86922 3.53501 4.83174 11.04410 3.60908
1176 1.928631192E+07 2.86921 3.53502 4.83173 11.04410 3.60908
1177 1.928631623E+07 2.86919 3.53502 4.83172 11.04409 3.60908
1178 1.928632054E+07 2.86916 3.53504 4.83171 11.04409 3.60908
1178 1.928631968E+07 2.86917 3.53503 4.83171 11.04409 3.60908
1179 1.928632312E+07 2.86914 3.53504 4.83169 11.04408 3.60908
1179 1.928632243E+07 2.86915 3.53504 4.83169 11.04408 3.60908
1180 1.928632519E+07 2.86913 3.53504 4.83167 11.04408 3.60908
1180 1.928632464E+07 2.86913 3.53504 4.83167 11.04408 3.60908
1180 1.928632420E+07 2.86914 3.53504 4.83168 11.04408 3.60908
1181 1.928632597E+07 2.86912 3.53504 4.83167 11.04408 3.60909
1182 1.928632773E+07 2.86911 3.53505 4.83166 11.04408 3.60908
1183 1.928632950E+07 2.86909 3.53506 4.83165 11.04408 3.60908
1184 1.928633126E+07 2.86907 3.53506 4.83163 11.04407 3.60908
1185 1.928633338E+07 2.86905 3.53507 4.83161 11.04407 3.60908
1186 1.928633592E+07 2.86902 3.53508 4.83158 11.04407 3.60908
1187 1.928633897E+07 2.86898 3.53508 4.83154 11.04407 3.60908
1188 1.928634263E+07 2.86893 3.53509 4.83149 11.04406 3.60909
1189 1.928634702E+07 2.86888 3.53510 4.83141 11.04406 3.60909
1190 1.928635229E+07 2.86880 3.53512 4.83131 11.04405 3.60910
1191 1.928635862E+07 2.86872 3.53513 4.83119 11.04404 3.60911
1191 1.928635735E+07 2.86874 3.53512 4.83121 11.04405 3.60911
1192 1.928636241E+07 2.86867 3.53514 4.83113 11.04404 3.60911
1193 1.928636747E+07 2.86860 3.53515 4.83104 11.04404 3.60912
1194 1.928637253E+07 2.86853 3.53516 4.83094 11.04403 3.60912
1195 1.928637759E+07 2.86846 3.53517 4.83084 11.04402 3.60913
1196 1.928638367E+07 2.86838 3.53518 4.83072 11.04402 3.60915
1197 1.928639095E+07 2.86830 3.53518 4.83057 11.04401 3.60915
1198 1.928639970E+07 2.86822 3.53518 4.83040 11.04400 3.60915
1199 1.928641019E+07 2.86814 3.53517 4.83022 11.04399 3.60914
1200 1.928642278E+07 2.86810 3.53514 4.83001 11.04398 3.60914
1201 1.928643607E+07 2.86811 3.53509 4.82982 11.04396 3.60914
1201 1.928643341E+07 2.86810 3.53510 4.82985 11.04396 3.60914
1202 1.928644405E+07 2.86814 3.53505 4.82972 11.04395 3.60916
1203 1.928645468E+07 2.86820 3.53499 4.82962 11.04394 3.60918
1204 1.928646532E+07 2.86830 3.53493 4.82957 11.04393 3.60923
1205 1.928647596E+07 2.86845 3.53486 4.82958 11.04392 3.60929
1206 1.928648372E+07 2.86857 3.53481 4.82961 11.04391 3.60934
1207 1.928649127E+07 2.86870 3.53475 4.82965 11.04390 3.60937
1208 1.928649832E+07 2.86882 3.53470 4.82968 11.04390 3.60936
1209 1.928650470E+07 2.86893 3.53465 4.82970 11.04389 3.60936
1210 1.928651048E+07 2.86903 3.53460 4.82972 11.04388 3.60937
1211 1.928651579E+07 2.86913 3.53456 4.82973 11.04388 3.60938
1212 1.928652076E+07 2.86922 3.53452 4.82975 11.04387 3.60940
1213 1.928652547E+07 2.86930 3.53448 4.82976 11.04387 3.60943
1214 1.928652996E+07 2.86938 3.53444 4.82977 11.04386 3.60947
1215 1.928653428E+07 2.86946 3.53441 4.82978 11.04386 3.60951
1216 1.928653844E+07 2.86953 3.53437 4.82978 11.04385 3.60957
1217 1.928654247E+07 2.86959 3.53434 4.82979 11.04385 3.60962
1218 1.928654637E+07 2.86966 3.53431 4.82980 11.04384 3.60961
1219 1.928655018E+07 2.86971 3.53428 4.82980 11.04384 3.60961
1220 1.928655389E+07 2.86977 3.53426 4.82982 11.04384 3.60961
1220 1.928655315E+07 2.86976 3.53426 4.82981 11.04384 3.60961
1221 1.928655612E+07 2.86982 3.53424 4.82984 11.04383 3.60961
1221 1.928655553E+07 2.86980 3.53425 4.82983 11.04383 3.60961
1221 1.928655505E+07 2.86980 3.53425 4.82983 11.04383 3.60961
1222 1.928655695E+07 2.86983 3.53424 4.82985 11.04383 3.60962
1223 1.928655886E+07 2.86987 3.53422 4.82987 11.04383 3.60962
1224 1.928656076E+07 2.86991 3.53421 4.82990 11.04383 3.60963
1225 1.928656266E+07 2.86994 3.53420 4.82993 11.04383 3.60964
1226 1.928656494E+07 2.86998 3.53419 4.82997 11.04382 3.60965
1227 1.928656768E+07 2.87003 3.53418 4.83001 11.04382 3.60966
1228 1.928657096E+07 2.87007 3.53417 4.83005 11.04382 3.60968
1229 1.928657490E+07 2.87011 3.53416 4.83009 11.04381 3.60969
1229 1.928657412E+07 2.87011 3.53416 4.83008 11.04381 3.60969
1229 1.928657349E+07 2.87010 3.53416 4.83008 11.04381 3.60968
1229 1.928657298E+07 2.87009 3.53416 4.83008 11.04382 3.60968
1229 1.928657258E+07 2.87009 3.53416 4.83007 11.04382 3.60968
1230 1.928657419E+07 2.87011 3.53416 4.83009 11.04381 3.60969
1230 1.928657387E+07 2.87010 3.53416 4.83009 11.04381 3.60969
1231 1.928657516E+07 2.87012 3.53416 4.83010 11.04381 3.60969
1231 1.928657490E+07 2.87011 3.53416 4.83010 11.04381 3.60969
1232 1.928657594E+07 2.87012 3.53416 4.83011 11.04381 3.60969
1233 1.928657697E+07 2.87013 3.53415 4.83012 11.04381 3.60970
1234 1.928657800E+07 2.87014 3.53415 4.83013 11.04381 3.60970
1235 1.928657904E+07 2.87015 3.53415 4.83013 11.04381 3.60970
1236 1.928658028E+07 2.87015 3.53415 4.83014 11.04381 3.60971
1237 1.928658176E+07 2.87016 3.53414 4.83014 11.04381 3.60972
1238 1.928658355E+07 2.87017 3.53414 4.83014 11.04380 3.60973
1239 1.928658569E+07 2.87018 3.53413 4.83013 11.04380 3.60975
1240 1.928658826E+07 2.87019 3.53412 4.83011 11.04380 3.60977
1241 1.928659135E+07 2.87020 3.53411 4.83008 11.04380 3.60982
1242 1.928659457E+07 2.87021 3.53409 4.83004 11.04379 3.60988
1243 1.928659715E+07 2.87022 3.53408 4.83000 11.04379 3.60989
1244 1.928659935E+07 2.87022 3.53407 4.82997 11.04379 3.60989
1245 1.928660126E+07 2.87023 3.53406 4.82994 11.04378 3.60989
1246 1.928660298E+07 2.87023 3.53405 4.82991 11.04378 3.60989
1247 1.928660454E+07 2.87023 3.53404 4.82989 11.04378 3.60990
1248 1.928660596E+07 2.87023 3.53404 4.82986 11.04378 3.60992
1249 1.928660725E+07 2.87023 3.53403 4.82984 11.04378 3.60995
1250 1.928660843E+07 2.87023 3.53403 4.82982 11.04378 3.60998
1251 1.928660953E+07 2.87023 3.53403 4.82981 11.04378 3.61001
