1 5.176344000E+04 0.65969 4.46092 4.11632 12.99988 0.00004
2 1.009494077E+05 0.66029 4.46079 4.11696 12.99977 0.00004
3 1.599725690E+05 0.66115 4.46058 4.11788 12.99964 0.00004
4 2.308003625E+05 0.66223 4.46033 4.11902 12.99948 0.00004
5 3.157937147E+05 0.66353 4.46003 4.12041 12.99928 0.00004
6 4.177857374E+05 0.66508 4.45967 4.12210 12.99905 0.00004
7 5.401761646E+05 0.66691 4.45927 4.12415 12.99877 0.00004
8 6.870446773E+05 0.66905 4.45882 4.12664 12.99843 0.00004
9 8.632868925E+05 0.67157 4.45832 4.12967 12.99801 0.00004
10 1.074777551E+06 0.67453 4.45776 4.13336 12.99751 0.00004
11 1.328566341E+06 0.67802 4.45714 4.13786 12.99690 0.00003
12 1.594610791E+06 0.68164 4.45653 4.14266 12.99624 0.00003
13 1.866258367E+06 0.68532 4.45594 4.14764 12.99556 0.00003
14 2.141544153E+06 0.68905 4.45536 4.15277 12.99485 0.00003
15 2.417927799E+06 0.69283 4.45477 4.15799 12.99412 0.00003
16 2.692633800E+06 0.69664 4.45418 4.16325 12.99339 0.00003
17 2.964400408E+06 0.70044 4.45360 4.16853 12.99264 0.00003
18 3.234600748E+06 0.70426 4.45303 4.17387 12.99189 0.00003
19 3.503193701E+06 0.70809 4.45246 4.17925 12.99112 0.00003
20 3.769700966E+06 0.71195 4.45188 4.18468 12.99034 0.00003
21 4.033681593E+06 0.71583 4.45131 4.19013 12.98956 0.00003
22 4.294775471E+06 0.71973 4.45073 4.19561 12.98876 0.00003
23 4.552674362E+06 0.72365 4.45014 4.20110 12.98795 0.00003
24 4.807123649E+06 0.72759 4.44954 4.20659 12.98714 0.00003
25 5.057908385E+06 0.73155 4.44894 4.21209 12.98633 0.00003
26 5.304799802E+06 0.73554 4.44832 4.21758 12.98550 0.00003
27 5.547524749E+06 0.73955 4.44768 4.22305 12.98468 0.00002
28 5.785676614E+06 0.74359 4.44701 4.22848 12.98385 0.00002
29 6.018559574E+06 0.74768 4.44632 4.23385 12.98302 0.00002
30 6.245203196E+06 0.75176 4.44560 4.23915 12.98220 0.00002
31 6.466712478E+06 0.75583 4.44487 4.24440 12.98139 0.00002
32 6.684176000E+06 0.75993 4.44413 4.24962 12.98057 0.00002
33 6.897725829E+06 0.76404 4.44337 4.25482 12.97975 0.00002
34 7.107333874E+06 0.76818 4.44260 4.26000 12.97893 0.00002
35 7.312974315E+06 0.77233 4.44181 4.26514 12.97812 0.00002
36 7.514639571E+06 0.77650 4.44100 4.27025 12.97730 0.00002
37 7.712331733E+06 0.78069 4.44018 4.27533 12.97649 0.00002
38 7.906066906E+06 0.78489 4.43934 4.28037 12.97568 0.00002
39 8.095838360E+06 0.78912 4.43847 4.28536 12.97479 0.00002
40 8.281627384E+06 0.79337 4.43759 4.29032 12.97381 0.00002
41 8.463166135E+06 0.79764 4.43667 4.29522 12.97274 0.00002
42 8.640198364E+06 0.80194 4.43573 4.30005 12.97159 0.00002
43 8.812342022E+06 0.80626 4.43475 4.30478 12.97035 0.00002
44 8.979340463E+06 0.81057 4.43376 4.30941 12.96903 0.00003
45 9.142523776E+06 0.81487 4.43275 4.31399 12.96763 0.00003
46 9.302414454E+06 0.81919 4.43172 4.31852 12.96612 0.00003
47 9.459082704E+06 0.82353 4.43067 4.32300 12.96452 0.00003
48 9.612574547E+06 0.82789 4.42961 4.32744 12.96282 0.00003
49 9.762939395E+06 0.83226 4.42852 4.33182 12.96102 0.00003
50 9.910217275E+06 0.83664 4.42741 4.33616 12.95913 0.00003
51 1.005447124E+07 0.84105 4.42628 4.34045 12.95713 0.00003
52 1.019574944E+07 0.84547 4.42513 4.34469 12.95503 0.00003
53 1.033407202E+07 0.84990 4.42396 4.34888 12.95282 0.00003
54 1.046947202E+07 0.85436 4.42276 4.35301 12.95052 0.00003
55 1.060193378E+07 0.85883 4.42155 4.35709 12.94811 0.00003
56 1.073138519E+07 0.86332 4.42030 4.36110 12.94560 0.00003
57 1.085760716E+07 0.86784 4.41903 4.36503 12.94301 0.00003
58 1.098028239E+07 0.87236 4.41773 4.36887 12.94032 0.00003
59 1.109955444E+07 0.87686 4.41642 4.37264 12.93756 0.00003
60 1.121627075E+07 0.88137 4.41509 4.37635 12.93469 0.00004
61 1.133066562E+07 0.88589 4.41375 4.38002 12.93173 0.00004
62 1.144276015E+07 0.89045 4.41238 4.38366 12.92865 0.00004
63 1.155241719E+07 0.89503 4.41099 4.38726 12.92549 0.00004
64 1.165965560E+07 0.89962 4.40958 4.39082 12.92222 0.00004
65 1.176470442E+07 0.90422 4.40816 4.39432 12.91886 0.00004
66 1.186761416E+07 0.90883 4.40672 4.39778 12.91540 0.00004
67 1.196841958E+07 0.91347 4.40526 4.40119 12.91184 0.00004
68 1.206714910E+07 0.91811 4.40377 4.40456 12.90819 0.00004
69 1.216384143E+07 0.92277 4.40227 4.40788 12.90443 0.00004
70 1.225849890E+07 0.92745 4.40075 4.41114 12.90059 0.00005
71 1.235110763E+07 0.93214 4.39921 4.41436 12.89666 0.00005
72 1.244160282E+07 0.93684 4.39765 4.41751 12.89265 0.00005
73 1.252986846E+07 0.94156 4.39606 4.42059 12.88856 0.00005
74 1.261576646E+07 0.94627 4.39446 4.42361 12.88441 0.00005
75 1.269957771E+07 0.95097 4.39284 4.42656 12.88020 0.00005
76 1.278169280E+07 0.95568 4.39122 4.42948 12.87591 0.00006
77 1.286222612E+07 0.96041 4.38958 4.43236 12.87153 0.00006
78 1.294121398E+07 0.96515 4.38792 4.43520 12.86706 0.00006
79 1.301867746E+07 0.96990 4.38624 4.43801 12.86252 0.00006
80 1.309464186E+07 0.97466 4.38455 4.44078 12.85789 0.00006
81 1.316914883E+07 0.97943 4.38285 4.44351 12.85319 0.00007
82 1.324222926E+07 0.98422 4.38113 4.44620 12.84841 0.00007
83 1.331391358E+07 0.98904 4.37939 4.44888 12.84356 0.00007
84 1.338401622E+07 0.99387 4.37763 4.45153 12.83865 0.00007
85 1.345264743E+07 0.99871 4.37587 4.45413 12.83367 0.00008
86 1.351995109E+07 1.00356 4.37409 4.45671 12.82863 0.00008
87 1.358594809E+07 1.00841 4.37229 4.45924 12.82353 0.00008
88 1.365063180E+07 1.01328 4.37048 4.46173 12.81837 0.00009
89 1.371395889E+07 1.01816 4.36866 4.46418 12.81315 0.00009
90 1.377586162E+07 1.02303 4.36682 4.46658 12.80790 0.00009
91 1.383636357E+07 1.02789 4.36498 4.46895 12.80261 0.00010
92 1.389569585E+07 1.03274 4.36314 4.47128 12.79727 0.00010
93 1.395403459E+07 1.03760 4.36129 4.47359 12.79186 0.00011
94 1.401142894E+07 1.04247 4.35942 4.47588 12.78639 0.00011
95 1.406792652E+07 1.04735 4.35756 4.47816 12.78086 0.00012
96 1.412355878E+07 1.05222 4.35568 4.48041 12.77526 0.00013
97 1.417837880E+07 1.05711 4.35380 4.48266 12.76960 0.00013
98 1.423235739E+07 1.06198 4.35192 4.48489 12.76389 3.26057
99 1.428549617E+07 1.06644 4.35020 4.48691 12.75823 3.28463
100 1.431206556E+07 1.06876 4.34929 4.48793 12.75539 3.29017
101 1.434394883E+07 1.07171 4.34815 4.48927 12.75196 3.29385
102 1.438220875E+07 1.07529 4.34677 4.49091 12.74784 3.29559
103 1.442812066E+07 1.07962 4.34510 4.49289 12.74285 3.29417
104 1.448321494E+07 1.08484 4.34310 4.49531 12.73682 3.28848
105 1.453878850E+07 1.09009 4.34109 4.49779 12.73068 3.28317
106 1.459361341E+07 1.09525 4.33914 4.50030 12.72458 3.27871
107 1.464788680E+07 1.10028 4.33726 4.50284 12.71848 3.27501
108 1.470169619E+07 1.10513 4.33548 4.50544 12.71237 3.27200
109 1.475515328E+07 1.10973 4.33385 4.50811 12.70625 3.26957
110 1.480838110E+07 1.11397 4.33243 4.51088 12.70008 3.26763
111 1.486105781E+07 1.11762 4.33132 4.51379 12.69390 3.26604
112 1.491166779E+07 1.12032 4.33073 4.51678 12.68787 3.26473
113 1.495621629E+07 1.12162 4.33080 4.51970 12.68248 3.26361
114 1.499236795E+07 1.12146 4.33156 4.52241 12.67804 3.26267
115 1.501943432E+07 1.12011 4.33282 4.52476 12.67466 3.26192
116 1.503882837E+07 1.11818 4.33428 4.52671 12.67221 3.26137
117 1.505356066E+07 1.11591 4.33584 4.52843 12.67032 3.26094
118 1.506517682E+07 1.11343 4.33747 4.52999 12.66881 3.26058
119 1.507460709E+07 1.11083 4.33914 4.53146 12.66757 3.26037
120 1.508242614E+07 1.10815 4.34083 4.53286 12.66654 3.26041
121 1.508899729E+07 1.10540 4.34255 4.53424 12.66565 3.26047
122 1.509457412E+07 1.10263 4.34428 4.53560 12.66490 3.26054
123 1.509934484E+07 1.09984 4.34601 4.53697 12.66424 3.26060
124 1.510344924E+07 1.09705 4.34775 4.53835 12.66367 3.26065
125 1.510699599E+07 1.09428 4.34949 4.53975 12.66317 3.26071
126 1.511006646E+07 1.09155 4.35121 4.54119 12.66273 3.26077
127 1.511272890E+07 1.08886 4.35293 4.54267 12.66235 3.26083
128 1.511504046E+07 1.08623 4.35462 4.54421 12.66203 3.26089
129 1.511705034E+07 1.08369 4.35629 4.54578 12.66174 3.26095
130 1.511879890E+07 1.08126 4.35791 4.54739 12.66150 3.26102
131 1.512032519E+07 1.07892 4.35949 4.54904 12.66128 3.26108
132 1.512166033E+07 1.07670 4.36103 4.55075 12.66110 3.26115
133 1.512282960E+07 1.07458 4.36252 4.55250 12.66093 3.26122
134 1.512385340E+07 1.07258 4.36397 4.55429 12.66079 3.26116
135 1.512474883E+07 1.07070 4.36537 4.55612 12.66067 3.26093
136 1.512553086E+07 1.06894 4.36671 4.55796 12.66056 3.26052
137 1.512621287E+07 1.06731 4.36798 4.55980 12.66047 3.26007
138 1.512680792E+07 1.06581 4.36919 4.56162 12.66039 3.25958
139 1.512732735E+07 1.06442 4.37034 4.56343 12.66032 3.25905
140 1.512778068E+07 1.06315 4.37141 4.56519 12.66025 3.25849
141 1.512817596E+07 1.06199 4.37242 4.56690 12.66020 3.25789
142 1.512852115E+07 1.06094 4.37335 4.56854 12.66015 3.25724
143 1.512882250E+07 1.05999 4.37422 4.57011 12.66011 3.25654
144 1.512908547E+07 1.05912 4.37503 4.57159 12.66008 3.25578
145 1.512931479E+07 1.05834 4.37576 4.57297 12.66005 3.25499
146 1.512951645E+07 1.05764 4.37642 4.57420 12.66002 3.25416
147 1.512968861E+07 1.05706 4.37696 4.57520 12.66000 3.25340
148 1.512985358E+07 1.05652 4.37745 4.57608 12.65997 3.25265
149 1.513001687E+07 1.05601 4.37790 4.57684 12.65995 3.25185
150 1.513018035E+07 1.05553 4.37829 4.57748 12.65993 3.25100
151 1.513034544E+07 1.05509 4.37864 4.57798 12.65991 3.25008
152 1.513051342E+07 1.05468 4.37894 4.57835 12.65989 3.24907
153 1.513068549E+07 1.05431 4.37917 4.57855 12.65986 3.24795
154 1.513086275E+07 1.05399 4.37933 4.57857 12.65984 3.24673
155 1.513104616E+07 1.05373 4.37942 4.57839 12.65981 3.24539
156 1.513123670E+07 1.05353 4.37942 4.57798 12.65979 3.24397
157 1.513143509E+07 1.05340 4.37932 4.57733 12.65976 3.24252
158 1.513164166E+07 1.05337 4.37911 4.57641 12.65973 3.24110
159 1.513185675E+07 1.05345 4.37877 4.57523 12.65971 3.23945
160 1.513207971E+07 1.05365 4.37831 4.57377 12.65968 3.23718
161 1.513230950E+07 1.05399 4.37771 4.57205 12.65965 3.23476
162 1.513254552E+07 1.05450 4.37697 4.57011 12.65962 3.23231
163 1.513278603E+07 1.05518 4.37609 4.56797 12.65958 3.22994
164 1.513303004E+07 1.05605 4.37509 4.56570 12.65955 3.22781
165 1.513327660E+07 1.05713 4.37396 4.56333 12.65952 3.22598
166 1.513352500E+07 1.05844 4.37270 4.56092 12.65949 3.22301
167 1.513377483E+07 1.05998 4.37133 4.55852 12.65945 3.22015
168 1.513402739E+07 1.06180 4.36983 4.55616 12.65942 3.21746
169 1.513428092E+07 1.06388 4.36822 4.55390 12.65939 3.21502
170 1.513453472E+07 1.06625 4.36651 4.55178 12.65935 3.21292
171 1.513478844E+07 1.06889 4.36470 4.54984 12.65932 3.21119
172 1.513504181E+07 1.07182 4.36280 4.54811 12.65928 3.20861
173 1.513529465E+07 1.07504 4.36082 4.54661 12.65925 3.20598
174 1.513554776E+07 1.07853 4.35876 4.54534 12.65922 3.20357
175 1.513579959E+07 1.08228 4.35663 4.54433 12.65918 3.20139
176 1.513604932E+07 1.08627 4.35445 4.54357 12.65914 3.19947
177 1.513629681E+07 1.09046 4.35223 4.54306 12.65911 3.19783
178 1.513654197E+07 1.09483 4.34997 4.54278 12.65907 3.19646
179 1.513678482E+07 1.09938 4.34768 4.54272 12.65904 3.19441
180 1.513702540E+07 1.10408 4.34537 4.54287 12.65901 3.19227
181 1.513726372E+07 1.10890 4.34304 4.54319 12.65897 3.19030
182 1.513749984E+07 1.11383 4.34069 4.54367 12.65894 3.18851
183 1.513773402E+07 1.11886 4.33833 4.54430 12.65891 3.18689
184 1.513796637E+07 1.12398 4.33596 4.54505 12.65887 3.18544
185 1.513819702E+07 1.12916 4.33359 4.54590 12.65884 3.18416
186 1.513842621E+07 1.13440 4.33120 4.54685 12.65881 3.18305
187 1.513865417E+07 1.13970 4.32881 4.54787 12.65878 3.18184
188 1.513888110E+07 1.14505 4.32640 4.54895 12.65875 3.18002
189 1.513910698E+07 1.15043 4.32400 4.55009 12.65871 3.17833
190 1.513933150E+07 1.15583 4.32159 4.55126 12.65868 3.17676
191 1.513955552E+07 1.16126 4.31917 4.55246 12.65865 3.17530
192 1.513977925E+07 1.16672 4.31675 4.55369 12.65862 3.17397
193 1.514000286E+07 1.17221 4.31432 4.55493 12.65859 3.17275
194 1.514022652E+07 1.17772 4.31187 4.55617 12.65856 3.17164
195 1.514045038E+07 1.18326 4.30942 4.55742 12.65853 3.17065
196 1.514067465E+07 1.18881 4.30695 4.55866 12.65850 3.16977
197 1.514089959E+07 1.19438 4.30447 4.55990 12.65846 3.16853
198 1.514112516E+07 1.19998 4.30198 4.56113 12.65843 3.16697
199 1.514135096E+07 1.20559 4.29948 4.56235 12.65840 3.16551
200 1.514157707E+07 1.21120 4.29697 4.56354 12.65837 3.16414
201 1.514180392E+07 1.21684 4.29445 4.56471 12.65834 3.16286
202 1.514203155E+07 1.22249 4.29191 4.56586 12.65831 3.16167
203 1.514225998E+07 1.22816 4.28935 4.56698 12.65828 3.16057
204 1.514248923E+07 1.23385 4.28679 4.56808 12.65824 3.15956
205 1.514271931E+07 1.23955 4.28420 4.56915 12.65821 3.15864
206 1.514295021E+07 1.24527 4.28160 4.57018 12.65818 3.15781
207 1.514318192E+07 1.25101 4.27898 4.57119 12.65815 3.15682
208 1.514341443E+07 1.25676 4.27635 4.57217 12.65812 3.15540
209 1.514364780E+07 1.26252 4.27371 4.57312 12.65808 3.15405
210 1.514388145E+07 1.26828 4.27106 4.57404 12.65805 3.15278
211 1.514411586E+07 1.27406 4.26839 4.57493 12.65802 3.15158
212 1.514435096E+07 1.27986 4.26570 4.57578 12.65799 3.15046
213 1.514458668E+07 1.28568 4.26300 4.57660 12.65795 3.14942
214 1.514482299E+07 1.29151 4.26028 4.57739 12.65792 3.14846
215 1.514505982E+07 1.29737 4.25754 4.57815 12.65789 3.14756
216 1.514529713E+07 1.30324 4.25479 4.57888 12.65786 3.14674
217 1.514553486E+07 1.30913 4.25202 4.57957 12.65782 3.14600
218 1.514577296E+07 1.31504 4.24923 4.58024 12.65779 3.14477
219 1.514601137E+07 1.32097 4.24642 4.58087 12.65776 3.14352
220 1.514624916E+07 1.32688 4.24362 4.58148 12.65773 3.14234
221 1.514648762E+07 1.33282 4.24079 4.58205 12.65770 3.14122
222 1.514672634E+07 1.33878 4.23795 4.58260 12.65767 3.14016
223 1.514696516E+07 1.34477 4.23508 4.58311 12.65763 3.13916
224 1.514720398E+07 1.35077 4.23220 4.58360 12.65760 3.13823
225 1.514744271E+07 1.35679 4.22931 4.58405 12.65757 3.13735
226 1.514768130E+07 1.36284 4.22639 4.58448 12.65754 3.13654
227 1.514791965E+07 1.36891 4.22345 4.58488 12.65751 3.13577
228 1.514815769E+07 1.37500 4.22050 4.58525 12.65748 3.13507
229 1.514839535E+07 1.38111 4.21753 4.58559 12.65745 3.13395
230 1.514863253E+07 1.38725 4.21454 4.58591 12.65742 3.13285
231 1.514886817E+07 1.39337 4.21155 4.58620 12.65739 3.13181
232 1.514910362E+07 1.39950 4.20855 4.58646 12.65736 3.13081
233 1.514933886E+07 1.40566 4.20553 4.58669 12.65733 3.12986
234 1.514957339E+07 1.41185 4.20249 4.58690 12.65730 3.12896
235 1.514980712E+07 1.41806 4.19943 4.58708 12.65727 3.12810
236 1.515003995E+07 1.42429 4.19635 4.58723 12.65724 3.12729
237 1.515027182E+07 1.43054 4.19326 4.58735 12.65721 3.12652
238 1.515050262E+07 1.43681 4.19015 4.58745 12.65719 3.12579
239 1.515073225E+07 1.44311 4.18702 4.58752 12.65716 3.12510
240 1.515096064E+07 1.44942 4.18387 4.58757 12.65713 3.12445
241 1.515118767E+07 1.45576 4.18071 4.58759 12.65710 3.12349
242 1.515141326E+07 1.46209 4.17754 4.58759 12.65708 3.12257
243 1.515163706E+07 1.46840 4.17438 4.58756 12.65705 3.12168
244 1.515185980E+07 1.47475 4.17119 4.58751 12.65703 3.12082
245 1.515208091E+07 1.48111 4.16799 4.58743 12.65700 3.12000
246 1.515230029E+07 1.48749 4.16478 4.58733 12.65698 3.11922
247 1.515251784E+07 1.49388 4.16155 4.58720 12.65695 3.11847
248 1.515273347E+07 1.50029 4.15831 4.58705 12.65693 3.11775
249 1.515294710E+07 1.50670 4.15506 4.58687 12.65690 3.11707
250 1.515315865E+07 1.51313 4.15179 4.58667 12.65688 3.11641
251 1.515336804E+07 1.51957 4.14852 4.58645 12.65686 3.11577
252 1.515357520E+07 1.52600 4.14524 4.58621 12.65683 3.11516
253 1.515378035E+07 1.53240 4.14197 4.58594 12.65681 3.11457
254 1.515398449E+07 1.53885 4.13868 4.58566 12.65679 3.11399
255 1.515418650E+07 1.54530 4.13537 4.58534 12.65677 3.11335
256 1.515438634E+07 1.55177 4.13206 4.58501 12.65675 3.11262
257 1.515458363E+07 1.55824 4.12873 4.58466 12.65673 3.11193
258 1.515477834E+07 1.56471 4.12541 4.58429 12.65671 3.11125
259 1.515497091E+07 1.57119 4.12207 4.58390 12.65669 3.11061
260 1.515516136E+07 1.57769 4.11872 4.58349 12.65667 3.10998
261 1.515534971E+07 1.58421 4.11535 4.58306 12.65665 3.10937
262 1.515553598E+07 1.59073 4.11198 4.58261 12.65663 3.10878
263 1.515572062E+07 1.59722 4.10861 4.58213 12.65662 3.10820
264 1.515590449E+07 1.60377 4.10521 4.58164 12.65660 3.10764
265 1.515608640E+07 1.61035 4.10180 4.58112 12.65658 3.10709
266 1.515626631E+07 1.61695 4.09836 4.58059 12.65656 3.10656
267 1.515644421E+07 1.62358 4.09491 4.58003 12.65655 3.10605
268 1.515662009E+07 1.63023 4.09144 4.57946 12.65653 3.10554
269 1.515679394E+07 1.63691 4.08795 4.57887 12.65652 3.10505
270 1.515696575E+07 1.64361 4.08445 4.57827 12.65650 3.10457
271 1.515713553E+07 1.65033 4.08093 4.57764 12.65649 3.10410
272 1.515730327E+07 1.65703 4.07742 4.57700 12.65647 3.10364
273 1.515747004E+07 1.66375 4.07390 4.57634 12.65646 3.10319
274 1.515763553E+07 1.67053 4.07034 4.57566 12.65645 3.10275
275 1.515779899E+07 1.67733 4.06677 4.57497 12.65643 3.10232
276 1.515796032E+07 1.68415 4.06318 4.57426 12.65642 3.10189
277 1.515811945E+07 1.69100 4.05957 4.57354 12.65641 3.10143
278 1.515827633E+07 1.69787 4.05596 4.57280 12.65639 3.10097
279 1.515843071E+07 1.70474 4.05233 4.57206 12.65638 3.10051
280 1.515858272E+07 1.71163 4.04870 4.57130 12.65637 3.10007
281 1.515873247E+07 1.71851 4.04507 4.57054 12.65636 3.09965
282 1.515888029E+07 1.72532 4.04147 4.56976 12.65634 3.09923
283 1.515902770E+07 1.73222 4.03782 4.56896 12.65633 3.09881
284 1.515917319E+07 1.73914 4.03415 4.56814 12.65632 3.09841
285 1.515931677E+07 1.74609 4.03047 4.56731 12.65631 3.09802
286 1.515945838E+07 1.75308 4.02677 4.56647 12.65629 3.09764
287 1.515959804E+07 1.76009 4.02305 4.56562 12.65628 3.09727
288 1.515973583E+07 1.76713 4.01931 4.56476 12.65627 3.09690
289 1.515987184E+07 1.77421 4.01556 4.56388 12.65625 3.09654
290 1.516000613E+07 1.78132 4.01178 4.56299 12.65624 3.09619
291 1.516013879E+07 1.78836 4.00803 4.56210 12.65623 3.09585
292 1.516027160E+07 1.79550 4.00423 4.56117 12.65621 3.09551
293 1.516040337E+07 1.80269 4.00040 4.56023 12.65620 3.09517
294 1.516053379E+07 1.80995 3.99653 4.55927 12.65619 3.09483
295 1.516066265E+07 1.81727 3.99263 4.55829 12.65617 3.09450
296 1.516079005E+07 1.82463 3.98870 4.55730 12.65616 3.09418
297 1.516091613E+07 1.83207 3.98473 4.55630 12.65614 3.09386
298 1.516104107E+07 1.83957 3.98072 4.55527 12.65613 3.09355
299 1.516116508E+07 1.84715 3.97667 4.55423 12.65612 3.09323
300 1.516128835E+07 1.85478 3.97259 4.55317 12.65610 3.09292
301 1.516141176E+07 1.86245 3.96848 4.55208 12.65609 3.09261
302 1.516153634E+07 1.87032 3.96427 4.55094 12.65607 3.09228
303 1.516166115E+07 1.87835 3.95996 4.54976 12.65606 3.09196
304 1.516178616E+07 1.88656 3.95555 4.54855 12.65604 3.09164
305 1.516191172E+07 1.89497 3.95103 4.54729 12.65602 3.09130
306 1.516203842E+07 1.90363 3.94637 4.54598 12.65601 3.09097
307 1.516216681E+07 1.91258 3.94155 4.54461 12.65599 3.09062
308 1.516229753E+07 1.92187 3.93654 4.54316 12.65597 3.09025
309 1.516243151E+07 1.93158 3.93130 4.54162 12.65595 3.08987
310 1.516257011E+07 1.94183 3.92577 4.53997 12.65593 3.08946
311 1.516271517E+07 1.95275 3.91986 4.53817 12.65591 3.08901
312 1.516286781E+07 1.96447 3.91350 4.53619 12.65589 3.08852
313 1.516301206E+07 1.97572 3.90738 4.53421 12.65587 3.08801
314 1.516313159E+07 1.98513 3.90224 4.53246 12.65585 3.08750
315 1.516323105E+07 1.99302 3.89791 4.53092 12.65583 3.08706
316 1.516331591E+07 1.99982 3.89417 4.52955 12.65582 3.08667
317 1.516339020E+07 2.00584 3.89084 4.52829 12.65580 3.08632
318 1.516345689E+07 2.01133 3.88780 4.52712 12.65579 3.08601
319 1.516351798E+07 2.01643 3.88497 4.52600 12.65578 3.08572
320 1.516357475E+07 2.02126 3.88229 4.52493 12.65577 3.08545
321 1.516362806E+07 2.02586 3.87973 4.52390 12.65576 3.08519
322 1.516367881E+07 2.03009 3.87740 4.52302 12.65576 3.08495
323 1.516372974E+07 2.03434 3.87503 4.52204 12.65575 3.08472
324 1.516377880E+07 2.03848 3.87272 4.52106 12.65574 3.08449
325 1.516382616E+07 2.04254 3.87044 4.52009 12.65573 3.08428
326 1.516387197E+07 2.04655 3.86819 4.51912 12.65572 3.08403
327 1.516391635E+07 2.05051 3.86597 4.51816 12.65571 3.08378
328 1.516395954E+07 2.05445 3.86376 4.51719 12.65571 3.08354
329 1.516400157E+07 2.05835 3.86158 4.51625 12.65570 3.08331
330 1.516404276E+07 2.06205 3.85953 4.51545 12.65569 3.08309
331 1.516408535E+07 2.06585 3.85740 4.51457 12.65568 3.08287
332 1.516412763E+07 2.06967 3.85526 4.51362 12.65567 3.08266
333 1.516416919E+07 2.07348 3.85311 4.51266 12.65567 3.08245
334 1.516421005E+07 2.07731 3.85096 4.51169 12.65566 3.08225
335 1.516425027E+07 2.08116 3.84879 4.51070 12.65565 3.08206
336 1.516428988E+07 2.08504 3.84660 4.50971 12.65564 3.08188
337 1.516432889E+07 2.08892 3.84442 4.50874 12.65564 3.08170
338 1.516436783E+07 2.09269 3.84232 4.50791 12.65563 3.08153
339 1.516440845E+07 2.09660 3.84014 4.50699 12.65562 3.08134
340 1.516444932E+07 2.10057 3.83790 4.50599 12.65561 3.08112
341 1.516448985E+07 2.10458 3.83564 4.50496 12.65560 3.08091
342 1.516453020E+07 2.10866 3.83334 4.50390 12.65560 3.08071
343 1.516457016E+07 2.11278 3.83100 4.50282 12.65559 3.08051
344 1.516460973E+07 2.11696 3.82864 4.50172 12.65558 3.08031
345 1.516464892E+07 2.12115 3.82628 4.50065 12.65557 3.08013
346 1.516468828E+07 2.12529 3.82397 4.49970 12.65556 3.07995
347 1.516472908E+07 2.12955 3.82159 4.49869 12.65555 3.07977
348 1.516477044E+07 2.13390 3.81913 4.49757 12.65555 3.07959
349 1.516481156E+07 2.13829 3.81665 4.49641 12.65554 3.07942
350 1.516485241E+07 2.14272 3.81413 4.49522 12.65553 3.07925
351 1.516489295E+07 2.14720 3.81159 4.49400 12.65552 3.07909
352 1.516493320E+07 2.15175 3.80900 4.49275 12.65551 3.07892
353 1.516497323E+07 2.15635 3.80639 4.49151 12.65550 3.07874
354 1.516501339E+07 2.16095 3.80380 4.49035 12.65549 3.07855
355 1.516505471E+07 2.16566 3.80117 4.48924 12.65548 3.07836
356 1.516509728E+07 2.17053 3.79841 4.48796 12.65547 3.07817
357 1.516513967E+07 2.17546 3.79561 4.48661 12.65546 3.07799
358 1.516518180E+07 2.18045 3.79277 4.48522 12.65545 3.07781
359 1.516522367E+07 2.18550 3.78989 4.48379 12.65545 3.07764
360 1.516526525E+07 2.19063 3.78696 4.48233 12.65544 3.07747
361 1.516530654E+07 2.19582 3.78399 4.48083 12.65543 3.07730
362 1.516534752E+07 2.20100 3.78104 4.47938 12.65542 3.07714
363 1.516538895E+07 2.20621 3.77810 4.47805 12.65541 3.07698
364 1.516543137E+07 2.21151 3.77509 4.47662 12.65540 3.07683
365 1.516547383E+07 2.21683 3.77204 4.47507 12.65539 3.07667
366 1.516551574E+07 2.22211 3.76900 4.47346 12.65538 3.07652
367 1.516555696E+07 2.22734 3.76598 4.47182 12.65537 3.07634
368 1.516559729E+07 2.23251 3.76297 4.47016 12.65536 3.07617
369 1.516563705E+07 2.23772 3.75994 4.46846 12.65535 3.07600
370 1.516567659E+07 2.24301 3.75686 4.46671 12.65534 3.07584
371 1.516571598E+07 2.24834 3.75376 4.46498 12.65533 3.07568
372 1.516575554E+07 2.25368 3.75070 4.46339 12.65532 3.07553
373 1.516579583E+07 2.25907 3.74759 4.46174 12.65530 3.07537
374 1.516583609E+07 2.26444 3.74445 4.45994 12.65529 3.07522
375 1.516587580E+07 2.26975 3.74133 4.45807 12.65528 3.07507
376 1.516591505E+07 2.27502 3.73821 4.45614 12.65527 3.07493
377 1.516595379E+07 2.28022 3.73512 4.45417 12.65526 3.07479
378 1.516599204E+07 2.28538 3.73204 4.45216 12.65525 3.07466
379 1.516603020E+07 2.29061 3.72890 4.45009 12.65524 3.07453
380 1.516606897E+07 2.29603 3.72565 4.44792 12.65523 3.07440
381 1.516610857E+07 2.30165 3.72228 4.44565 12.65522 3.07427
382 1.516614909E+07 2.30730 3.71890 4.44345 12.65521 3.07412
383 1.516619067E+07 2.31292 3.71553 4.44121 12.65520 3.07397
384 1.516623262E+07 2.31880 3.71198 4.43878 12.65519 3.07383
385 1.516627675E+07 2.32517 3.70813 4.43610 12.65518 3.07368
386 1.516632374E+07 2.33182 3.70406 4.43312 12.65516 3.07353
387 1.516637186E+07 2.33848 3.69994 4.42995 12.65515 3.07339
388 1.516641966E+07 2.34557 3.69557 4.42666 12.65514 3.07325
389 1.516647181E+07 2.35341 3.69071 4.42292 12.65512 3.07311
390 1.516652365E+07 2.36080 3.68605 4.41903 12.65511 3.07297
391 1.516657101E+07 2.36759 3.68172 4.41530 12.65509 3.07285
392 1.516661649E+07 2.37385 3.67766 4.41157 12.65508 3.07273
393 1.516665876E+07 2.37895 3.67422 4.40804 12.65507 3.07262
394 1.516669780E+07 2.38379 3.67096 4.40466 12.65506 3.07252
395 1.516673753E+07 2.38870 3.66761 4.40107 12.65504 3.07242
396 1.516677713E+07 2.39340 3.66435 4.39743 12.65503 3.07233
397 1.516681640E+07 2.39796 3.66115 4.39378 12.65502 3.07223
398 1.516685583E+07 2.40238 3.65798 4.38991 12.65501 3.07213
399 1.516689509E+07 2.40643 3.65495 4.38592 12.65500 3.07203
400 1.516693396E+07 2.40997 3.65216 4.38181 12.65499 3.07193
401 1.516697207E+07 2.41277 3.64973 4.37768 12.65498 3.07183
402 1.516700931E+07 2.41489 3.64763 4.37355 12.65497 3.07173
403 1.516704571E+07 2.41662 3.64573 4.36941 12.65496 3.07164
404 1.516708165E+07 2.41816 3.64392 4.36523 12.65495 3.07154
405 1.516711749E+07 2.41953 3.64217 4.36100 12.65494 3.07144
406 1.516715331E+07 2.42078 3.64048 4.35672 12.65493 3.07134
407 1.516718924E+07 2.42200 3.63879 4.35241 12.65492 3.07124
408 1.516722543E+07 2.42324 3.63708 4.34805 12.65491 3.07113
409 1.516726193E+07 2.42445 3.63539 4.34372 12.65490 3.07103
410 1.516729882E+07 2.42560 3.63377 4.33953 12.65489 3.07092
411 1.516733627E+07 2.42674 3.63226 4.33575 12.65488 3.07082
412 1.516737481E+07 2.42811 3.63088 4.33299 12.65487 3.07070
413 1.516741576E+07 2.42982 3.62967 4.33157 12.65486 3.07058
414 1.516746044E+07 2.43131 3.62844 4.32964 12.65484 3.07045
415 1.516750539E+07 2.43237 3.62728 4.32709 12.65483 3.07032
416 1.516754997E+07 2.43310 3.62618 4.32416 12.65482 3.07019
417 1.516759403E+07 2.43361 3.62513 4.32098 12.65481 3.07006
418 1.516763751E+07 2.43425 3.62412 4.31821 12.65480 3.06992
419 1.516768102E+07 2.43479 3.62314 4.31538 12.65479 3.06979
420 1.516772408E+07 2.43516 3.62221 4.31241 12.65478 3.06966
421 1.516776648E+07 2.43541 3.62132 4.30935 12.65476 3.06953
422 1.516780821E+07 2.43595 3.62045 4.30693 12.65475 3.06941
423 1.516785000E+07 2.43640 3.61960 4.30443 12.65474 3.06928
424 1.516789117E+07 2.43675 3.61878 4.30187 12.65473 3.06916
425 1.516793167E+07 2.43720 3.61798 4.29957 12.65472 3.06903
426 1.516797176E+07 2.43785 3.61719 4.29772 12.65471 3.06891
427 1.516801168E+07 2.43845 3.61642 4.29584 12.65470 3.06879
428 1.516805098E+07 2.43902 3.61568 4.29399 12.65469 3.06866
429 1.516808967E+07 2.43997 3.61493 4.29290 12.65468 3.06854
430 1.516812842E+07 2.44092 3.61419 4.29184 12.65467 3.06842
431 1.516816663E+07 2.44186 3.61346 4.29082 12.65466 3.06830
432 1.516820425E+07 2.44317 3.61273 4.29049 12.65465 3.06818
433 1.516824191E+07 2.44457 3.61198 4.29032 12.65464 3.06806
434 1.516827916E+07 2.44600 3.61125 4.29023 12.65463 3.06794
435 1.516831590E+07 2.44785 3.61049 4.29089 12.65463 3.06783
436 1.516835275E+07 2.44982 3.60971 4.29174 12.65462 3.06771
437 1.516838924E+07 2.45192 3.60893 4.29281 12.65461 3.06760
438 1.516842540E+07 2.45444 3.60812 4.29461 12.65460 3.06749
439 1.516846168E+07 2.45708 3.60730 4.29660 12.65459 3.06737
440 1.516849763E+07 2.46005 3.60645 4.29913 12.65458 3.06726
441 1.516853356E+07 2.46334 3.60557 4.30219 12.65457 3.06715
442 1.516856944E+07 2.46680 3.60467 4.30553 12.65456 3.06704
443 1.516860513E+07 2.47078 3.60373 4.30971 12.65455 3.06694
444 1.516864107E+07 2.47496 3.60276 4.31419 12.65454 3.06683
445 1.516867685E+07 2.47961 3.60175 4.31945 12.65453 3.06672
446 1.516871294E+07 2.48458 3.60070 4.32520 12.65452 3.06662
447 1.516874908E+07 2.48998 3.59961 4.33165 12.65451 3.06651
448 1.516878542E+07 2.49577 3.59848 4.33871 12.65449 3.06640
449 1.516882178E+07 2.50193 3.59732 4.34639 12.65448 3.06630
450 1.516885789E+07 2.50843 3.59613 4.35464 12.65447 3.06619
451 1.516889350E+07 2.51512 3.59494 4.36324 12.65446 3.06609
452 1.516892828E+07 2.52202 3.59374 4.37225 12.65445 3.06599
453 1.516896207E+07 2.52885 3.59258 4.38123 12.65443 3.06590
454 1.516899545E+07 2.53594 3.59139 4.39070 12.65442 3.06581
455 1.516902801E+07 2.54289 3.59025 4.40001 12.65441 3.06572
456 1.516906053E+07 2.55004 3.58909 4.40969 12.65440 3.06563
457 1.516909266E+07 2.55714 3.58796 4.41935 12.65438 3.06554
458 1.516912483E+07 2.56419 3.58684 4.42898 12.65437 3.06546
459 1.516915728E+07 2.57142 3.58571 4.43893 12.65436 3.06537
460 1.516918965E+07 2.57849 3.58462 4.44869 12.65434 3.06529
461 1.516922263E+07 2.58554 3.58353 4.45844 12.65433 3.06521
462 1.516925627E+07 2.59268 3.58244 4.46837 12.65431 3.06513
463 1.516929046E+07 2.59966 3.58138 4.47810 12.65430 3.06504
464 1.516932582E+07 2.60656 3.58034 4.48774 12.65428 3.06496
465 1.516936252E+07 2.61355 3.57929 4.49752 12.65426 3.06488
466 1.516940040E+07 2.62036 3.57828 4.50707 12.65424 3.06479
467 1.516944022E+07 2.62705 3.57728 4.51646 12.65422 3.06470
468 1.516948233E+07 2.63372 3.57629 4.52585 12.65420 3.06462
469 1.516952680E+07 2.64027 3.57533 4.53508 12.65417 3.06452
470 1.516957429E+07 2.64665 3.57439 4.54408 12.65414 3.06443
471 1.516962550E+07 2.65287 3.57347 4.55287 12.65411 3.06433
472 1.516968100E+07 2.65904 3.57257 4.56159 12.65408 3.06423
473 1.516974126E+07 2.66496 3.57170 4.56998 12.65404 3.06413
474 1.516980768E+07 2.67068 3.57087 4.57808 12.65400 3.06402
475 1.516988138E+07 2.67624 3.57006 4.58597 12.65395 3.06390
476 1.516996350E+07 2.68158 3.56929 4.59355 12.65390 3.06378
477 1.517005585E+07 2.68664 3.56855 4.60075 12.65384 3.06365
478 1.517016017E+07 2.69143 3.56786 4.60756 12.65377 3.06351
479 1.517027880E+07 2.69597 3.56721 4.61403 12.65369 3.06337
480 1.517041444E+07 2.70019 3.56661 4.62004 12.65359 3.06321
481 1.517057070E+07 2.70408 3.56605 4.62559 12.65349 3.06303
482 1.517075136E+07 2.70770 3.56553 4.63077 12.65336 3.06283
483 1.517095983E+07 2.71104 3.56506 4.63555 12.65321 3.06261
484 1.517119950E+07 2.71413 3.56462 4.63997 12.65303 3.06237
485 1.517147319E+07 2.71708 3.56420 4.64419 12.65283 3.06209
486 1.517178208E+07 2.71998 3.56378 4.64833 12.65260 3.06179
487 1.517212513E+07 2.72284 3.56337 4.65242 12.65235 3.06146
488 1.517250246E+07 2.72570 3.56297 4.65650 12.65206 3.06112
489 1.517291300E+07 2.72856 3.56256 4.66058 12.65175 3.06113
490 1.517335170E+07 2.73128 3.56217 4.66448 12.65141 3.06115
491 1.517382101E+07 2.73384 3.56180 4.66813 12.65105 3.06119
492 1.517432554E+07 2.73624 3.56146 4.67156 12.65065 3.06122
493 1.517487949E+07 2.73846 3.56114 4.67474 12.65021 3.06127
494 1.517549389E+07 2.74053 3.56085 4.67770 12.64973 3.06132
495 1.517617988E+07 2.74251 3.56057 4.68053 12.64918 3.06137
496 1.517695811E+07 2.74439 3.56030 4.68323 12.64855 3.06142
497 1.517784161E+07 2.74620 3.56005 4.68582 12.64784 3.06149
498 1.517886122E+07 2.74796 3.55980 4.68834 12.64701 3.06159
499 1.518004893E+07 2.74959 3.55957 4.69068 12.64604 3.06171
500 1.518144140E+07 2.75107 3.55936 4.69281 12.64489 3.06186
501 1.518311236E+07 2.75234 3.55918 4.69463 12.64351 3.06211
502 1.518511752E+07 2.75334 3.55904 4.69607 12.64185 3.06246
503 1.518752371E+07 2.75407 3.55893 4.69713 12.63986 3.06312
504 1.519041113E+07 2.75452 3.55887 4.69776 12.63746 3.06414
505 1.519381913E+07 2.75467 3.55885 4.69797 12.63462 3.06646
506 1.519763693E+07 2.75450 3.55887 4.69772 12.63145 3.07020
507 1.520172280E+07 2.75402 3.55893 4.69701 12.62806 3.07602
508 1.520611035E+07 2.75318 3.55905 4.69579 12.62443 3.08396
509 1.521077324E+07 2.75199 3.55921 4.69406 12.62058 3.09433
510 1.521565048E+07 2.75050 3.55942 4.69192 12.61658 3.10551
511 1.522073249E+07 2.74881 3.55966 4.68948 12.61244 3.11769
512 1.522599646E+07 2.74697 3.55991 4.68685 12.60817 3.13137
513 1.523145574E+07 2.74502 3.56019 4.68404 12.60378 3.14528
514 1.523710629E+07 2.74294 3.56049 4.68105 12.59926 3.15933
515 1.524290734E+07 2.74072 3.56080 4.67788 12.59465 3.17336
516 1.524883344E+07 2.73837 3.56113 4.67452 12.58998 3.18728
517 1.525483939E+07 2.73590 3.56148 4.67098 12.58529 3.20095
518 1.526092916E+07 2.73332 3.56185 4.66730 12.58057 3.21436
519 1.526712994E+07 2.73066 3.56223 4.66350 12.57581 3.22757
520 1.527344663E+07 2.72793 3.56263 4.65961 12.57100 3.24057
521 1.527991926E+07 2.72511 3.56303 4.65560 12.56612 3.25345
522 1.528654241E+07 2.72221 3.56345 4.65147 12.56117 3.26625
523 1.529327268E+07 2.71922 3.56389 4.64723 12.55620 3.27884
524 1.530010792E+07 2.71615 3.56433 4.64287 12.55119 3.29117
525 1.530702236E+07 2.71299 3.56480 4.63840 12.54619 3.30319
526 1.531398083E+07 2.70975 3.56527 4.63383 12.54120 3.31487
527 1.532099458E+07 2.70644 3.56576 4.62917 12.53623 3.32621
528 1.532804705E+07 2.70307 3.56626 4.62443 12.53130 3.33723
529 1.533514586E+07 2.69965 3.56677 4.61963 12.52638 3.34792
530 1.534231628E+07 2.69619 3.56729 4.61479 12.52147 3.35835
531 1.534954840E+07 2.69272 3.56782 4.60994 12.51658 3.36851
532 1.535689271E+07 2.68922 3.56835 4.60506 12.51167 3.37847
533 1.536433937E+07 2.68570 3.56888 4.60017 12.50676 3.38822
534 1.537187819E+07 2.68217 3.56943 4.59528 12.50184 3.39777
535 1.537952078E+07 2.67862 3.56998 4.59039 12.49691 3.40711
536 1.538722039E+07 2.67508 3.57053 4.58552 12.49201 3.41621
537 1.539500329E+07 2.67154 3.57108 4.58067 12.48711 3.42510
538 1.540288327E+07 2.66802 3.57164 4.57585 12.48221 3.43381
539 1.541081819E+07 2.66452 3.57220 4.57110 12.47733 3.44229
540 1.541887265E+07 2.66105 3.57276 4.56639 12.47244 3.45061
541 1.542707276E+07 2.65761 3.57333 4.56176 12.46753 3.45881
542 1.543539924E+07 2.65422 3.57388 4.55722 12.46259 3.46687
543 1.544392898E+07 2.65088 3.57444 4.55276 12.45759 3.47486
544 1.545269812E+07 2.64758 3.57500 4.54839 12.45251 3.48280
545 1.546169143E+07 2.64434 3.57555 4.54412 12.44735 3.49069
546 1.547089660E+07 2.64116 3.57610 4.53996 12.44214 3.49851
547 1.548035587E+07 2.63803 3.57665 4.53591 12.43683 3.50628
548 1.549008035E+07 2.63498 3.57720 4.53199 12.43144 3.51402
549 1.549999518E+07 2.63200 3.57774 4.52821 12.42599 3.52166
550 1.551014884E+07 2.62911 3.57828 4.52457 12.42047 3.52924
551 1.552056150E+07 2.62630 3.57881 4.52108 12.41486 3.53678
552 1.553121543E+07 2.62359 3.57934 4.51778 12.40917 3.54425
553 1.554197823E+07 2.62102 3.57985 4.51468 12.40348 3.55157
554 1.555301252E+07 2.61855 3.58035 4.51177 12.39769 3.55885
555 1.556435333E+07 2.61621 3.58085 4.50905 12.39178 3.56612
556 1.557594408E+07 2.61400 3.58133 4.50657 12.38579 3.57333
557 1.558769847E+07 2.61193 3.58180 4.50430 12.37975 3.58044
558 1.559977012E+07 2.60998 3.58226 4.50222 12.37358 3.58754
559 1.561215160E+07 2.60815 3.58271 4.50036 12.36730 3.59454
560 1.562463549E+07 2.60645 3.58315 4.49873 12.36099 3.60129
561 1.563720331E+07 2.60488 3.58357 4.49728 12.35467 3.60786
562 1.564997655E+07 2.60341 3.58399 4.49601 12.34827 3.61433
563 1.566291837E+07 2.60205 3.58440 4.49495 12.34181 3.62068
564 1.567569560E+07 2.60081 3.58481 4.49409 12.33545 3.62675
565 1.568846179E+07 2.59968 3.58520 4.49338 12.32911 3.63264
566 1.570135857E+07 2.59864 3.58558 4.49283 12.32272 3.63840
567 1.571445942E+07 2.59771 3.58596 4.49251 12.31624 3.64409
568 1.572739808E+07 2.59687 3.58634 4.49232 12.30985 3.64954
569 1.574051980E+07 2.59612 3.58670 4.49228 12.30337 3.65492
570 1.575392871E+07 2.59546 3.58705 4.49237 12.29675 3.66027
571 1.576764282E+07 2.59488 3.58743 4.49270 12.28998 3.66560
572 1.578106023E+07 2.59437 3.58778 4.49312 12.28336 3.67068
573 1.579461513E+07 2.59393 3.58814 4.49366 12.27666 3.67570
574 1.580832906E+07 2.59355 3.58849 4.49432 12.26987 3.68066
575 1.582208453E+07 2.59324 3.58887 4.49522 12.26305 3.68553
576 1.583524990E+07 2.59297 3.58924 4.49616 12.25651 3.69010
577 1.584829624E+07 2.59274 3.58962 4.49719 12.25002 3.69455
578 1.586124514E+07 2.59256 3.59001 4.49840 12.24356 3.69891
579 1.587372406E+07 2.59242 3.59043 4.49978 12.23731 3.70305
580 1.588546155E+07 2.59229 3.59084 4.50119 12.23142 3.70691
581 1.589683607E+07 2.59218 3.59127 4.50267 12.22569 3.71063
582 1.590793696E+07 2.59213 3.59175 4.50453 12.22008 3.71423
583 1.591790430E+07 2.59208 3.59225 4.50638 12.21501 3.71746
584 1.592721807E+07 2.59203 3.59276 4.50832 12.21026 3.72048
585 1.593596866E+07 2.59205 3.59335 4.51075 12.20577 3.72332
586 1.594342741E+07 2.59208 3.59396 4.51325 12.20192 3.72575
587 1.594992165E+07 2.59214 3.59460 4.51595 12.19854 3.72787
588 1.595553100E+07 2.59237 3.59533 4.51931 12.19560 3.72971
589 1.595995484E+07 2.59261 3.59605 4.52264 12.19327 3.73118
590 1.596363585E+07 2.59303 3.59680 4.52649 12.19131 3.73240
591 1.596656998E+07 2.59353 3.59755 4.53049 12.18972 3.73337
592 1.596896772E+07 2.59408 3.59829 4.53456 12.18842 3.73417
593 1.597097920E+07 2.59480 3.59906 4.53908 12.18731 3.73484
594 1.597263201E+07 2.59546 3.59981 4.54342 12.18639 3.73539
595 1.597406220E+07 2.59621 3.60059 4.54802 12.18558 3.73586
596 1.597529117E+07 2.59698 3.60137 4.55269 12.18488 3.73627
597 1.597636303E+07 2.59767 3.60216 4.55721 12.18426 3.73663
598 1.597732572E+07 2.59846 3.60296 4.56201 12.18370 3.73696
599 1.597817794E+07 2.59919 3.60377 4.56668 12.18319 3.73724
600 1.597894951E+07 2.59983 3.60457 4.57120 12.18273 3.73751
601 1.597966087E+07 2.60054 3.60540 4.57592 12.18230 3.73776
602 1.598030844E+07 2.60118 3.60623 4.58052 12.18190 3.73799
603 1.598090660E+07 2.60169 3.60708 4.58492 12.18153 3.73821
604 1.598146739E+07 2.60213 3.60796 4.58936 12.18117 3.73842
605 1.598199082E+07 2.60249 3.60891 4.59388 12.18084 3.73862
606 1.598247638E+07 2.60261 3.60992 4.59815 12.18053 3.73883
607 1.598293390E+07 2.60252 3.61101 4.60230 12.18023 3.73903
608 1.598336454E+07 2.60224 3.61245 4.60752 12.17994 3.73924
609 1.598372997E+07 2.60124 3.61444 4.61348 12.17969 3.73949
610 1.598401869E+07 2.59912 3.61671 4.61833 12.17950 3.73970
611 1.598426470E+07 2.59582 3.61940 4.62250 12.17933 3.73989
612 1.598447948E+07 2.59166 3.62238 4.62610 12.17918 3.74006
613 1.598467062E+07 2.58712 3.62543 4.62922 12.17904 3.73993
614 1.598484414E+07 2.58229 3.62853 4.63195 12.17892 3.73976
615 1.598500307E+07 2.57720 3.63168 4.63436 12.17881 3.73956
616 1.598514897E+07 2.57205 3.63478 4.63646 12.17870 3.73935
617 1.598528469E+07 2.56696 3.63779 4.63833 12.17861 3.73913
618 1.598541205E+07 2.56204 3.64067 4.63999 12.17852 3.73892
619 1.598553354E+07 2.55717 3.64351 4.64162 12.17843 3.73871
620 1.598564826E+07 2.55188 3.64653 4.64314 12.17835 3.73848
621 1.598575544E+07 2.54550 3.65006 4.64447 12.17827 3.73821
622 1.598585597E+07 2.53852 3.65384 4.64566 12.17820 3.73792
623 1.598595288E+07 2.53151 3.65763 4.64678 12.17813 3.73764
624 1.598604710E+07 2.52462 3.66132 4.64777 12.17806 3.73737
625 1.598614010E+07 2.51728 3.66522 4.64868 12.17799 3.73711
626 1.598623165E+07 2.50982 3.66915 4.64951 12.17793 3.73687
627 1.598632346E+07 2.50297 3.67277 4.65027 12.17786 3.73668
628 1.598641590E+07 2.49612 3.67638 4.65101 12.17780 3.73650
629 1.598650968E+07 2.48799 3.68063 4.65172 12.17773 3.73633
630 1.598661025E+07 2.47905 3.68528 4.65244 12.17766 3.73619
631 1.598672059E+07 2.46977 3.69010 4.65319 12.17759 3.73610
632 1.598684019E+07 2.45902 3.69568 4.65398 12.17751 3.73606
633 1.598698101E+07 2.44614 3.70234 4.65488 12.17741 3.73613
634 1.598713215E+07 2.43334 3.70896 4.65576 12.17731 3.73617
635 1.598725991E+07 2.42187 3.71486 4.65641 12.17723 3.73618
636 1.598737646E+07 2.41145 3.72020 4.65692 12.17715 3.73618
637 1.598747995E+07 2.40248 3.72478 4.65731 12.17708 3.73619
638 1.598757453E+07 2.39428 3.72895 4.65762 12.17702 3.73620
639 1.598766660E+07 2.38609 3.73312 4.65791 12.17697 3.73621
640 1.598775710E+07 2.37795 3.73726 4.65821 12.17691 3.73624
641 1.598784544E+07 2.37006 3.74126 4.65841 12.17685 3.73627
642 1.598793326E+07 2.36233 3.74517 4.65857 12.17680 3.73630
643 1.598802130E+07 2.35474 3.74899 4.65870 12.17675 3.73635
644 1.598810989E+07 2.34725 3.75279 4.65889 12.17670 3.73639
645 1.598819760E+07 2.33986 3.75654 4.65913 12.17665 3.73645
646 1.598828369E+07 2.33258 3.76022 4.65929 12.17660 3.73650
647 1.598837106E+07 2.32507 3.76402 4.65947 12.17655 3.73656
648 1.598845821E+07 2.31757 3.76780 4.65959 12.17650 3.73646
649 1.598854666E+07 2.31008 3.77156 4.65966 12.17645 3.73604
650 1.598863647E+07 2.30265 3.77529 4.65970 12.17640 3.73567
651 1.598872706E+07 2.29535 3.77895 4.65973 12.17635 3.73534
652 1.598881886E+07 2.28815 3.78255 4.65975 12.17630 3.73503
653 1.598891171E+07 2.28083 3.78625 4.65989 12.17625 3.73474
654 1.598900135E+07 2.27359 3.78990 4.66002 12.17621 3.73446
655 1.598908761E+07 2.26668 3.79336 4.66005 12.17616 3.73423
656 1.598917379E+07 2.25994 3.79672 4.66002 12.17612 3.73402
657 1.598926089E+07 2.25334 3.80001 4.65997 12.17608 3.73385
658 1.598934880E+07 2.24686 3.80323 4.65990 12.17603 3.73370
659 1.598943742E+07 2.24051 3.80639 4.65981 12.17599 3.73358
660 1.598952651E+07 2.23424 3.80950 4.65972 12.17595 3.73347
661 1.598961570E+07 2.22765 3.81281 4.65978 12.17591 3.73336
662 1.598969821E+07 2.22153 3.81585 4.65971 12.17587 3.73329
663 1.598978036E+07 2.21556 3.81880 4.65958 12.17583 3.73323
664 1.598986349E+07 2.20968 3.82170 4.65941 12.17580 3.73319
665 1.598994775E+07 2.20388 3.82456 4.65923 12.17576 3.73317
666 1.599003316E+07 2.19815 3.82737 4.65903 12.17572 3.73316
667 1.599011952E+07 2.19240 3.83020 4.65883 12.17569 3.73316
668 1.599020537E+07 2.18666 3.83302 4.65865 12.17565 3.73318
669 1.599028954E+07 2.18094 3.83584 4.65850 12.17561 3.73320
670 1.599037095E+07 2.17550 3.83850 4.65826 12.17558 3.73324
671 1.599045378E+07 2.17013 3.84112 4.65798 12.17555 3.73328
672 1.599053839E+07 2.16479 3.84372 4.65768 12.17551 3.73334
673 1.599062484E+07 2.15945 3.84630 4.65737 12.17548 3.73340
674 1.599071272E+07 2.15405 3.84893 4.65705 12.17544 3.73298
675 1.599080045E+07 2.14882 3.85146 4.65670 12.17541 3.73258
676 1.599089030E+07 2.14343 3.85407 4.65640 12.17538 3.73220
677 1.599097906E+07 2.13814 3.85663 4.65606 12.17534 3.73186
678 1.599106898E+07 2.13292 3.85915 4.65566 12.17531 3.73158
679 1.599116268E+07 2.12763 3.86168 4.65524 12.17528 3.73133
680 1.599126056E+07 2.12222 3.86428 4.65479 12.17524 3.73110
681 1.599136192E+07 2.11671 3.86691 4.65431 12.17521 3.73091
682 1.599146741E+07 2.11121 3.86953 4.65379 12.17517 3.73076
683 1.599158030E+07 2.10555 3.87222 4.65323 12.17513 3.73063
684 1.599170171E+07 2.09953 3.87509 4.65266 12.17509 3.73052
685 1.599182812E+07 2.09338 3.87801 4.65204 12.17505 3.73044
686 1.599196324E+07 2.08704 3.88100 4.65135 12.17501 3.73038
687 1.599211226E+07 2.08033 3.88417 4.65058 12.17496 3.73035
688 1.599227872E+07 2.07314 3.88755 4.64971 12.17491 3.73035
689 1.599246955E+07 2.06542 3.89116 4.64871 12.17485 3.73038
690 1.599269854E+07 2.05685 3.89515 4.64754 12.17478 3.73045
691 1.599297333E+07 2.04749 3.89949 4.64617 12.17471 3.73055
692 1.599330307E+07 2.03753 3.90408 4.64464 12.17462 3.73070
693 1.599369877E+07 2.02730 3.90879 4.64300 12.17451 3.73090
694 1.599417360E+07 2.01726 3.91341 4.64139 12.17439 3.73116
695 1.599474340E+07 2.00791 3.91773 4.63999 12.17425 3.73147
696 1.599542716E+07 1.99956 3.92166 4.63902 12.17408 3.73184
697 1.599624767E+07 1.99217 3.92526 4.63861 12.17389 3.73230
698 1.599723229E+07 1.98522 3.92878 4.63879 12.17366 3.73286
699 1.599841382E+07 1.97793 3.93259 4.63947 12.17338 3.73354
700 1.599983167E+07 1.96944 3.93709 4.64049 12.17306 3.73437
701 1.600150301E+07 1.95931 3.94247 4.64172 12.17270 3.73539
702 1.600305226E+07 1.94980 3.94749 4.64279 12.17236 3.73635
703 1.600450488E+07 1.94086 3.95219 4.64373 12.17206 3.73726
704 1.600589221E+07 1.93227 3.95669 4.64456 12.17177 3.73816
705 1.600722322E+07 1.92396 3.96104 4.64530 12.17150 3.73904
706 1.600850361E+07 1.91611 3.96513 4.64596 12.17125 3.73993
707 1.600977627E+07 1.90849 3.96908 4.64656 12.17100 3.74083
708 1.601105397E+07 1.90109 3.97292 4.64711 12.17075 3.74174
709 1.601234840E+07 1.89386 3.97666 4.64761 12.17051 3.74268
710 1.601367139E+07 1.88679 3.98031 4.64807 12.17027 3.74367
711 1.601503505E+07 1.87987 3.98388 4.64849 12.17002 3.74470
712 1.601645204E+07 1.87306 3.98738 4.64890 12.16977 3.74581
713 1.601793339E+07 1.86626 3.99088 4.64928 12.16950 3.74698
714 1.601946699E+07 1.85954 3.99433 4.64965 12.16924 3.74821
715 1.602106036E+07 1.85303 3.99768 4.65001 12.16897 3.74947
716 1.602275293E+07 1.84661 4.00097 4.65035 12.16869 3.75083
717 1.602456316E+07 1.84028 4.00422 4.65068 12.16839 3.75231
718 1.602651181E+07 1.83406 4.00741 4.65100 12.16808 3.75393
719 1.602862614E+07 1.82796 4.01054 4.65131 12.16775 3.75535
720 1.603094329E+07 1.82199 4.01360 4.65160 12.16740 3.75660
721 1.603352826E+07 1.81615 4.01659 4.65189 12.16702 3.75799
722 1.603645681E+07 1.81041 4.01953 4.65218 12.16659 3.75955
723 1.603979684E+07 1.80477 4.02243 4.65248 12.16610 3.76130
724 1.604361229E+07 1.79945 4.02516 4.65279 12.16556 3.76329
725 1.604815505E+07 1.79440 4.02777 4.65314 12.16493 3.76563
726 1.605360637E+07 1.78974 4.03021 4.65354 12.16417 3.76839
727 1.606014795E+07 1.78556 4.03241 4.65400 12.16327 3.77167
728 1.606799784E+07 1.78190 4.03437 4.65455 12.16220 3.77555
729 1.607741771E+07 1.77872 4.03613 4.65520 12.16091 3.78014
730 1.608872156E+07 1.77596 4.03770 4.65595 12.15938 3.78557
731 1.610228618E+07 1.77362 4.03908 4.65682 12.15754 3.79199
732 1.611856372E+07 1.77195 4.04016 4.65778 12.15532 3.79959
733 1.613809677E+07 1.77133 4.04073 4.65883 12.15266 3.80856
734 1.616153643E+07 1.77227 4.04054 4.65996 12.14944 3.81911
735 1.618966402E+07 1.77534 4.03931 4.66117 12.14554 3.83147
736 1.622256665E+07 1.78098 4.03681 4.66244 12.14090 3.84554
737 1.624978017E+07 1.78692 4.03408 4.66339 12.13700 3.85696
738 1.627372207E+07 1.79311 4.03117 4.66414 12.13351 3.86640
739 1.629523632E+07 1.79951 4.02812 4.66475 12.13031 3.87438
740 1.631471692E+07 1.80610 4.02495 4.66523 12.12736 3.88150
741 1.633242258E+07 1.81287 4.02165 4.66559 12.12461 3.88787
742 1.634860961E+07 1.81978 4.01827 4.66587 12.12205 3.89362
743 1.636337573E+07 1.82670 4.01486 4.66608 12.11965 3.89881
744 1.637703400E+07 1.83346 4.01152 4.66623 12.11737 3.90357
745 1.639004531E+07 1.84030 4.00812 4.66634 12.11515 3.90805
746 1.640241620E+07 1.84724 4.00468 4.66642 12.11297 3.91228
747 1.641414312E+07 1.85424 4.00118 4.66645 12.11085 3.91625
748 1.642525465E+07 1.86130 3.99765 4.66645 12.10880 3.91998
749 1.643580841E+07 1.86840 3.99409 4.66642 12.10681 3.92350
750 1.644586797E+07 1.87556 3.99050 4.66636 12.10488 3.92683
751 1.645548822E+07 1.88277 3.98687 4.66628 12.10299 3.92999
752 1.646471159E+07 1.89006 3.98320 4.66617 12.10115 3.93300
753 1.647357537E+07 1.89732 3.97954 4.66604 12.09935 3.93588
754 1.648221332E+07 1.90457 3.97588 4.66590 12.09756 3.93866
755 1.649075154E+07 1.91204 3.97210 4.66573 12.09576 3.94139
756 1.649905396E+07 1.91966 3.96824 4.66553 12.09397 3.94403
757 1.650711649E+07 1.92743 3.96430 4.66531 12.09220 3.94657
758 1.651493005E+07 1.93536 3.96028 4.66507 12.09044 3.94902
759 1.652251914E+07 1.94345 3.95617 4.66481 12.08870 3.95139
760 1.652992051E+07 1.95173 3.95196 4.66453 12.08697 3.95368
761 1.653717147E+07 1.96023 3.94763 4.66422 12.08523 3.95591
762 1.654431987E+07 1.96897 3.94318 4.66390 12.08348 3.95794
763 1.655141984E+07 1.97781 3.93867 4.66357 12.08171 3.95994
764 1.655862909E+07 1.98698 3.93400 4.66322 12.07986 3.96202
765 1.656600815E+07 1.99664 3.92908 4.66284 12.07792 3.96419
766 1.657359978E+07 2.00682 3.92389 4.66244 12.07587 3.96650
767 1.658152573E+07 2.01767 3.91836 4.66201 12.07367 3.96904
768 1.659000004E+07 2.02941 3.91237 4.66156 12.07125 3.97150
769 1.659930667E+07 2.04229 3.90582 4.66109 12.06850 3.97408
770 1.660826333E+07 2.05450 3.89961 4.66067 12.06577 3.97650
771 1.661554502E+07 2.06419 3.89469 4.66036 12.06350 3.97842
772 1.662153194E+07 2.07197 3.89074 4.66013 12.06159 3.97999
773 1.662677184E+07 2.07866 3.88734 4.65993 12.05990 3.98135
774 1.663153434E+07 2.08455 3.88435 4.65975 12.05833 3.98260
775 1.663602796E+07 2.09000 3.88157 4.65954 12.05684 3.98377
776 1.664027965E+07 2.09552 3.87874 4.65922 12.05540 3.98479
777 1.664405662E+07 2.10110 3.87583 4.65877 12.05411 3.98560
778 1.664724786E+07 2.10668 3.87290 4.65822 12.05301 3.98622
779 1.664987822E+07 2.11204 3.87008 4.65762 12.05209 3.98671
780 1.665208537E+07 2.11721 3.86733 4.65699 12.05131 3.98714
781 1.665396580E+07 2.12229 3.86463 4.65633 12.05063 3.98757
782 1.665557340E+07 2.12709 3.86207 4.65568 12.05005 3.98803
783 1.665700579E+07 2.13171 3.85959 4.65502 12.04953 3.98855
784 1.665831580E+07 2.13648 3.85703 4.65434 12.04905 3.98917
785 1.665947275E+07 2.14121 3.85450 4.65366 12.04862 3.98922
786 1.666050244E+07 2.14574 3.85206 4.65299 12.04823 3.98877
787 1.666146477E+07 2.15033 3.84960 4.65229 12.04787 3.98828
788 1.666236086E+07 2.15500 3.84709 4.65158 12.04753 3.98779
789 1.666318574E+07 2.15970 3.84456 4.65086 12.04721 3.98729
790 1.666394673E+07 2.16407 3.84220 4.65016 12.04691 3.98687
791 1.666470203E+07 2.16877 3.83966 4.64941 12.04662 3.98643
792 1.666540710E+07 2.17356 3.83707 4.64864 12.04634 3.98602
793 1.666606210E+07 2.17824 3.83454 4.64790 12.04608 3.98567
794 1.666669288E+07 2.18304 3.83195 4.64713 12.04582 3.98536
795 1.666729384E+07 2.18795 3.82930 4.64635 12.04558 3.98509
796 1.666786247E+07 2.19295 3.82661 4.64557 12.04535 3.98488
797 1.666839977E+07 2.19792 3.82393 4.64480 12.04512 3.98474
798 1.666891826E+07 2.20277 3.82132 4.64405 12.04491 3.98467
799 1.666943777E+07 2.20796 3.81852 4.64323 12.04469 3.98466
800 1.666993114E+07 2.21308 3.81575 4.64243 12.04448 3.98474
801 1.667041340E+07 2.21832 3.81293 4.64160 12.04427 3.98490
802 1.667088109E+07 2.22370 3.81003 4.64076 12.04407 3.98514
803 1.667132999E+07 2.22916 3.80709 4.63992 12.04387 3.98509
804 1.667175961E+07 2.23470 3.80411 4.63907 12.04368 3.98464
805 1.667217366E+07 2.24023 3.80113 4.63823 12.04350 3.98420
806 1.667258455E+07 2.24581 3.79813 4.63740 12.04332 3.98379
807 1.667299745E+07 2.25165 3.79499 4.63650 12.04313 3.98338
808 1.667340145E+07 2.25754 3.79182 4.63558 12.04294 3.98300
809 1.667380148E+07 2.26367 3.78851 4.63463 12.04276 3.98264
810 1.667418921E+07 2.26995 3.78513 4.63366 12.04258 3.98231
811 1.667456345E+07 2.27635 3.78168 4.63267 12.04240 3.98201
812 1.667492433E+07 2.28287 3.77817 4.63167 12.04223 3.98174
813 1.667527221E+07 2.28945 3.77463 4.63067 12.04206 3.98152
814 1.667561099E+07 2.29587 3.77118 4.62971 12.04190 3.98135
815 1.667595333E+07 2.30241 3.76765 4.62869 12.04173 3.98122
816 1.667629337E+07 2.30911 3.76404 4.62760 12.04156 3.98114
817 1.667662347E+07 2.31584 3.76039 4.62649 12.04139 3.98110
818 1.667693946E+07 2.32252 3.75677 4.62537 12.04123 3.98111
819 1.667724023E+07 2.32913 3.75319 4.62425 12.04108 3.98117
820 1.667752624E+07 2.33573 3.74961 4.62312 12.04093 3.98128
821 1.667780151E+07 2.34243 3.74597 4.62198 12.04079 3.98144
822 1.667806865E+07 2.34910 3.74235 4.62087 12.04065 3.98146
823 1.667833420E+07 2.35564 3.73882 4.61978 12.04051 3.98112
824 1.667860790E+07 2.36249 3.73509 4.61856 12.04037 3.98078
825 1.667888059E+07 2.36954 3.73124 4.61727 12.04022 3.98045
826 1.667914929E+07 2.37669 3.72732 4.61591 12.04008 3.98016
827 1.667941225E+07 2.38373 3.72345 4.61451 12.03994 3.97991
828 1.667966803E+07 2.39090 3.71951 4.61307 12.03980 3.97970
829 1.667992362E+07 2.39855 3.71530 4.61154 12.03966 3.97953
830 1.668018981E+07 2.40691 3.71070 4.60987 12.03951 3.97939
831 1.668046964E+07 2.41551 3.70594 4.60801 12.03935 3.97931
832 1.668075174E+07 2.42491 3.70074 4.60601 12.03919 3.97930
833 1.668105037E+07 2.43589 3.69468 4.60376 12.03902 3.97936
834 1.668137770E+07 2.44776 3.68809 4.60110 12.03884 3.97946
835 1.668165768E+07 2.45866 3.68201 4.59862 12.03868 3.97953
836 1.668190246E+07 2.46846 3.67653 4.59628 12.03854 3.97957
837 1.668211427E+07 2.47575 3.67235 4.59412 12.03841 3.97962
838 1.668229786E+07 2.48265 3.66840 4.59211 12.03831 3.97966
839 1.668247325E+07 2.48970 3.66436 4.59007 12.03821 3.97969
840 1.668264084E+07 2.49618 3.66060 4.58802 12.03811 3.97972
841 1.668280325E+07 2.50273 3.65679 4.58589 12.03802 3.97976
842 1.668296055E+07 2.50939 3.65292 4.58369 12.03792 3.97980
843 1.668311293E+07 2.51553 3.64929 4.58145 12.03784 3.97983
844 1.668326295E+07 2.52075 3.64610 4.57914 12.03775 3.97988
845 1.668341257E+07 2.52509 3.64337 4.57690 12.03766 3.97992
846 1.668356544E+07 2.52895 3.64085 4.57452 12.03758 3.97997
847 1.668372103E+07 2.53266 3.63834 4.57190 12.03749 3.98001
848 1.668387834E+07 2.53645 3.63572 4.56903 12.03740 3.98006
849 1.668403472E+07 2.54014 3.63312 4.56598 12.03731 3.98011
850 1.668419081E+07 2.54361 3.63057 4.56275 12.03722 3.98016
851 1.668434742E+07 2.54702 3.62800 4.55929 12.03713 3.98021
852 1.668450312E+07 2.55042 3.62538 4.55562 12.03705 3.98025
853 1.668465760E+07 2.55362 3.62282 4.55177 12.03696 3.98030
854 1.668481164E+07 2.55637 3.62045 4.54780 12.03688 3.98035
855 1.668496631E+07 2.55857 3.61835 4.54376 12.03679 3.98039
856 1.668512227E+07 2.56030 3.61648 4.53976 12.03671 3.98044
857 1.668528037E+07 2.56182 3.61495 4.53667 12.03662 3.98048
858 1.668544950E+07 2.56329 3.61373 4.53476 12.03653 3.98053
859 1.668563825E+07 2.56406 3.61258 4.53169 12.03643 3.98055
860 1.668583042E+07 2.56430 3.61154 4.52799 12.03633 3.98056
861 1.668602113E+07 2.56418 3.61058 4.52393 12.03624 3.98056
862 1.668620777E+07 2.56410 3.60970 4.52025 12.03614 3.98056
863 1.668639257E+07 2.56376 3.60887 4.51625 12.03605 3.98055
864 1.668657172E+07 2.56326 3.60809 4.51213 12.03596 3.98053
865 1.668674494E+07 2.56290 3.60733 4.50835 12.03587 3.98052
866 1.668691497E+07 2.56257 3.60657 4.50468 12.03579 3.98050
867 1.668708134E+07 2.56217 3.60583 4.50090 12.03571 3.98047
868 1.668724278E+07 2.56194 3.60508 4.49745 12.03563 3.98045
869 1.668740156E+07 2.56187 3.60433 4.49430 12.03555 3.98042
870 1.668755820E+07 2.56176 3.60358 4.49108 12.03548 3.98039
871 1.668771109E+07 2.56191 3.60282 4.48833 12.03540 3.98037
872 1.668786229E+07 2.56222 3.60205 4.48589 12.03533 3.98034
873 1.668801173E+07 2.56253 3.60129 4.48346 12.03526 3.98031
874 1.668815861E+07 2.56325 3.60050 4.48174 12.03519 3.98029
875 1.668830525E+07 2.56406 3.59971 4.48019 12.03513 3.98026
876 1.668845074E+07 2.56499 3.59891 4.47884 12.03506 3.98024
877 1.668859511E+07 2.56639 3.59807 4.47828 12.03499 3.98022
878 1.668874055E+07 2.56784 3.59722 4.47780 12.03492 3.98020
879 1.668888564E+07 2.56966 3.59634 4.47794 12.03486 3.98019
880 1.668903223E+07 2.57178 3.59544 4.47856 12.03479 3.98018
881 1.668918056E+07 2.57404 3.59452 4.47941 12.03472 3.98017
882 1.668933037E+07 2.57687 3.59356 4.48121 12.03465 3.98018
883 1.668948488E+07 2.57981 3.59258 4.48320 12.03457 3.98019
884 1.668964268E+07 2.58318 3.59158 4.48591 12.03450 3.98022
885 1.668980647E+07 2.58687 3.59054 4.48914 12.03442 3.98024
886 1.668997714E+07 2.59077 3.58949 4.49275 12.03433 3.98027
887 1.669015561E+07 2.59518 3.58840 4.49720 12.03425 3.98031
888 1.669034652E+07 2.59972 3.58730 4.50189 12.03415 3.98034
889 1.669055002E+07 2.60466 3.58617 4.50727 12.03404 3.98038
890 1.669077203E+07 2.60979 3.58504 4.51300 12.03393 3.98042
891 1.669101642E+07 2.61502 3.58392 4.51895 12.03380 3.98046
892 1.669128911E+07 2.62052 3.58279 4.52543 12.03365 3.98050
893 1.669160196E+07 2.62590 3.58170 4.53183 12.03348 3.98055
894 1.669196940E+07 2.63125 3.58064 4.53829 12.03327 3.98061
895 1.669241032E+07 2.63641 3.57964 4.54464 12.03302 3.98068
896 1.669293943E+07 2.64097 3.57877 4.55027 12.03271 3.98076
897 1.669357435E+07 2.64476 3.57806 4.55499 12.03234 3.98085
898 1.669433627E+07 2.64774 3.57750 4.55875 12.03189 3.98097
899 1.669525056E+07 2.64985 3.57712 4.56142 12.03134 3.98110
900 1.669634772E+07 2.65118 3.57688 4.56311 12.03068 3.98126
901 1.669766431E+07 2.65194 3.57674 4.56409 12.02989 3.98145
902 1.669924421E+07 2.65232 3.57667 4.56459 12.02893 3.98169
903 1.670114010E+07 2.65251 3.57664 4.56482 12.02779 3.98196
904 1.670341516E+07 2.65260 3.57663 4.56494 12.02642 3.98230
905 1.670614524E+07 2.65268 3.57661 4.56504 12.02477 3.98270
906 1.670942133E+07 2.65278 3.57659 4.56516 12.02279 3.98318
907 1.671335264E+07 2.65293 3.57656 4.56533 12.02041 3.98376
908 1.671807021E+07 2.65315 3.57651 4.56558 12.01756 3.98445
909 1.672373129E+07 2.65346 3.57644 4.56594 12.01414 3.98528
910 1.673052459E+07 2.65392 3.57634 4.56645 12.01002 3.98627
911 1.673867655E+07 2.65455 3.57620 4.56715 12.00507 3.98746
912 1.674845891E+07 2.65542 3.57601 4.56814 11.99912 3.98888
913 1.676019773E+07 2.65666 3.57574 4.56952 11.99194 3.99062
914 1.677102247E+07 2.65797 3.57546 4.57100 11.98531 3.99219
915 1.678097853E+07 2.65935 3.57516 4.57258 11.97917 3.99364
916 1.679015053E+07 2.66080 3.57485 4.57424 11.97350 3.99502
917 1.679862908E+07 2.66232 3.57453 4.57600 11.96823 3.99638
918 1.680647712E+07 2.66390 3.57420 4.57783 11.96333 3.99776
919 1.681376067E+07 2.66553 3.57386 4.57975 11.95876 3.99902
920 1.682052690E+07 2.66721 3.57352 4.58173 11.95450 3.99960
921 1.682682930E+07 2.66895 3.57317 4.58381 11.95050 4.00012
922 1.683274324E+07 2.67077 3.57281 4.58601 11.94673 4.00060
923 1.683822377E+07 2.67265 3.57244 4.58829 11.94322 4.00104
924 1.684327464E+07 2.67458 3.57206 4.59066 11.93996 4.00147
925 1.684791165E+07 2.67657 3.57168 4.59310 11.93695 4.00188
926 1.685214743E+07 2.67861 3.57129 4.59563 11.93418 4.00230
927 1.685599802E+07 2.68070 3.57090 4.59823 11.93165 4.00274
928 1.685947685E+07 2.68284 3.57050 4.60091 11.92935 4.00320
929 1.686259635E+07 2.68503 3.57009 4.60366 11.92727 4.00370
930 1.686537298E+07 2.68726 3.56968 4.60649 11.92541 4.00425
931 1.686782658E+07 2.68954 3.56927 4.60939 11.92375 4.00458
932 1.686998063E+07 2.69186 3.56885 4.61235 11.92229 4.00451
933 1.687186603E+07 2.69422 3.56842 4.61537 11.92099 4.00440
934 1.687350674E+07 2.69660 3.56800 4.61843 11.91986 4.00427
935 1.687492268E+07 2.69899 3.56757 4.62152 11.91888 4.00414
936 1.687613832E+07 2.70139 3.56715 4.62461 11.91802 4.00401
937 1.687717679E+07 2.70378 3.56673 4.62771 11.91729 4.00391
938 1.687806005E+07 2.70615 3.56631 4.63078 11.91666 4.00386
939 1.687880957E+07 2.70848 3.56590 4.63381 11.91613 4.00388
940 1.687944595E+07 2.71078 3.56550 4.63680 11.91567 4.00398
941 1.687998524E+07 2.71304 3.56510 4.63973 11.91527 4.00378
942 1.688043991E+07 2.71520 3.56472 4.64254 11.91494 4.00340
943 1.688082511E+07 2.71729 3.56436 4.64524 11.91466 4.00302
944 1.688114824E+07 2.71926 3.56401 4.64779 11.91442 4.00269
945 1.688141537E+07 2.72109 3.56368 4.65014 11.91422 4.00243
946 1.688163269E+07 2.72276 3.56338 4.65229 11.91406 4.00228
947 1.688184017E+07 2.72460 3.56306 4.65467 11.91390 4.00224
948 1.688204098E+07 2.72667 3.56270 4.65737 11.91375 4.00229
949 1.688223359E+07 2.72897 3.56230 4.66038 11.91360 4.00198
950 1.688241817E+07 2.73148 3.56187 4.66369 11.91346 4.00170
951 1.688259679E+07 2.73414 3.56143 4.66722 11.91332 4.00147
952 1.688277067E+07 2.73691 3.56096 4.67091 11.91319 4.00130
953 1.688294090E+07 2.73978 3.56048 4.67473 11.91305 4.00117
954 1.688310867E+07 2.74271 3.56000 4.67865 11.91292 4.00109
955 1.688327489E+07 2.74572 3.55950 4.68267 11.91279 4.00106
956 1.688344040E+07 2.74873 3.55900 4.68670 11.91265 4.00108
957 1.688360595E+07 2.75175 3.55850 4.69074 11.91252 4.00115
958 1.688377189E+07 2.75477 3.55800 4.69478 11.91238 4.00103
959 1.688393853E+07 2.75780 3.55750 4.69885 11.91224 4.00087
960 1.688410680E+07 2.76082 3.55700 4.70289 11.91210 4.00074
961 1.688427665E+07 2.76382 3.55651 4.70690 11.91196 4.00064
962 1.688444805E+07 2.76681 3.55601 4.71090 11.91181 4.00057
963 1.688462118E+07 2.76980 3.55552 4.71490 11.91166 4.00053
964 1.688479641E+07 2.77275 3.55502 4.71885 11.91151 4.00052
965 1.688497394E+07 2.77568 3.55454 4.72276 11.91135 4.00055
966 1.688515401E+07 2.77859 3.55405 4.72664 11.91119 4.00060
967 1.688533692E+07 2.78148 3.55357 4.73049 11.91103 4.00070
968 1.688552313E+07 2.78431 3.55310 4.73426 11.91086 4.00067
969 1.688571298E+07 2.78709 3.55264 4.73797 11.91069 4.00061
970 1.688590713E+07 2.78983 3.55218 4.74162 11.91051 4.00056
971 1.688610587E+07 2.79252 3.55173 4.74520 11.91033 4.00055
972 1.688630974E+07 2.79513 3.55130 4.74868 11.91014 4.00055
973 1.688651908E+07 2.79765 3.55088 4.75205 11.90995 4.00059
974 1.688673399E+07 2.80009 3.55047 4.75529 11.90975 4.00065
975 1.688695466E+07 2.80243 3.55008 4.75842 11.90954 4.00074
976 1.688718123E+07 2.80466 3.54971 4.76139 11.90932 4.00086
977 1.688741342E+07 2.80677 3.54935 4.76420 11.90910 4.00102
978 1.688765116E+07 2.80878 3.54902 4.76687 11.90887 4.00108
979 1.688789475E+07 2.81066 3.54871 4.76939 11.90863 4.00111
980 1.688814662E+07 2.81242 3.54841 4.77175 11.90839 4.00117
981 1.688840678E+07 2.81405 3.54814 4.77392 11.90813 4.00125
982 1.688867564E+07 2.81552 3.54790 4.77588 11.90787 4.00136
983 1.688895377E+07 2.81676 3.54769 4.77753 11.90760 4.00151
984 1.688924276E+07 2.81772 3.54753 4.77880 11.90731 4.00169
985 1.688954332E+07 2.81839 3.54741 4.77966 11.90701 4.00193
986 1.688985548E+07 2.81872 3.54734 4.78006 11.90670 4.00218
987 1.689017789E+07 2.81869 3.54733 4.77994 11.90638 4.00230
988 1.689050718E+07 2.81828 3.54738 4.77930 11.90606 4.00244
989 1.689084040E+07 2.81754 3.54747 4.77820 11.90573 4.00260
990 1.689117124E+07 2.81655 3.54760 4.77674 11.90541 4.00278
991 1.689149697E+07 2.81538 3.54776 4.77504 11.90509 4.00301
992 1.689181763E+07 2.81414 3.54793 4.77324 11.90477 4.00330
993 1.689213398E+07 2.81286 3.54810 4.77137 11.90447 4.00338
994 1.689244562E+07 2.81160 3.54828 4.76955 11.90416 4.00340
995 1.689275920E+07 2.81040 3.54844 4.76779 11.90386 4.00345
996 1.689307237E+07 2.80931 3.54859 4.76621 11.90356 4.00356
997 1.689338454E+07 2.80839 3.54871 4.76486 11.90326 4.00379
998 1.689369574E+07 2.80765 3.54880 4.76376 11.90296 4.00367
999 1.689400434E+07 2.80712 3.54887 4.76297 11.90267 4.00356
1000 1.689431818E+07 2.80683 3.54890 4.76250 11.90237 4.00355
1001 1.689463009E+07 2.80679 3.54889 4.76240 11.90207 4.00370
1002 1.689493832E+07 2.80700 3.54885 4.76265 11.90178 4.00347
1003 1.689524110E+07 2.80743 3.54878 4.76322 11.90149 4.00330
1004 1.689554837E+07 2.80810 3.54867 4.76414 11.90120 4.00328
1005 1.689585089E+07 2.80897 3.54854 4.76535 11.90091 4.00325
1006 1.689614599E+07 2.81001 3.54838 4.76680 11.90062 4.00299
1007 1.689643705E+07 2.81121 3.54820 4.76848 11.90034 4.00287
1008 1.689672818E+07 2.81257 3.54801 4.77040 11.90006 4.00293
1009 1.689701351E+07 2.81405 3.54779 4.77250 11.89978 4.00268
1010 1.689729215E+07 2.81563 3.54756 4.77476 11.89951 4.00249
1011 1.689757237E+07 2.81731 3.54733 4.77717 11.89924 4.00246
1012 1.689784952E+07 2.81903 3.54708 4.77964 11.89896 4.00240
1013 1.689812170E+07 2.82077 3.54684 4.78214 11.89869 4.00216
1014 1.689839196E+07 2.82255 3.54659 4.78472 11.89842 4.00206
1015 1.689866266E+07 2.82437 3.54634 4.78736 11.89815 4.00213
1016 1.689892951E+07 2.82620 3.54609 4.79001 11.89788 4.00188
1017 1.689919189E+07 2.82801 3.54585 4.79264 11.89761 4.00173
1018 1.689945704E+07 2.82985 3.54560 4.79533 11.89734 4.00173
1019 1.689971948E+07 2.83168 3.54535 4.79801 11.89707 4.00165
1020 1.689997791E+07 2.83349 3.54511 4.80065 11.89680 4.00146
1021 1.690023546E+07 2.83529 3.54487 4.80329 11.89653 4.00141
1022 1.690049282E+07 2.83708 3.54463 4.80593 11.89627 4.00148
1023 1.690074667E+07 2.83885 3.54440 4.80853 11.89600 4.00126
1024 1.690099687E+07 2.84058 3.54417 4.81109 11.89573 4.00115
1025 1.690124888E+07 2.84232 3.54394 4.81366 11.89546 4.00119
1026 1.690149777E+07 2.84402 3.54372 4.81618 11.89520 4.00110
1027 1.690174277E+07 2.84569 3.54351 4.81865 11.89493 4.00096
1028 1.690198716E+07 2.84734 3.54330 4.82110 11.89467 4.00094
1029 1.690223016E+07 2.84896 3.54309 4.82352 11.89440 4.00099
1030 1.690246937E+07 2.85055 3.54289 4.82588 11.89414 4.00082
1031 1.690270519E+07 2.85210 3.54269 4.82820 11.89388 4.00075
1032 1.690294115E+07 2.85364 3.54249 4.83050 11.89362 4.00081
1033 1.690317349E+07 2.85515 3.54230 4.83275 11.89336 4.00072
1034 1.690340166E+07 2.85661 3.54212 4.83494 11.89311 4.00062
1035 1.690362858E+07 2.85806 3.54194 4.83711 11.89285 4.00062
1036 1.690385303E+07 2.85948 3.54176 4.83923 11.89260 4.00067
1037 1.690407332E+07 2.86085 3.54159 4.84130 11.89235 4.00053
1038 1.690428993E+07 2.86220 3.54142 4.84332 11.89210 4.00049
1039 1.690450511E+07 2.86353 3.54125 4.84532 11.89186 4.00056
1040 1.690471627E+07 2.86483 3.54109 4.84727 11.89161 4.00050
1041 1.690492311E+07 2.86608 3.54094 4.84916 11.89138 4.00041
1042 1.690512752E+07 2.86732 3.54079 4.85102 11.89114 4.00042
1043 1.690532876E+07 2.86853 3.54064 4.85284 11.89090 4.00050
1044 1.690552578E+07 2.86970 3.54049 4.85461 11.89067 4.00038
1045 1.690571871E+07 2.87084 3.54035 4.85633 11.89045 4.00034
1046 1.690590944E+07 2.87196 3.54021 4.85802 11.89022 4.00040
1047 1.690609602E+07 2.87305 3.54008 4.85967 11.89000 4.00040
1048 1.690627833E+07 2.87412 3.53995 4.86128 11.88979 4.00032
1049 1.690645739E+07 2.87515 3.53982 4.86284 11.88957 4.00031
1050 1.690663337E+07 2.87616 3.53970 4.86437 11.88936 4.00040
1051 1.690680526E+07 2.87714 3.53958 4.86585 11.88916 4.00034
1052 1.690697296E+07 2.87810 3.53946 4.86729 11.88895 4.00029
1053 1.690713789E+07 2.87903 3.53935 4.86869 11.88876 4.00031
1054 1.690729908E+07 2.87993 3.53924 4.87006 11.88856 4.00041
1055 1.690745614E+07 2.88081 3.53913 4.87139 11.88837 4.00032
1056 1.690760914E+07 2.88166 3.53903 4.87268 11.88818 4.00029
1057 1.690775932E+07 2.88250 3.53892 4.87393 11.88800 4.00033
1058 1.690790549E+07 2.88330 3.53883 4.87514 11.88782 4.00040
1059 1.690804761E+07 2.88408 3.53873 4.87632 11.88765 4.00033
1060 1.690818589E+07 2.88483 3.53864 4.87745 11.88748 4.00031
1061 1.690832106E+07 2.88556 3.53855 4.87856 11.88731 4.00036
1062 1.690845234E+07 2.88627 3.53846 4.87962 11.88715 4.00043
1063 1.690857972E+07 2.88696 3.53837 4.88065 11.88699 4.00036
1064 1.690870347E+07 2.88762 3.53829 4.88164 11.88683 4.00035
1065 1.690882410E+07 2.88826 3.53821 4.88260 11.88668 4.00040
1066 1.690894110E+07 2.88888 3.53813 4.88353 11.88654 4.00049
1067 1.690905451E+07 2.88947 3.53806 4.88442 11.88639 4.00042
1068 1.690916445E+07 2.89004 3.53799 4.88527 11.88626 4.00040
1069 1.690927147E+07 2.89060 3.53791 4.88610 11.88612 4.00044
1070 1.690937515E+07 2.89114 3.53785 4.88690 11.88599 4.00054
1071 1.690947555E+07 2.89166 3.53778 4.88768 11.88586 4.00051
1072 1.690957281E+07 2.89217 3.53771 4.88842 11.88574 4.00048
1073 1.690966728E+07 2.89265 3.53765 4.88914 11.88562 4.00050
1074 1.690975882E+07 2.89312 3.53759 4.88982 11.88551 4.00056
1075 1.690984743E+07 2.89356 3.53753 4.89047 11.88539 4.00062
1076 1.690993320E+07 2.89399 3.53747 4.89109 11.88528 4.00058
1077 1.691001631E+07 2.89440 3.53741 4.89169 11.88518 4.00057
1078 1.691009688E+07 2.89480 3.53736 4.89226 11.88508 4.00061
1079 1.691017485E+07 2.89518 3.53730 4.89281 11.88498 4.00069
1080 1.691025025E+07 2.89554 3.53725 4.89333 11.88488 4.00071
1081 1.691032308E+07 2.89589 3.53720 4.89382 11.88479 4.00068
1082 1.691039346E+07 2.89623 3.53715 4.89430 11.88470 4.00068
1083 1.691046143E+07 2.89655 3.53710 4.89475 11.88461 4.00073
1084 1.691052697E+07 2.89686 3.53705 4.89517 11.88453 4.00081
1085 1.691059016E+07 2.89716 3.53700 4.89558 11.88444 4.00083
1086 1.691065109E+07 2.89744 3.53696 4.89596 11.88437 4.00080
1087 1.691070986E+07 2.89772 3.53691 4.89633 11.88429 4.00081
1088 1.691076657E+07 2.89800 3.53686 4.89670 11.88422 4.00084
1089 1.691082131E+07 2.89827 3.53682 4.89704 11.88415 4.00091
1090 1.691087413E+07 2.89852 3.53677 4.89736 11.88408 4.00099
1091 1.691092513E+07 2.89875 3.53673 4.89765 11.88401 4.00095
1092 1.691097443E+07 2.89898 3.53668 4.89793 11.88395 4.00094
1093 1.691102218E+07 2.89919 3.53664 4.89819 11.88389 4.00096
1094 1.691106845E+07 2.89940 3.53660 4.89843 11.88383 4.00101
1095 1.691111342E+07 2.89960 3.53655 4.89866 11.88377 4.00109
1096 1.691115726E+07 2.89979 3.53651 4.89887 11.88371 4.00113
1097 1.691120019E+07 2.89998 3.53647 4.89908 11.88366 4.00111
1098 1.691124252E+07 2.90017 3.53642 4.89927 11.88360 4.00111
1099 1.691128467E+07 2.90035 3.53638 4.89946 11.88355 4.00113
1100 1.691132732E+07 2.90053 3.53634 4.89964 11.88349 4.00118
1101 1.691137154E+07 2.90071 3.53629 4.89983 11.88344 4.00125
1102 1.691141977E+07 2.90089 3.53625 4.90003 11.88337 4.00130
1103 1.691147764E+07 2.90108 3.53622 4.90028 11.88330 4.00128
1103 1.691146607E+07 2.90105 3.53622 4.90022 11.88331 4.00128
1104 1.691151237E+07 2.90119 3.53620 4.90042 11.88325 4.00127
1104 1.691150311E+07 2.90117 3.53620 4.90037 11.88326 4.00127
1104 1.691149570E+07 2.90115 3.53620 4.90034 11.88327 4.00127
1104 1.691148978E+07 2.90113 3.53620 4.90032 11.88328 4.00127
1105 1.691151348E+07 2.90120 3.53619 4.90042 11.88325 4.00127
1105 1.691150874E+07 2.90119 3.53619 4.90039 11.88326 4.00127
1105 1.691150495E+07 2.90118 3.53620 4.90038 11.88326 4.00127
1106 1.691152012E+07 2.90122 3.53619 4.90045 11.88324 4.00127
1107 1.691153529E+07 2.90126 3.53619 4.90051 11.88322 4.00127
1108 1.691155046E+07 2.90130 3.53618 4.90057 11.88320 4.00127
1108 1.691154743E+07 2.90130 3.53618 4.90056 11.88321 4.00127
1109 1.691155956E+07 2.90133 3.53618 4.90061 11.88319 4.00126
1110 1.691157170E+07 2.90136 3.53618 4.90066 11.88318 4.00126
1111 1.691158384E+07 2.90139 3.53617 4.90071 11.88316 4.00126
1112 1.691159598E+07 2.90141 3.53617 4.90076 11.88314 4.00126
1113 1.691161054E+07 2.90145 3.53617 4.90082 11.88313 4.00126
1114 1.691162802E+07 2.90149 3.53617 4.90089 11.88310 4.00126
1115 1.691164899E+07 2.90154 3.53616 4.90098 11.88308 4.00126
1116 1.691167416E+07 2.90162 3.53615 4.90109 11.88304 4.00126
1116 1.691166912E+07 2.90161 3.53615 4.90106 11.88305 4.00125
1116 1.691166510E+07 2.90159 3.53615 4.90104 11.88305 4.00125
1117 1.691168120E+07 2.90165 3.53615 4.90112 11.88303 4.00126
1117 1.691167798E+07 2.90163 3.53615 4.90110 11.88304 4.00126
1118 1.691169087E+07 2.90168 3.53614 4.90118 11.88302 4.00126
1119 1.691170375E+07 2.90173 3.53614 4.90125 11.88300 4.00126
1120 1.691171664E+07 2.90178 3.53613 4.90132 11.88299 4.00126
1121 1.691172953E+07 2.90183 3.53612 4.90140 11.88297 4.00126
1122 1.691174499E+07 2.90190 3.53611 4.90149 11.88295 4.00127
1123 1.691176354E+07 2.90199 3.53610 4.90161 11.88293 4.00128
1124 1.691178581E+07 2.90211 3.53607 4.90177 11.88290 4.00130
1125 1.691181253E+07 2.90228 3.53604 4.90198 11.88286 4.00133
1126 1.691184460E+07 2.90250 3.53600 4.90224 11.88282 4.00138
1127 1.691188307E+07 2.90282 3.53593 4.90261 11.88277 4.00144
1128 1.691192295E+07 2.90318 3.53585 4.90300 11.88272 4.00140
1129 1.691195352E+07 2.90348 3.53577 4.90330 11.88268 4.00140
1129 1.691194741E+07 2.90342 3.53579 4.90324 11.88269 4.00140
1130 1.691197186E+07 2.90367 3.53572 4.90348 11.88265 4.00142
1130 1.691196697E+07 2.90362 3.53573 4.90342 11.88266 4.00141
1131 1.691198653E+07 2.90383 3.53568 4.90361 11.88264 4.00144
1132 1.691200610E+07 2.90407 3.53560 4.90379 11.88261 4.00150
1133 1.691202566E+07 2.90432 3.53552 4.90396 11.88258 4.00159
1134 1.691204522E+07 2.90460 3.53542 4.90412 11.88256 4.00159
1135 1.691205537E+07 2.90475 3.53536 4.90419 11.88255 4.00159
1136 1.691206502E+07 2.90489 3.53531 4.90426 11.88253 4.00159
1137 1.691207427E+07 2.90504 3.53525 4.90433 11.88252 4.00161
1138 1.691208321E+07 2.90518 3.53520 4.90439 11.88251 4.00163
1139 1.691209193E+07 2.90532 3.53514 4.90444 11.88250 4.00167
1140 1.691210048E+07 2.90545 3.53509 4.90449 11.88249 4.00171
1141 1.691210890E+07 2.90560 3.53503 4.90455 11.88248 4.00177
1142 1.691211724E+07 2.90577 3.53496 4.90463 11.88246 4.00183
1143 1.691212553E+07 2.90593 3.53490 4.90471 11.88245 4.00184
1144 1.691213383E+07 2.90609 3.53484 4.90478 11.88244 4.00183
1145 1.691214216E+07 2.90625 3.53478 4.90485 11.88243 4.00183
1146 1.691215057E+07 2.90640 3.53472 4.90491 11.88242 4.00184
1147 1.691215916E+07 2.90654 3.53466 4.90496 11.88241 4.00186
1148 1.691216799E+07 2.90667 3.53460 4.90499 11.88240 4.00188
1149 1.691217718E+07 2.90680 3.53454 4.90502 11.88239 4.00192
1150 1.691218687E+07 2.90692 3.53449 4.90504 11.88237 4.00196
1150 1.691218493E+07 2.90690 3.53450 4.90503 11.88238 4.00195
1151 1.691219269E+07 2.90699 3.53446 4.90505 11.88237 4.00199
1151 1.691219114E+07 2.90697 3.53446 4.90504 11.88237 4.00198
1152 1.691219734E+07 2.90703 3.53444 4.90506 11.88236 4.00201
1152 1.691219610E+07 2.90702 3.53444 4.90505 11.88236 4.00201
1153 1.691220107E+07 2.90707 3.53443 4.90508 11.88236 4.00203
1154 1.691220603E+07 2.90710 3.53441 4.90510 11.88235 4.00205
1154 1.691220504E+07 2.90709 3.53441 4.90509 11.88235 4.00204
1154 1.691220424E+07 2.90709 3.53442 4.90509 11.88235 4.00204
1154 1.691220361E+07 2.90709 3.53442 4.90508 11.88235 4.00204
1155 1.691220615E+07 2.90710 3.53441 4.90510 11.88235 4.00205
1156 1.691220869E+07 2.90712 3.53441 4.90511 11.88235 4.00206
1157 1.691221123E+07 2.90713 3.53441 4.90513 11.88234 4.00206
1158 1.691221377E+07 2.90714 3.53441 4.90514 11.88234 4.00207
1159 1.691221682E+07 2.90714 3.53441 4.90516 11.88234 4.00207
1160 1.691222048E+07 2.90715 3.53441 4.90517 11.88233 4.00207
1161 1.691222488E+07 2.90714 3.53441 4.90516 11.88232 4.00209
1161 1.691222400E+07 2.90714 3.53441 4.90517 11.88233 4.00208
1161 1.691222329E+07 2.90714 3.53441 4.90517 11.88233 4.00208
1161 1.691222273E+07 2.90714 3.53441 4.90518 11.88233 4.00207
1161 1.691222228E+07 2.90714 3.53441 4.90518 11.88233 4.00207
1162 1.691222408E+07 2.90714 3.53441 4.90518 11.88233 4.00208
1162 1.691222372E+07 2.90714 3.53441 4.90518 11.88233 4.00208
1162 1.691222343E+07 2.90714 3.53441 4.90518 11.88233 4.00208
1163 1.691222458E+07 2.90714 3.53441 4.90518 11.88232 4.00208
1163 1.691222435E+07 2.90714 3.53441 4.90518 11.88233 4.00208
1163 1.691222417E+07 2.90714 3.53441 4.90518 11.88233 4.00208
1164 1.691222491E+07 2.90714 3.53441 4.90517 11.88232 4.00208
1165 1.691222564E+07 2.90714 3.53441 4.90518 11.88232 4.00208
1166 1.691222638E+07 2.90714 3.53442 4.90518 11.88232 4.00208
1167 1.691222712E+07 2.90714 3.53442 4.90518 11.88232 4.00208
1168 1.691222800E+07 2.90713 3.53442 4.90518 11.88232 4.00208
1169 1.691222906E+07 2.90713 3.53442 4.90518 11.88232 4.00208
1170 1.691223034E+07 2.90712 3.53442 4.90518 11.88232 4.00208
1171 1.691223186E+07 2.90712 3.53442 4.90517 11.88232 4.00209
1172 1.691223370E+07 2.90711 3.53443 4.90516 11.88231 4.00209
1173 1.691223590E+07 2.90709 3.53443 4.90514 11.88231 4.00209
1174 1.691223854E+07 2.90708 3.53443 4.90512 11.88231 4.00210
1175 1.691224171E+07 2.90705 3.53443 4.90508 11.88230 4.00211
1176 1.691224551E+07 2.90702 3.53443 4.90502 11.88230 4.00212
1177 1.691225007E+07 2.90698 3.53443 4.90494 11.88229 4.00213
1178 1.691225554E+07 2.90694 3.53443 4.90484 11.88228 4.00212
1179 1.691226211E+07 2.90688 3.53442 4.90470 11.88228 4.00212
1180 1.691227000E+07 2.90682 3.53441 4.90453 11.88227 4.00212
1181 1.691227946E+07 2.90677 3.53439 4.90432 11.88225 4.00211
1182 1.691229081E+07 2.90674 3.53434 4.90407 11.88224 4.00212
1183 1.691229970E+07 2.90674 3.53429 4.90388 11.88223 4.00214
1184 1.691230753E+07 2.90676 3.53424 4.90373 11.88222 4.00216
1185 1.691231463E+07 2.90682 3.53418 4.90361 11.88221 4.00220
1186 1.691232082E+07 2.90689 3.53412 4.90352 11.88220 4.00225
1187 1.691232597E+07 2.90698 3.53407 4.90346 11.88219 4.00231
1188 1.691233073E+07 2.90706 3.53401 4.90340 11.88219 4.00238
1189 1.691233512E+07 2.90715 3.53395 4.90335 11.88218 4.00237
1190 1.691233923E+07 2.90724 3.53390 4.90331 11.88218 4.00236
1191 1.691234312E+07 2.90733 3.53385 4.90328 11.88217 4.00236
1192 1.691234683E+07 2.90742 3.53379 4.90325 11.88217 4.00237
1193 1.691235040E+07 2.90750 3.53374 4.90323 11.88216 4.00239
1194 1.691235387E+07 2.90759 3.53370 4.90320 11.88216 4.00241
1195 1.691235725E+07 2.90767 3.53365 4.90319 11.88215 4.00244
1196 1.691236057E+07 2.90776 3.53360 4.90317 11.88215 4.00248
1196 1.691235991E+07 2.90774 3.53361 4.90317 11.88215 4.00247
1197 1.691236256E+07 2.90781 3.53358 4.90317 11.88215 4.00251
1198 1.691236521E+07 2.90787 3.53355 4.90318 11.88214 4.00255
1199 1.691236787E+07 2.90793 3.53352 4.90319 11.88214 4.00259
1200 1.691237052E+07 2.90799 3.53350 4.90321 11.88214 4.00263
1201 1.691237370E+07 2.90806 3.53347 4.90326 11.88213 4.00265
1202 1.691237752E+07 2.90814 3.53345 4.90330 11.88213 4.00265
1203 1.691238211E+07 2.90822 3.53341 4.90334 11.88212 4.00264
1203 1.691238119E+07 2.90820 3.53342 4.90333 11.88212 4.00264
1203 1.691238046E+07 2.90819 3.53343 4.90333 11.88212 4.00264
1203 1.691237987E+07 2.90818 3.53343 4.90333 11.88212 4.00264
1203 1.691237940E+07 2.90817 3.53343 4.90332 11.88212 4.00264
1204 1.691238128E+07 2.90821 3.53342 4.90334 11.88212 4.00264
1204 1.691238090E+07 2.90820 3.53343 4.90334 11.88212 4.00264
1205 1.691238241E+07 2.90823 3.53341 4.90335 11.88212 4.00264
1206 1.691238391E+07 2.90825 3.53340 4.90336 11.88212 4.00264
1207 1.691238541E+07 2.90828 3.53339 4.90337 11.88212 4.00264
1208 1.691238691E+07 2.90831 3.53338 4.90337 11.88211 4.00265
1209 1.691238872E+07 2.90835 3.53336 4.90337 11.88211 4.00265
1210 1.691239088E+07 2.90840 3.53333 4.90337 11.88211 4.00265
1211 1.691239348E+07 2.90846 3.53330 4.90337 11.88211 4.00267
1212 1.691239606E+07 2.90853 3.53326 4.90335 11.88210 4.00269
1213 1.691239817E+07 2.90859 3.53323 4.90333 11.88210 4.00272
1214 1.691239999E+07 2.90864 3.53319 4.90330 11.88210 4.00276
1215 1.691240159E+07 2.90869 3.53316 4.90328 11.88210 4.00281
1216 1.691240304E+07 2.90873 3.53314 4.90326 11.88209 4.00287
1217 1.691240435E+07 2.90877 3.53311 4.90323 11.88209 4.00293
1218 1.691240555E+07 2.90880 3.53309 4.90321 11.88209 4.00293
1219 1.691240665E+07 2.90883 3.53307 4.90318 11.88209 4.00292
1220 1.691240767E+07 2.90886 3.53305 4.90316 11.88209 4.00292
1221 1.691240863E+07 2.90888 3.53303 4.90314 11.88209 4.00292
