1 4.650233000E+04 0.67874 4.47536 4.21216 13.99982 0.00004
2 8.890623626E+04 0.67930 4.47524 4.21279 13.99966 0.00004
3 1.397909238E+05 0.68015 4.47503 4.21368 13.99947 0.00004
4 2.008525488E+05 0.68118 4.47480 4.21480 13.99924 0.00004
5 2.741264988E+05 0.68240 4.47453 4.21615 13.99896 0.00004
6 3.620552389E+05 0.68386 4.47421 4.21779 13.99862 0.00004
7 4.675697269E+05 0.68558 4.47385 4.21978 13.99822 0.00004
8 5.941871125E+05 0.68762 4.47343 4.22219 13.99772 0.00004
9 7.461279753E+05 0.69003 4.47295 4.22511 13.99712 0.00003
10 9.284570106E+05 0.69290 4.47241 4.22867 13.99640 0.00003
11 1.147251853E+06 0.69631 4.47178 4.23299 13.99551 0.00003
12 1.381489783E+06 0.69992 4.47115 4.23770 13.99454 0.00003
13 1.620519252E+06 0.70358 4.47054 4.24258 13.99353 0.00003
14 1.863338956E+06 0.70729 4.46995 4.24761 13.99249 0.00003
15 2.108092795E+06 0.71103 4.46937 4.25277 13.99141 0.00003
16 2.353208891E+06 0.71479 4.46880 4.25801 13.99031 0.00003
17 2.597880277E+06 0.71857 4.46824 4.26333 13.98919 0.00003
18 2.841444807E+06 0.72238 4.46768 4.26870 13.98805 0.00003
19 3.083350480E+06 0.72620 4.46712 4.27411 13.98689 0.00003
20 3.323133265E+06 0.73005 4.46655 4.27955 13.98571 0.00003
21 3.560368854E+06 0.73392 4.46599 4.28502 13.98452 0.00003
22 3.794658657E+06 0.73781 4.46541 4.29049 13.98332 0.00003
23 4.025524631E+06 0.74174 4.46481 4.29595 13.98210 0.00003
24 4.252308193E+06 0.74570 4.46419 4.30139 13.98089 0.00002
25 4.474082306E+06 0.74968 4.46354 4.30676 13.97967 0.00002
26 4.690838882E+06 0.75365 4.46289 4.31209 13.97846 0.00002
27 4.904134837E+06 0.75764 4.46222 4.31740 13.97724 0.00002
28 5.114126234E+06 0.76165 4.46154 4.32271 13.97601 0.00002
29 5.320707801E+06 0.76568 4.46085 4.32800 13.97478 0.00002
30 5.523806656E+06 0.76973 4.46014 4.33328 13.97355 0.00002
31 5.723337144E+06 0.77380 4.45942 4.33853 13.97231 0.00002
32 5.919273381E+06 0.77790 4.45868 4.34376 13.97107 0.00002
33 6.111575390E+06 0.78201 4.45792 4.34896 13.96983 0.00002
34 6.300157240E+06 0.78616 4.45715 4.35416 13.96859 0.00002
35 6.484735511E+06 0.79033 4.45635 4.35931 13.96735 0.00002
36 6.665402662E+06 0.79451 4.45554 4.36441 13.96612 0.00002
37 6.841986823E+06 0.79873 4.45469 4.36945 13.96490 0.00002
38 7.014050404E+06 0.80297 4.45381 4.37442 13.96368 0.00002
39 7.181088135E+06 0.80721 4.45291 4.37929 13.96249 0.00002
40 7.344090377E+06 0.81145 4.45199 4.38410 13.96130 0.00002
41 7.503821185E+06 0.81570 4.45106 4.38888 13.96012 0.00002
42 7.660390446E+06 0.81997 4.45011 4.39361 13.95894 0.00002
43 7.813843474E+06 0.82426 4.44914 4.39831 13.95777 0.00002
44 7.964215551E+06 0.82857 4.44815 4.40297 13.95661 0.00002
45 8.111551541E+06 0.83289 4.44714 4.40760 13.95546 0.00002
46 8.255902259E+06 0.83724 4.44611 4.41218 13.95432 0.00003
47 8.397302115E+06 0.84160 4.44507 4.41672 13.95318 0.00003
48 8.535790780E+06 0.84599 4.44400 4.42121 13.95206 0.00003
49 8.671382354E+06 0.85039 4.44291 4.42566 13.95094 0.00003
50 8.804067741E+06 0.85481 4.44180 4.43006 13.94984 0.00003
51 8.933766494E+06 0.85926 4.44066 4.43440 13.94875 0.00003
52 9.060292580E+06 0.86373 4.43949 4.43867 13.94768 0.00003
53 9.183338183E+06 0.86821 4.43829 4.44284 13.94649 0.00003
54 9.302995154E+06 0.87267 4.43708 4.44693 13.94516 0.00003
55 9.420082974E+06 0.87715 4.43586 4.45097 13.94369 0.00003
56 9.534820601E+06 0.88164 4.43461 4.45495 13.94207 0.00003
57 9.647233574E+06 0.88617 4.43333 4.45892 13.94030 0.00003
58 9.757062760E+06 0.89071 4.43204 4.46283 13.93839 0.00003
59 9.864559419E+06 0.89526 4.43073 4.46668 13.93632 0.00003
60 9.969872847E+06 0.89983 4.42940 4.47049 13.93411 0.00003
61 1.007304238E+07 0.90441 4.42804 4.47424 13.93175 0.00003
62 1.017409419E+07 0.90901 4.42667 4.47795 13.92924 0.00004
63 1.027305450E+07 0.91363 4.42528 4.48160 13.92657 0.00004
64 1.036995281E+07 0.91826 4.42386 4.48520 13.92376 0.00004
65 1.046479929E+07 0.92290 4.42242 4.48874 13.92080 0.00004
66 1.055757151E+07 0.92756 4.42096 4.49222 13.91770 0.00004
67 1.064819134E+07 0.93225 4.41947 4.49563 13.91445 0.00004
68 1.073650132E+07 0.93694 4.41796 4.49896 13.91108 0.00004
69 1.082240818E+07 0.94162 4.41643 4.50222 13.90759 0.00004
70 1.090631917E+07 0.94630 4.41489 4.50542 13.90397 0.00004
71 1.098853832E+07 0.95099 4.41334 4.50857 13.90020 0.00005
72 1.106913832E+07 0.95570 4.41176 4.51168 13.89630 0.00005
73 1.114814031E+07 0.96042 4.41017 4.51475 13.89226 0.00005
74 1.122557805E+07 0.96515 4.40855 4.51777 13.88808 0.00005
75 1.130149262E+07 0.96990 4.40693 4.52075 13.88376 0.00005
76 1.137590565E+07 0.97466 4.40528 4.52369 13.87932 0.00005
77 1.144884407E+07 0.97944 4.40362 4.52658 13.87474 0.00005
78 1.152034467E+07 0.98425 4.40193 4.52945 13.87004 0.00006
79 1.159026715E+07 0.98908 4.40022 4.53228 13.86522 0.00006
80 1.165861435E+07 0.99391 4.39850 4.53507 13.86029 0.00006
81 1.172557602E+07 0.99875 4.39677 4.53781 13.85524 0.00006
82 1.179117297E+07 1.00360 4.39501 4.54051 13.85008 0.00007
83 1.185537344E+07 1.00847 4.39324 4.54315 13.84481 0.00007
84 1.191812969E+07 1.01334 4.39145 4.54574 13.83944 0.00007
85 1.197937417E+07 1.01822 4.38965 4.54828 13.83399 0.00007
86 1.203916645E+07 1.02308 4.38784 4.55076 13.82846 0.00008
87 1.209775524E+07 1.02794 4.38602 4.55321 13.82284 0.00008
88 1.215527396E+07 1.03282 4.38419 4.55563 13.81711 0.00008
89 1.221174843E+07 1.03771 4.38234 4.55802 13.81127 0.00009
90 1.226720484E+07 1.04260 4.38048 4.56038 13.80534 0.00009
91 1.232167321E+07 1.04751 4.37862 4.56271 13.79931 0.00009
92 1.237520921E+07 1.05242 4.37674 4.56502 13.79317 0.00010
93 1.242784818E+07 1.05734 4.37485 4.56730 13.78694 0.00010
94 1.247960132E+07 1.06227 4.37295 4.56956 13.78061 0.00011
95 1.253050344E+07 1.06720 4.37104 4.57179 13.77419 0.00011
96 1.258057435E+07 1.07214 4.36912 4.57401 13.76767 0.00012
97 1.262985265E+07 1.07708 4.36720 4.57620 13.76105 0.00013
98 1.267830837E+07 1.08206 4.36526 4.57839 13.75435 3.63228
99 1.272564393E+07 1.08670 4.36344 4.58038 13.74763 3.63860
100 1.274931171E+07 1.08905 4.36250 4.58136 13.74422 3.65297
101 1.277771304E+07 1.09203 4.36133 4.58263 13.74005 3.66419
102 1.281179465E+07 1.09564 4.35991 4.58419 13.73496 3.67280
103 1.285269257E+07 1.10002 4.35820 4.58607 13.72869 3.67893
104 1.290177008E+07 1.10531 4.35613 4.58837 13.72094 3.68259
105 1.295137710E+07 1.11069 4.35403 4.59072 13.71288 3.68365
106 1.300028231E+07 1.11598 4.35197 4.59308 13.70472 3.68267
107 1.304848802E+07 1.12116 4.34998 4.59547 13.69661 3.67977
108 1.309611023E+07 1.12619 4.34806 4.59788 13.68853 3.67759
109 1.314322644E+07 1.13101 4.34627 4.60034 13.68047 3.67598
110 1.319002118E+07 1.13555 4.34463 4.60286 13.67239 3.67473
111 1.323657430E+07 1.13969 4.34322 4.60551 13.66425 3.67358
112 1.328196576E+07 1.14313 4.34219 4.60827 13.65623 3.67226
113 1.332399104E+07 1.14545 4.34173 4.61104 13.64870 3.67084
114 1.336002467E+07 1.14636 4.34193 4.61367 13.64214 3.66954
115 1.338933457E+07 1.14592 4.34275 4.61609 13.63673 3.66844
116 1.341141576E+07 1.14451 4.34398 4.61818 13.63260 3.66760
117 1.342780133E+07 1.14255 4.34541 4.61997 13.62949 3.66697
118 1.344042543E+07 1.14028 4.34694 4.62156 13.62707 3.66648
119 1.345046200E+07 1.13780 4.34854 4.62302 13.62512 3.66609
120 1.345864764E+07 1.13520 4.35019 4.62440 13.62351 3.66601
121 1.346543711E+07 1.13250 4.35187 4.62574 13.62216 3.66607
122 1.347113785E+07 1.12975 4.35357 4.62705 13.62103 3.66614
123 1.347596735E+07 1.12696 4.35529 4.62835 13.62009 3.66620
124 1.348008310E+07 1.12416 4.35702 4.62966 13.61928 3.66626
125 1.348360871E+07 1.12137 4.35875 4.63099 13.61860 3.66633
126 1.348664049E+07 1.11861 4.36047 4.63234 13.61801 3.66639
127 1.348925707E+07 1.11590 4.36217 4.63372 13.61751 3.66645
128 1.349152415E+07 1.11327 4.36384 4.63513 13.61709 3.66652
129 1.349349992E+07 1.11070 4.36548 4.63658 13.61671 3.66658
130 1.349522715E+07 1.10822 4.36710 4.63808 13.61639 3.66664
131 1.349673988E+07 1.10581 4.36869 4.63962 13.61611 3.66671
132 1.349806498E+07 1.10350 4.37025 4.64122 13.61587 3.66678
133 1.349922494E+07 1.10128 4.37176 4.64286 13.61566 3.66684
134 1.350024038E+07 1.09917 4.37324 4.64454 13.61547 3.66691
135 1.350112861E+07 1.09718 4.37467 4.64626 13.61531 3.66695
136 1.350190459E+07 1.09531 4.37604 4.64801 13.61517 3.66680
137 1.350258185E+07 1.09356 4.37735 4.64976 13.61505 3.66634
138 1.350317328E+07 1.09193 4.37860 4.65151 13.61495 3.66584
139 1.350369005E+07 1.09042 4.37979 4.65325 13.61486 3.66529
140 1.350414120E+07 1.08902 4.38092 4.65498 13.61478 3.66468
141 1.350453476E+07 1.08774 4.38199 4.65667 13.61471 3.66404
142 1.350487811E+07 1.08656 4.38299 4.65832 13.61465 3.66333
143 1.350517786E+07 1.08548 4.38392 4.65991 13.61460 3.66258
144 1.350543962E+07 1.08450 4.38480 4.66143 13.61455 3.66177
145 1.350566824E+07 1.08360 4.38561 4.66289 13.61451 3.66091
146 1.350586767E+07 1.08279 4.38635 4.66424 13.61448 3.65999
147 1.350604375E+07 1.08206 4.38703 4.66547 13.61445 3.65904
148 1.350619532E+07 1.08144 4.38759 4.66649 13.61442 3.65814
149 1.350634123E+07 1.08086 4.38811 4.66740 13.61440 3.65723
150 1.350648597E+07 1.08031 4.38858 4.66820 13.61437 3.65630
151 1.350663097E+07 1.07980 4.38902 4.66890 13.61435 3.65536
152 1.350677721E+07 1.07931 4.38941 4.66948 13.61432 3.65440
153 1.350692590E+07 1.07885 4.38975 4.66994 13.61430 3.65346
154 1.350707803E+07 1.07844 4.39003 4.67025 13.61427 3.65255
155 1.350723451E+07 1.07806 4.39026 4.67041 13.61425 3.65130
156 1.350739613E+07 1.07774 4.39042 4.67039 13.61422 3.64990
157 1.350756421E+07 1.07747 4.39050 4.67018 13.61419 3.64833
158 1.350773918E+07 1.07728 4.39049 4.66975 13.61416 3.64660
159 1.350792139E+07 1.07717 4.39038 4.66909 13.61413 3.64472
160 1.350811125E+07 1.07716 4.39015 4.66818 13.61410 3.64276
161 1.350830904E+07 1.07726 4.38981 4.66700 13.61407 3.64081
162 1.350851355E+07 1.07750 4.38934 4.66558 13.61403 3.63900
163 1.350872348E+07 1.07788 4.38873 4.66394 13.61400 3.63677
164 1.350893782E+07 1.07843 4.38800 4.66209 13.61396 3.63386
165 1.350915635E+07 1.07916 4.38713 4.66008 13.61393 3.63091
166 1.350937825E+07 1.08008 4.38614 4.65795 13.61389 3.62808
167 1.350960209E+07 1.08121 4.38502 4.65573 13.61385 3.62551
168 1.350982727E+07 1.08256 4.38378 4.65348 13.61381 3.62330
169 1.351005339E+07 1.08416 4.38242 4.65124 13.61378 3.62080
170 1.351028023E+07 1.08600 4.38095 4.64903 13.61374 3.61757
171 1.351050798E+07 1.08812 4.37936 4.64690 13.61370 3.61454
172 1.351073637E+07 1.09051 4.37766 4.64489 13.61366 3.61177
173 1.351096436E+07 1.09319 4.37586 4.64305 13.61362 3.60933
174 1.351119181E+07 1.09615 4.37397 4.64140 13.61358 3.60727
175 1.351141860E+07 1.09938 4.37199 4.63996 13.61354 3.60532
176 1.351164463E+07 1.10289 4.36994 4.63876 13.61350 3.60238
177 1.351186943E+07 1.10666 4.36781 4.63781 13.61345 3.59967
178 1.351209288E+07 1.11067 4.36563 4.63711 13.61341 3.59721
179 1.351231417E+07 1.11489 4.36341 4.63665 13.61337 3.59501
180 1.351253324E+07 1.11929 4.36114 4.63641 13.61333 3.59309
181 1.351275013E+07 1.12387 4.35885 4.63638 13.61328 3.59145
182 1.351296491E+07 1.12858 4.35653 4.63653 13.61324 3.59008
183 1.351317761E+07 1.13342 4.35419 4.63685 13.61320 3.58757
184 1.351338829E+07 1.13837 4.35183 4.63732 13.61315 3.58520
185 1.351359705E+07 1.14341 4.34946 4.63790 13.61311 3.58305
186 1.351380408E+07 1.14852 4.34708 4.63859 13.61306 3.58111
187 1.351400957E+07 1.15370 4.34468 4.63937 13.61302 3.57936
188 1.351421371E+07 1.15894 4.34227 4.64022 13.61298 3.57780
189 1.351441671E+07 1.16424 4.33985 4.64112 13.61294 3.57644
190 1.351461874E+07 1.16957 4.33742 4.64208 13.61289 3.57525
191 1.351481997E+07 1.17495 4.33498 4.64307 13.61285 3.57376
192 1.351502068E+07 1.18037 4.33253 4.64409 13.61281 3.57159
193 1.351522058E+07 1.18581 4.33007 4.64514 13.61277 3.56959
194 1.351541949E+07 1.19127 4.32761 4.64621 13.61273 3.56776
195 1.351561807E+07 1.19676 4.32513 4.64728 13.61269 3.56609
196 1.351581641E+07 1.20228 4.32264 4.64836 13.61265 3.56456
197 1.351601459E+07 1.20782 4.32014 4.64945 13.61260 3.56318
198 1.351621270E+07 1.21339 4.31763 4.65053 13.61256 3.56195
199 1.351641082E+07 1.21898 4.31510 4.65161 13.61252 3.56085
200 1.351660902E+07 1.22459 4.31257 4.65269 13.61248 3.55989
201 1.351680735E+07 1.23023 4.31001 4.65375 13.61244 3.55820
202 1.351700586E+07 1.23589 4.30745 4.65481 13.61240 3.55633
203 1.351720397E+07 1.24155 4.30488 4.65584 13.61236 3.55460
204 1.351740228E+07 1.24721 4.30230 4.65686 13.61232 3.55299
205 1.351760115E+07 1.25290 4.29970 4.65786 13.61228 3.55150
206 1.351780042E+07 1.25861 4.29709 4.65885 13.61224 3.55014
207 1.351800007E+07 1.26435 4.29447 4.65981 13.61219 3.54889
208 1.351820010E+07 1.27010 4.29183 4.66074 13.61215 3.54776
209 1.351840049E+07 1.27587 4.28917 4.66166 13.61211 3.54673
210 1.351860125E+07 1.28166 4.28650 4.66255 13.61207 3.54582
211 1.351880234E+07 1.28747 4.28381 4.66341 13.61203 3.54448
212 1.351900375E+07 1.29329 4.28111 4.66425 13.61199 3.54278
213 1.351920497E+07 1.29913 4.27839 4.66507 13.61195 3.54120
214 1.351940602E+07 1.30497 4.27567 4.66585 13.61191 3.53972
215 1.351960731E+07 1.31081 4.27293 4.66661 13.61187 3.53834
216 1.351980924E+07 1.31668 4.27018 4.66734 13.61183 3.53706
217 1.352001161E+07 1.32257 4.26741 4.66804 13.61179 3.53587
218 1.352021418E+07 1.32848 4.26463 4.66871 13.61175 3.53478
219 1.352041690E+07 1.33441 4.26183 4.66936 13.61171 3.53378
220 1.352061971E+07 1.34036 4.25901 4.66998 13.61167 3.53287
221 1.352082257E+07 1.34633 4.25617 4.67057 13.61163 3.53204
222 1.352102545E+07 1.35232 4.25331 4.67114 13.61159 3.53054
223 1.352122830E+07 1.35834 4.25044 4.67168 13.61155 3.52907
224 1.352143019E+07 1.36435 4.24756 4.67219 13.61151 3.52769
225 1.352163187E+07 1.37038 4.24467 4.67267 13.61147 3.52640
226 1.352183338E+07 1.37641 4.24177 4.67313 13.61143 3.52519
227 1.352203509E+07 1.38247 4.23885 4.67356 13.61139 3.52405
228 1.352223697E+07 1.38855 4.23590 4.67396 13.61135 3.52298
229 1.352243858E+07 1.39466 4.23294 4.67433 13.61131 3.52199
230 1.352263983E+07 1.40079 4.22996 4.67468 13.61128 3.52106
231 1.352284066E+07 1.40695 4.22697 4.67501 13.61124 3.52020
232 1.352304100E+07 1.41313 4.22395 4.67530 13.61120 3.51941
233 1.352324078E+07 1.41933 4.22092 4.67557 13.61116 3.51824
234 1.352343996E+07 1.42556 4.21787 4.67582 13.61113 3.51695
235 1.352363779E+07 1.43179 4.21481 4.67604 13.61109 3.51573
236 1.352383459E+07 1.43803 4.21173 4.67624 13.61105 3.51458
237 1.352403060E+07 1.44427 4.20866 4.67640 13.61102 3.51349
238 1.352422645E+07 1.45053 4.20556 4.67655 13.61098 3.51246
239 1.352442183E+07 1.45683 4.20244 4.67667 13.61095 3.51148
240 1.352461633E+07 1.46315 4.19930 4.67676 13.61091 3.51055
241 1.352480988E+07 1.46950 4.19615 4.67683 13.61088 3.50967
242 1.352500243E+07 1.47587 4.19297 4.67687 13.61085 3.50884
243 1.352519388E+07 1.48226 4.18978 4.67689 13.61081 3.50806
244 1.352538417E+07 1.48867 4.18657 4.67688 13.61078 3.50731
245 1.352557322E+07 1.49511 4.18335 4.67685 13.61075 3.50651
246 1.352576096E+07 1.50157 4.18010 4.67680 13.61072 3.50542
247 1.352594711E+07 1.50804 4.17685 4.67673 13.61069 3.50439
248 1.352613136E+07 1.51446 4.17362 4.67663 13.61066 3.50341
249 1.352631512E+07 1.52092 4.17036 4.67651 13.61063 3.50246
250 1.352649741E+07 1.52741 4.16708 4.67637 13.61060 3.50156
251 1.352667811E+07 1.53391 4.16378 4.67620 13.61057 3.50070
252 1.352685712E+07 1.54043 4.16048 4.67601 13.61054 3.49987
253 1.352703437E+07 1.54695 4.15716 4.67580 13.61051 3.49909
254 1.352720980E+07 1.55349 4.15383 4.67557 13.61048 3.49834
255 1.352738334E+07 1.56004 4.15050 4.67532 13.61045 3.49762
256 1.352755492E+07 1.56660 4.14715 4.67504 13.61043 3.49693
257 1.352772452E+07 1.57316 4.14380 4.67475 13.61040 3.49627
258 1.352789232E+07 1.57967 4.14046 4.67444 13.61038 3.49563
259 1.352805943E+07 1.58623 4.13710 4.67410 13.61035 3.49501
260 1.352822470E+07 1.59281 4.13372 4.67375 13.61033 3.49441
261 1.352838810E+07 1.59939 4.13034 4.67338 13.61030 3.49366
262 1.352854962E+07 1.60600 4.12694 4.67298 13.61028 3.49288
263 1.352870880E+07 1.61259 4.12354 4.67258 13.61026 3.49214
264 1.352886601E+07 1.61920 4.12013 4.67215 13.61023 3.49142
265 1.352902141E+07 1.62583 4.11670 4.67171 13.61021 3.49073
266 1.352917502E+07 1.63247 4.11326 4.67124 13.61019 3.49007
267 1.352932684E+07 1.63909 4.10984 4.67076 13.61017 3.48942
268 1.352947780E+07 1.64572 4.10640 4.67026 13.61015 3.48879
269 1.352962783E+07 1.65240 4.10293 4.66974 13.61013 3.48818
270 1.352977620E+07 1.65911 4.09944 4.66920 13.61011 3.48758
271 1.352992289E+07 1.66584 4.09593 4.66865 13.61009 3.48701
272 1.353006791E+07 1.67260 4.09241 4.66807 13.61007 3.48645
273 1.353021124E+07 1.67938 4.08887 4.66748 13.61005 3.48590
274 1.353035287E+07 1.68619 4.08531 4.66688 13.61004 3.48537
275 1.353049278E+07 1.69303 4.08174 4.66626 13.61002 3.48486
276 1.353063092E+07 1.69988 4.07816 4.66562 13.61000 3.48436
277 1.353076757E+07 1.70667 4.07460 4.66498 13.60998 3.48387
278 1.353090391E+07 1.71355 4.07099 4.66430 13.60997 3.48338
279 1.353103850E+07 1.72045 4.06737 4.66362 13.60995 3.48291
280 1.353117130E+07 1.72738 4.06373 4.66292 13.60994 3.48245
281 1.353130228E+07 1.73432 4.06008 4.66221 13.60992 3.48201
282 1.353143142E+07 1.74129 4.05642 4.66148 13.60990 3.48157
283 1.353155871E+07 1.74827 4.05274 4.66075 13.60989 3.48115
284 1.353168413E+07 1.75527 4.04906 4.66000 13.60987 3.48073
285 1.353180762E+07 1.76228 4.04536 4.65924 13.60986 3.48033
286 1.353192915E+07 1.76918 4.04172 4.65848 13.60984 3.47991
287 1.353205062E+07 1.77619 4.03802 4.65769 13.60982 3.47945
288 1.353217037E+07 1.78322 4.03430 4.65690 13.60981 3.47901
289 1.353228829E+07 1.79027 4.03058 4.65609 13.60979 3.47858
290 1.353240457E+07 1.79734 4.02684 4.65527 13.60978 3.47816
291 1.353251931E+07 1.80443 4.02308 4.65444 13.60976 3.47775
292 1.353263256E+07 1.81156 4.01931 4.65360 13.60974 3.47735
293 1.353274441E+07 1.81872 4.01552 4.65274 13.60973 3.47696
294 1.353285480E+07 1.82592 4.01170 4.65188 13.60971 3.47658
295 1.353296368E+07 1.83303 4.00793 4.65101 13.60969 3.47620
296 1.353307282E+07 1.84026 4.00409 4.65011 13.60968 3.47583
297 1.353318087E+07 1.84755 4.00021 4.64919 13.60966 3.47546
298 1.353328759E+07 1.85488 3.99632 4.64826 13.60964 3.47510
299 1.353339303E+07 1.86225 3.99239 4.64731 13.60962 3.47475
300 1.353349732E+07 1.86968 3.98844 4.64636 13.60960 3.47440
301 1.353360063E+07 1.87715 3.98446 4.64538 13.60958 3.47406
302 1.353370316E+07 1.88472 3.98043 4.64439 13.60957 3.47372
303 1.353380483E+07 1.89237 3.97635 4.64337 13.60955 3.47338
304 1.353390573E+07 1.90000 3.97228 4.64235 13.60953 3.47305
305 1.353400718E+07 1.90776 3.96813 4.64129 13.60951 3.47271
306 1.353410896E+07 1.91569 3.96389 4.64019 13.60949 3.47237
307 1.353421057E+07 1.92376 3.95957 4.63906 13.60947 3.47202
308 1.353431227E+07 1.93200 3.95517 4.63789 13.60945 3.47168
309 1.353441438E+07 1.94041 3.95066 4.63669 13.60943 3.47133
310 1.353451737E+07 1.94904 3.94603 4.63543 13.60941 3.47097
311 1.353462182E+07 1.95796 3.94124 4.63411 13.60938 3.47060
312 1.353472802E+07 1.96721 3.93627 4.63273 13.60936 3.47021
313 1.353483643E+07 1.97685 3.93108 4.63126 13.60934 3.46981
314 1.353494815E+07 1.98697 3.92563 4.62969 13.60931 3.46938
315 1.353506482E+07 1.99774 3.91982 4.62798 13.60928 3.46892
316 1.353518780E+07 2.00928 3.91358 4.62610 13.60925 3.46840
317 1.353531262E+07 2.02123 3.90710 4.62409 13.60922 3.46784
318 1.353541903E+07 2.03150 3.90151 4.62226 13.60920 3.46734
319 1.353550615E+07 2.03997 3.89687 4.62067 13.60918 3.46692
320 1.353557894E+07 2.04713 3.89294 4.61927 13.60916 3.46651
321 1.353564177E+07 2.05338 3.88950 4.61800 13.60914 3.46607
322 1.353569762E+07 2.05898 3.88640 4.61683 13.60913 3.46569
323 1.353574877E+07 2.06414 3.88355 4.61573 13.60911 3.46533
324 1.353579648E+07 2.06900 3.88086 4.61466 13.60910 3.46500
325 1.353584135E+07 2.07363 3.87828 4.61363 13.60909 3.46469
326 1.353588387E+07 2.07810 3.87579 4.61261 13.60908 3.46440
327 1.353592441E+07 2.08232 3.87346 4.61172 13.60906 3.46414
328 1.353596452E+07 2.08649 3.87115 4.61081 13.60905 3.46388
329 1.353600362E+07 2.09061 3.86885 4.60985 13.60904 3.46363
330 1.353604131E+07 2.09463 3.86660 4.60890 13.60903 3.46340
331 1.353607796E+07 2.09855 3.86441 4.60798 13.60902 3.46318
332 1.353611412E+07 2.10245 3.86222 4.60703 13.60901 3.46296
333 1.353614945E+07 2.10634 3.86004 4.60608 13.60900 3.46272
334 1.353618394E+07 2.11020 3.85787 4.60512 13.60899 3.46244
335 1.353621767E+07 2.11399 3.85576 4.60426 13.60898 3.46218
336 1.353625170E+07 2.11779 3.85365 4.60342 13.60897 3.46192
337 1.353628596E+07 2.12165 3.85148 4.60248 13.60896 3.46167
338 1.353631951E+07 2.12547 3.84934 4.60153 13.60895 3.46143
339 1.353635283E+07 2.12926 3.84721 4.60060 13.60894 3.46121
340 1.353638622E+07 2.13312 3.84504 4.59962 13.60893 3.46099
341 1.353641926E+07 2.13701 3.84284 4.59862 13.60892 3.46078
342 1.353645193E+07 2.14093 3.84063 4.59760 13.60891 3.46057
343 1.353648421E+07 2.14484 3.83844 4.59667 13.60890 3.46038
344 1.353651688E+07 2.14877 3.83625 4.59579 13.60889 3.46019
345 1.353655025E+07 2.15283 3.83397 4.59478 13.60888 3.46001
346 1.353658323E+07 2.15685 3.83171 4.59377 13.60887 3.45983
347 1.353661636E+07 2.16090 3.82942 4.59274 13.60886 3.45958
348 1.353664964E+07 2.16503 3.82709 4.59166 13.60885 3.45934
349 1.353668288E+07 2.16924 3.82471 4.59054 13.60884 3.45911
350 1.353671589E+07 2.17349 3.82229 4.58940 13.60883 3.45889
351 1.353674867E+07 2.17778 3.81987 4.58829 13.60882 3.45868
352 1.353678163E+07 2.18208 3.81748 4.58732 13.60881 3.45847
353 1.353681559E+07 2.18653 3.81497 4.58618 13.60880 3.45827
354 1.353684924E+07 2.19094 3.81248 4.58503 13.60878 3.45808
355 1.353688309E+07 2.19537 3.80997 4.58385 13.60877 3.45789
356 1.353691713E+07 2.19989 3.80740 4.58261 13.60876 3.45770
357 1.353695107E+07 2.20448 3.80478 4.58133 13.60875 3.45753
358 1.353698493E+07 2.20915 3.80212 4.58001 13.60874 3.45736
359 1.353701871E+07 2.21391 3.79940 4.57865 13.60873 3.45719
360 1.353705234E+07 2.21868 3.79672 4.57750 13.60872 3.45699
361 1.353708705E+07 2.22363 3.79393 4.57620 13.60870 3.45677
362 1.353712182E+07 2.22862 3.79109 4.57482 13.60869 3.45655
363 1.353715655E+07 2.23361 3.78825 4.57346 13.60868 3.45635
364 1.353719167E+07 2.23871 3.78534 4.57200 13.60867 3.45614
365 1.353722664E+07 2.24386 3.78238 4.57048 13.60865 3.45594
366 1.353726141E+07 2.24907 3.77938 4.56891 13.60864 3.45575
367 1.353729595E+07 2.25433 3.77635 4.56730 13.60863 3.45557
368 1.353733023E+07 2.25962 3.77331 4.56571 13.60862 3.45539
369 1.353736446E+07 2.26491 3.77031 4.56429 13.60860 3.45523
370 1.353739926E+07 2.27026 3.76723 4.56268 13.60859 3.45506
371 1.353743351E+07 2.27550 3.76420 4.56105 13.60858 3.45490
372 1.353746732E+07 2.28064 3.76122 4.55942 13.60857 3.45474
373 1.353750088E+07 2.28578 3.75823 4.55772 13.60855 3.45459
374 1.353753412E+07 2.29096 3.75520 4.55595 13.60854 3.45441
375 1.353756728E+07 2.29621 3.75211 4.55412 13.60853 3.45421
376 1.353760037E+07 2.30153 3.74898 4.55222 13.60852 3.45402
377 1.353763317E+07 2.30686 3.74583 4.55027 13.60850 3.45384
378 1.353766558E+07 2.31217 3.74275 4.54860 13.60849 3.45367
379 1.353769861E+07 2.31753 3.73960 4.54672 13.60848 3.45349
380 1.353773138E+07 2.32285 3.73645 4.54474 13.60847 3.45333
381 1.353776386E+07 2.32807 3.73335 4.54278 13.60845 3.45317
382 1.353779642E+07 2.33323 3.73026 4.54076 13.60844 3.45302
383 1.353782892E+07 2.33842 3.72714 4.53864 13.60843 3.45287
384 1.353786179E+07 2.34376 3.72392 4.53642 13.60841 3.45273
385 1.353789549E+07 2.34932 3.72054 4.53406 13.60840 3.45258
386 1.353793013E+07 2.35507 3.71705 4.53157 13.60839 3.45244
387 1.353796551E+07 2.36072 3.71357 4.52897 13.60837 3.45230
388 1.353800074E+07 2.36651 3.71001 4.52629 13.60836 3.45217
389 1.353803721E+07 2.37282 3.70615 4.52347 13.60834 3.45203
390 1.353807657E+07 2.37965 3.70198 4.52046 13.60833 3.45186
391 1.353811836E+07 2.38652 3.69770 4.51707 13.60831 3.45169
392 1.353815949E+07 2.39367 3.69325 4.51357 13.60830 3.45153
393 1.353820280E+07 2.40148 3.68838 4.50970 13.60828 3.45137
394 1.353824666E+07 2.40895 3.68362 4.50561 13.60826 3.45122
395 1.353828694E+07 2.41552 3.67936 4.50172 13.60824 3.45108
396 1.353832422E+07 2.42155 3.67543 4.49805 13.60823 3.45096
397 1.353835988E+07 2.42665 3.67196 4.49437 13.60822 3.45084
398 1.353839336E+07 2.43143 3.66866 4.49077 13.60820 3.45073
399 1.353842690E+07 2.43647 3.66520 4.48700 13.60819 3.45063
400 1.353846075E+07 2.44137 3.66177 4.48307 13.60818 3.45052
401 1.353849434E+07 2.44595 3.65847 4.47904 13.60816 3.45041
402 1.353852765E+07 2.45035 3.65528 4.47506 13.60815 3.45031
403 1.353856103E+07 2.45438 3.65222 4.47088 13.60814 3.45020
404 1.353859401E+07 2.45776 3.64946 4.46660 13.60812 3.45009
405 1.353862631E+07 2.46036 3.64708 4.46229 13.60811 3.44998
406 1.353865788E+07 2.46232 3.64502 4.45796 13.60810 3.44987
407 1.353868887E+07 2.46393 3.64313 4.45361 13.60809 3.44976
408 1.353871963E+07 2.46543 3.64127 4.44918 13.60807 3.44965
409 1.353875039E+07 2.46687 3.63942 4.44466 13.60806 3.44954
410 1.353878119E+07 2.46820 3.63761 4.44007 13.60805 3.44942
411 1.353881205E+07 2.46943 3.63583 4.43543 13.60804 3.44931
412 1.353884299E+07 2.47063 3.63406 4.43073 13.60803 3.44920
413 1.353887408E+07 2.47183 3.63228 4.42603 13.60802 3.44908
414 1.353890540E+07 2.47298 3.63055 4.42142 13.60801 3.44897
415 1.353893704E+07 2.47406 3.62892 4.41705 13.60800 3.44885
416 1.353896917E+07 2.47511 3.62742 4.41313 13.60798 3.44872
417 1.353900210E+07 2.47701 3.62613 4.41179 13.60797 3.44860
418 1.353903878E+07 2.47879 3.62489 4.41037 13.60796 3.44846
419 1.353907660E+07 2.48003 3.62370 4.40810 13.60795 3.44832
420 1.353911411E+07 2.48088 3.62259 4.40536 13.60793 3.44817
421 1.353915121E+07 2.48153 3.62154 4.40246 13.60792 3.44803
422 1.353918793E+07 2.48231 3.62053 4.39998 13.60791 3.44788
423 1.353922467E+07 2.48290 3.61956 4.39730 13.60790 3.44774
424 1.353926093E+07 2.48332 3.61865 4.39449 13.60788 3.44760
425 1.353929665E+07 2.48368 3.61779 4.39175 13.60787 3.44746
426 1.353933192E+07 2.48428 3.61694 4.38955 13.60786 3.44732
427 1.353936711E+07 2.48478 3.61612 4.38727 13.60785 3.44718
428 1.353940178E+07 2.48519 3.61533 4.38495 13.60784 3.44705
429 1.353943589E+07 2.48576 3.61456 4.38300 13.60782 3.44691
430 1.353946971E+07 2.48649 3.61379 4.38140 13.60781 3.44678
431 1.353950327E+07 2.48720 3.61304 4.37980 13.60780 3.44665
432 1.353953633E+07 2.48792 3.61231 4.37830 13.60779 3.44652
433 1.353956890E+07 2.48901 3.61156 4.37749 13.60778 3.44639
434 1.353960142E+07 2.49012 3.61082 4.37675 13.60777 3.44627
435 1.353963348E+07 2.49124 3.61009 4.37607 13.60776 3.44614
436 1.353966507E+07 2.49279 3.60933 4.37615 13.60775 3.44602
437 1.353969665E+07 2.49442 3.60857 4.37637 13.60774 3.44589
438 1.353972786E+07 2.49611 3.60782 4.37673 13.60773 3.44577
439 1.353975865E+07 2.49825 3.60703 4.37785 13.60772 3.44565
440 1.353978948E+07 2.50051 3.60622 4.37915 13.60771 3.44553
441 1.353981997E+07 2.50299 3.60540 4.38083 13.60770 3.44542
442 1.353985028E+07 2.50585 3.60455 4.38313 13.60769 3.44530
443 1.353988053E+07 2.50884 3.60368 4.38563 13.60767 3.44518
444 1.353991049E+07 2.51231 3.60277 4.38891 13.60766 3.44507
445 1.353994053E+07 2.51601 3.60183 4.39257 13.60765 3.44495
446 1.353997040E+07 2.52007 3.60086 4.39682 13.60764 3.44483
447 1.354000026E+07 2.52452 3.59985 4.40168 13.60763 3.44471
448 1.354003012E+07 2.52929 3.59881 4.40707 13.60762 3.44460
449 1.354005997E+07 2.53454 3.59772 4.41322 13.60761 3.44448
450 1.354008994E+07 2.54012 3.59660 4.41990 13.60760 3.44437
451 1.354011984E+07 2.54620 3.59544 4.42739 13.60758 3.44425
452 1.354014953E+07 2.55252 3.59426 4.43530 13.60757 3.44414
453 1.354017886E+07 2.55924 3.59304 4.44390 13.60756 3.44403
454 1.354020734E+07 2.56598 3.59185 4.45262 13.60755 3.44393
455 1.354023520E+07 2.57300 3.59065 4.46184 13.60753 3.44383
456 1.354026214E+07 2.57987 3.58949 4.47093 13.60752 3.44375
457 1.354028882E+07 2.58707 3.58830 4.48058 13.60751 3.44370
458 1.354031478E+07 2.59411 3.58715 4.49007 13.60750 3.44366
459 1.354034068E+07 2.60130 3.58600 4.49985 13.60748 3.44363
460 1.354036631E+07 2.60849 3.58486 4.50968 13.60747 3.44361
461 1.354039187E+07 2.61560 3.58375 4.51943 13.60746 3.44358
462 1.354041764E+07 2.62290 3.58262 4.52952 13.60744 3.44357
463 1.354044331E+07 2.63003 3.58153 4.53941 13.60743 3.44355
464 1.354046942E+07 2.63714 3.58044 4.54929 13.60741 3.44352
465 1.354049605E+07 2.64434 3.57935 4.55934 13.60740 3.44348
466 1.354052309E+07 2.65140 3.57829 4.56920 13.60738 3.44343
467 1.354055099E+07 2.65839 3.57724 4.57900 13.60736 3.44337
468 1.354057991E+07 2.66545 3.57620 4.58892 13.60734 3.44329
469 1.354060976E+07 2.67233 3.57518 4.59861 13.60733 3.44320
470 1.354064106E+07 2.67910 3.57417 4.60814 13.60730 3.44311
471 1.354067413E+07 2.68591 3.57317 4.61775 13.60728 3.44302
472 1.354070889E+07 2.69253 3.57220 4.62711 13.60726 3.44292
473 1.354074602E+07 2.69901 3.57125 4.63627 13.60723 3.44282
474 1.354078604E+07 2.70542 3.57032 4.64536 13.60720 3.44272
475 1.354082917E+07 2.71169 3.56940 4.65424 13.60717 3.44261
476 1.354087611E+07 2.71775 3.56852 4.66283 13.60713 3.44250
477 1.354092782E+07 2.72368 3.56766 4.67126 13.60709 3.44238
478 1.354098497E+07 2.72944 3.56683 4.67944 13.60704 3.44225
479 1.354104876E+07 2.73496 3.56603 4.68730 13.60699 3.44212
480 1.354112087E+07 2.74031 3.56526 4.69491 13.60693 3.44198
481 1.354120274E+07 2.74542 3.56453 4.70219 13.60686 3.44184
482 1.354129680E+07 2.75025 3.56384 4.70908 13.60678 3.44168
483 1.354140640E+07 2.75485 3.56318 4.71565 13.60669 3.44150
484 1.354153454E+07 2.75913 3.56257 4.72177 13.60657 3.44132
485 1.354168696E+07 2.76309 3.56200 4.72743 13.60643 3.44111
486 1.354186895E+07 2.76675 3.56148 4.73267 13.60627 3.44089
487 1.354208735E+07 2.77006 3.56101 4.73741 13.60607 3.44084
488 1.354234824E+07 2.77307 3.56059 4.74173 13.60582 3.44085
489 1.354265575E+07 2.77587 3.56019 4.74573 13.60554 3.44086
490 1.354301086E+07 2.77845 3.55982 4.74944 13.60520 3.44087
491 1.354341356E+07 2.78089 3.55948 4.75293 13.60481 3.44090
492 1.354386490E+07 2.78320 3.55915 4.75623 13.60438 3.44092
493 1.354437237E+07 2.78538 3.55884 4.75936 13.60389 3.44095
494 1.354494327E+07 2.78747 3.55854 4.76235 13.60333 3.44099
495 1.354558664E+07 2.78948 3.55826 4.76522 13.60270 3.44104
496 1.354632077E+07 2.79141 3.55798 4.76799 13.60197 3.44110
497 1.354715927E+07 2.79330 3.55771 4.77069 13.60113 3.44117
498 1.354813361E+07 2.79509 3.55746 4.77326 13.60016 3.44125
499 1.354927745E+07 2.79675 3.55723 4.77565 13.59901 3.44137
500 1.355064021E+07 2.79824 3.55702 4.77779 13.59763 3.44152
501 1.355227552E+07 2.79947 3.55684 4.77957 13.59596 3.44174
502 1.355423789E+07 2.80043 3.55671 4.78095 13.59396 3.44210
503 1.355659274E+07 2.80109 3.55662 4.78190 13.59155 3.44273
504 1.355941856E+07 2.80142 3.55657 4.78237 13.58866 3.44385
505 1.356263518E+07 2.80132 3.55658 4.78222 13.58537 3.44622
506 1.356609535E+07 2.80080 3.55665 4.78146 13.58184 3.44995
507 1.356967729E+07 2.79995 3.55677 4.78022 13.57819 3.45578
508 1.357346658E+07 2.79879 3.55693 4.77854 13.57434 3.46322
509 1.357751285E+07 2.79734 3.55713 4.77646 13.57026 3.47351
510 1.358179027E+07 2.79564 3.55737 4.77399 13.56597 3.48475
511 1.358625020E+07 2.79373 3.55764 4.77126 13.56152 3.49665
512 1.359084970E+07 2.79171 3.55792 4.76835 13.55696 3.51023
513 1.359562298E+07 2.78959 3.55822 4.76530 13.55227 3.52428
514 1.360060448E+07 2.78737 3.55853 4.76211 13.54740 3.53860
515 1.360577123E+07 2.78505 3.55886 4.75879 13.54240 3.55305
516 1.361109845E+07 2.78262 3.55921 4.75531 13.53728 3.56751
517 1.361654830E+07 2.78009 3.55957 4.75169 13.53208 3.58185
518 1.362211005E+07 2.77744 3.55995 4.74790 13.52683 3.59601
519 1.362774736E+07 2.77469 3.56034 4.74398 13.52156 3.60987
520 1.363348515E+07 2.77186 3.56075 4.73995 13.51624 3.62351
521 1.363932110E+07 2.76897 3.56116 4.73583 13.51088 3.63689
522 1.364529029E+07 2.76601 3.56159 4.73163 13.50545 3.65010
523 1.365139345E+07 2.76298 3.56203 4.72734 13.49996 3.66314
524 1.365761736E+07 2.75989 3.56248 4.72297 13.49441 3.67596
525 1.366396384E+07 2.75674 3.56295 4.71851 13.48882 3.68862
526 1.367038397E+07 2.75352 3.56342 4.71398 13.48322 3.70095
527 1.367688923E+07 2.75025 3.56391 4.70938 13.47760 3.71299
528 1.368345433E+07 2.74693 3.56440 4.70472 13.47200 3.72470
529 1.369007568E+07 2.74357 3.56491 4.70002 13.46641 3.73608
530 1.369676435E+07 2.74018 3.56542 4.69529 13.46083 3.74716
531 1.370351377E+07 2.73677 3.56594 4.69054 13.45526 3.75795
532 1.371035494E+07 2.73335 3.56646 4.68580 13.44968 3.76850
533 1.371728350E+07 2.72994 3.56699 4.68108 13.44408 3.77880
534 1.372435303E+07 2.72654 3.56752 4.67639 13.43844 3.78895
535 1.373154251E+07 2.72314 3.56805 4.67173 13.43277 3.79891
536 1.373886663E+07 2.71976 3.56859 4.66710 13.42706 3.80871
537 1.374632602E+07 2.71639 3.56912 4.66252 13.42130 3.81835
538 1.375388221E+07 2.71306 3.56966 4.65800 13.41554 3.82778
539 1.376157511E+07 2.70975 3.57020 4.65354 13.40973 3.83706
540 1.376939151E+07 2.70649 3.57074 4.64917 13.40389 3.84617
541 1.377732148E+07 2.70328 3.57127 4.64488 13.39803 3.85511
542 1.378542736E+07 2.70011 3.57181 4.64068 13.39210 3.86394
543 1.379372930E+07 2.69701 3.57234 4.63661 13.38609 3.87269
544 1.380222009E+07 2.69398 3.57286 4.63265 13.38000 3.88134
545 1.381098491E+07 2.69101 3.57338 4.62880 13.37377 3.88999
546 1.382005389E+07 2.68811 3.57391 4.62508 13.36739 3.89865
547 1.382937124E+07 2.68528 3.57442 4.62150 13.36089 3.90727
548 1.383895053E+07 2.68254 3.57493 4.61806 13.35427 3.91585
549 1.384881552E+07 2.67989 3.57543 4.61476 13.34751 3.92442
550 1.385894969E+07 2.67733 3.57594 4.61165 13.34061 3.93291
551 1.386917283E+07 2.67490 3.57642 4.60874 13.33371 3.94111
552 1.387959882E+07 2.67258 3.57690 4.60599 13.32672 3.94920
553 1.389022988E+07 2.67036 3.57737 4.60344 13.31964 3.95716
554 1.390102714E+07 2.66828 3.57783 4.60111 13.31249 3.96498
555 1.391189663E+07 2.66634 3.57827 4.59899 13.30534 3.97260
556 1.392304575E+07 2.66451 3.57869 4.59705 13.29804 3.98015
557 1.393451727E+07 2.66280 3.57911 4.59531 13.29056 3.98766
558 1.394622590E+07 2.66122 3.57953 4.59379 13.28295 3.99507
559 1.395805203E+07 2.65976 3.57992 4.59245 13.27530 4.00232
560 1.397016621E+07 2.65841 3.58030 4.59129 13.26749 4.00951
561 1.398255465E+07 2.65716 3.58068 4.59030 13.25952 4.01662
562 1.399505301E+07 2.65602 3.58106 4.58952 13.25150 4.02356
563 1.400748963E+07 2.65498 3.58142 4.58888 13.24353 4.03026
564 1.402003431E+07 2.65403 3.58177 4.58838 13.23550 4.03681
565 1.403272425E+07 2.65316 3.58212 4.58804 13.22739 4.04324
566 1.404543060E+07 2.65238 3.58247 4.58788 13.21928 4.04949
567 1.405800802E+07 2.65169 3.58280 4.58784 13.21124 4.05551
568 1.407079925E+07 2.65108 3.58313 4.58791 13.20307 4.06148
569 1.408389702E+07 2.65054 3.58345 4.58811 13.19471 4.06743
570 1.409726603E+07 2.65008 3.58378 4.58851 13.18616 4.07337
571 1.411055795E+07 2.64968 3.58409 4.58899 13.17765 4.07914
572 1.412413923E+07 2.64935 3.58441 4.58956 13.16894 4.08492
573 1.413804277E+07 2.64908 3.58471 4.59023 13.16001 4.09074
574 1.415224425E+07 2.64886 3.58504 4.59112 13.15087 4.09658
575 1.416603076E+07 2.64868 3.58536 4.59204 13.14197 4.10218
576 1.417984435E+07 2.64853 3.58568 4.59303 13.13304 4.10774
577 1.419372367E+07 2.64842 3.58600 4.59409 13.12404 4.11331
578 1.420764786E+07 2.64835 3.58636 4.59536 13.11497 4.11861
579 1.422089224E+07 2.64828 3.58671 4.59665 13.10633 4.12316
580 1.423388173E+07 2.64824 3.58706 4.59797 13.09782 4.12751
581 1.424688868E+07 2.64821 3.58742 4.59935 13.08926 4.13178
582 1.425992755E+07 2.64822 3.58783 4.60099 13.08065 4.13596
583 1.427216273E+07 2.64822 3.58823 4.60262 13.07254 4.13982
584 1.428411725E+07 2.64822 3.58864 4.60426 13.06458 4.14353
585 1.429596839E+07 2.64825 3.58908 4.60604 13.05665 4.14715
586 1.430746363E+07 2.64830 3.58959 4.60821 13.04891 4.15064
587 1.431763199E+07 2.64834 3.59012 4.61041 13.04202 4.15370
588 1.432685290E+07 2.64838 3.59069 4.61276 13.03574 4.15647
589 1.433506460E+07 2.64855 3.59142 4.61601 13.03009 4.15894
590 1.434125176E+07 2.64873 3.59215 4.61931 13.02580 4.16081
591 1.434613544E+07 2.64905 3.59297 4.62321 13.02238 4.16229
592 1.434978839E+07 2.64948 3.59380 4.62740 13.01978 4.16341
593 1.435256998E+07 2.64994 3.59462 4.63160 13.01779 4.16427
594 1.435479887E+07 2.65057 3.59548 4.63630 13.01617 4.16496
595 1.435654996E+07 2.65115 3.59631 4.64077 13.01488 4.16551
596 1.435802158E+07 2.65180 3.59715 4.64545 13.01378 4.16598
597 1.435926251E+07 2.65249 3.59800 4.65023 13.01284 4.16638
598 1.436032394E+07 2.65310 3.59884 4.65482 13.01203 4.16672
599 1.436126447E+07 2.65378 3.59970 4.65960 13.01129 4.16702
600 1.436209377E+07 2.65444 3.60056 4.66435 13.01064 4.16729
601 1.436283511E+07 2.65499 3.60142 4.66891 13.01005 4.16754
602 1.436351310E+07 2.65552 3.60231 4.67353 13.00950 4.16777
603 1.436413198E+07 2.65599 3.60325 4.67823 13.00899 4.16798
604 1.436469589E+07 2.65625 3.60424 4.68268 13.00852 4.16817
605 1.436521996E+07 2.65635 3.60526 4.68699 13.00808 4.16836
606 1.436571019E+07 2.65646 3.60634 4.69151 13.00766 4.16853
607 1.436616104E+07 2.65641 3.60744 4.69580 13.00727 4.16869
608 1.436658040E+07 2.65621 3.60873 4.70058 13.00690 4.16885
609 1.436694941E+07 2.65549 3.61062 4.70669 13.00657 4.16899
610 1.436723801E+07 2.65360 3.61281 4.71169 13.00630 4.16908
611 1.436748091E+07 2.65061 3.61537 4.71595 13.00608 4.16911
612 1.436769217E+07 2.64684 3.61821 4.71975 13.00588 4.16907
613 1.436787897E+07 2.64243 3.62126 4.72313 13.00570 4.16899
614 1.436804600E+07 2.63735 3.62453 4.72608 13.00554 4.16888
615 1.436819534E+07 2.63187 3.62791 4.72862 13.00540 4.16873
616 1.436832954E+07 2.62636 3.63121 4.73079 13.00527 4.16859
617 1.436845303E+07 2.62089 3.63442 4.73269 13.00515 4.16845
618 1.436856789E+07 2.61567 3.63745 4.73439 13.00503 4.16833
619 1.436867665E+07 2.61068 3.64034 4.73597 13.00493 4.16822
620 1.436878003E+07 2.60544 3.64332 4.73741 13.00482 4.16812
621 1.436887641E+07 2.59916 3.64679 4.73869 13.00473 4.16801
622 1.436896519E+07 2.59248 3.65040 4.73979 13.00464 4.16790
623 1.436905102E+07 2.58575 3.65402 4.74082 13.00455 4.16782
624 1.436913532E+07 2.57861 3.65787 4.74193 13.00447 4.16775
625 1.436921704E+07 2.57084 3.66199 4.74290 13.00439 4.16771
626 1.436929597E+07 2.56330 3.66597 4.74373 13.00431 4.16770
627 1.436937486E+07 2.55649 3.66956 4.74448 13.00423 4.16772
628 1.436945511E+07 2.54952 3.67323 4.74519 13.00415 4.16776
629 1.436953545E+07 2.54145 3.67743 4.74587 13.00407 4.16782
630 1.436961794E+07 2.53301 3.68181 4.74651 13.00399 4.16790
631 1.436970716E+07 2.52421 3.68638 4.74716 13.00390 4.16801
632 1.436980526E+07 2.51359 3.69186 4.74786 13.00380 4.16812
633 1.436991910E+07 2.50103 3.69833 4.74864 13.00369 4.16823
634 1.437004741E+07 2.48805 3.70503 4.74946 13.00357 4.16817
635 1.437016467E+07 2.47547 3.71149 4.75013 13.00345 4.16786
636 1.437026988E+07 2.46415 3.71727 4.75064 13.00335 4.16744
637 1.437036003E+07 2.45482 3.72203 4.75099 13.00327 4.16705
638 1.437044092E+07 2.44637 3.72632 4.75125 13.00319 4.16669
639 1.437051950E+07 2.43803 3.73054 4.75147 13.00312 4.16634
640 1.437059720E+07 2.42985 3.73467 4.75164 13.00305 4.16602
641 1.437067421E+07 2.42185 3.73872 4.75180 13.00298 4.16574
642 1.437075032E+07 2.41383 3.74281 4.75212 13.00291 4.16547
643 1.437082268E+07 2.40604 3.74678 4.75242 13.00285 4.16525
644 1.437089194E+07 2.39863 3.75052 4.75258 13.00278 4.16507
645 1.437096074E+07 2.39138 3.75417 4.75269 13.00272 4.16492
646 1.437103043E+07 2.38412 3.75782 4.75276 13.00266 4.16480
647 1.437110201E+07 2.37674 3.76152 4.75281 13.00260 4.16470
648 1.437117552E+07 2.36927 3.76527 4.75285 13.00254 4.16461
649 1.437125066E+07 2.36172 3.76905 4.75290 13.00248 4.16454
650 1.437132654E+07 2.35408 3.77290 4.75298 13.00242 4.16448
651 1.437140112E+07 2.34647 3.77675 4.75319 13.00236 4.16443
652 1.437147272E+07 2.33916 3.78043 4.75327 13.00230 4.16440
653 1.437154403E+07 2.33201 3.78400 4.75328 13.00224 4.16439
654 1.437161581E+07 2.32499 3.78751 4.75327 13.00218 4.16439
655 1.437168830E+07 2.31806 3.79097 4.75323 13.00213 4.16440
656 1.437176144E+07 2.31119 3.79440 4.75321 13.00207 4.16442
657 1.437183421E+07 2.30439 3.79779 4.75319 13.00202 4.16446
658 1.437190561E+07 2.29790 3.80102 4.75312 13.00197 4.16450
659 1.437197764E+07 2.29130 3.80434 4.75319 13.00191 4.16454
660 1.437204635E+07 2.28499 3.80749 4.75316 13.00186 4.16460
661 1.437211444E+07 2.27881 3.81055 4.75308 13.00181 4.16427
662 1.437218281E+07 2.27270 3.81358 4.75297 13.00177 4.16373
663 1.437225097E+07 2.26660 3.81661 4.75288 13.00172 4.16323
664 1.437231767E+07 2.26070 3.81953 4.75276 13.00167 4.16279
665 1.437238430E+07 2.25498 3.82235 4.75260 13.00163 4.16240
666 1.437245206E+07 2.24930 3.82515 4.75244 13.00158 4.16206
667 1.437252044E+07 2.24345 3.82806 4.75239 13.00154 4.16171
668 1.437258545E+07 2.23789 3.83081 4.75224 13.00149 4.16143
669 1.437265057E+07 2.23237 3.83352 4.75207 13.00145 4.16119
670 1.437271563E+07 2.22684 3.83624 4.75189 13.00141 4.16097
671 1.437277962E+07 2.22153 3.83884 4.75166 13.00137 4.16079
672 1.437284505E+07 2.21628 3.84140 4.75141 13.00133 4.16065
673 1.437291224E+07 2.21106 3.84394 4.75113 13.00129 4.16053
674 1.437298129E+07 2.20571 3.84656 4.75091 13.00125 4.16043
675 1.437304947E+07 2.20031 3.84921 4.75071 13.00120 4.16035
676 1.437311597E+07 2.19500 3.85181 4.75046 13.00117 4.16029
677 1.437318218E+07 2.18977 3.85435 4.75017 13.00113 4.16025
678 1.437324985E+07 2.18460 3.85685 4.74984 13.00109 4.16023
679 1.437332053E+07 2.17937 3.85937 4.74948 13.00105 4.16023
680 1.437339457E+07 2.17407 3.86193 4.74909 13.00101 4.16024
681 1.437347221E+07 2.16867 3.86452 4.74868 13.00096 4.16027
682 1.437355367E+07 2.16295 3.86729 4.74830 13.00092 4.16031
683 1.437363539E+07 2.15706 3.87014 4.74791 13.00088 4.16035
684 1.437371740E+07 2.15127 3.87291 4.74745 13.00083 4.16041
685 1.437380516E+07 2.14530 3.87577 4.74692 13.00079 4.16048
686 1.437390049E+07 2.13906 3.87875 4.74635 13.00074 4.16019
687 1.437400524E+07 2.13244 3.88190 4.74570 13.00069 4.15986
688 1.437412129E+07 2.12537 3.88525 4.74498 13.00063 4.15960
689 1.437425317E+07 2.11762 3.88892 4.74415 13.00057 4.15939
690 1.437440786E+07 2.10889 3.89304 4.74316 13.00049 4.15925
691 1.437459350E+07 2.09892 3.89772 4.74197 13.00041 4.15920
692 1.437481626E+07 2.08776 3.90294 4.74054 13.00031 4.15926
693 1.437508358E+07 2.07563 3.90859 4.73885 13.00020 4.15943
694 1.437540436E+07 2.06282 3.91451 4.73694 13.00007 4.15971
695 1.437578929E+07 2.04991 3.92046 4.73490 12.99992 4.16005
696 1.437620031E+07 2.03874 3.92559 4.73308 12.99976 4.16043
697 1.437664159E+07 2.02932 3.92993 4.73159 12.99960 4.16085
698 1.437715681E+07 2.02105 3.93377 4.73043 12.99942 4.16135
699 1.437777508E+07 2.01380 3.93722 4.72973 12.99920 4.16183
700 1.437851700E+07 2.00735 3.94041 4.72958 12.99895 4.16236
701 1.437940730E+07 2.00104 3.94366 4.72994 12.99864 4.16298
702 1.438047567E+07 1.99404 3.94734 4.73069 12.99829 4.16378
703 1.438175771E+07 1.98558 3.95182 4.73169 12.99787 4.16483
704 1.438302497E+07 1.97699 3.95635 4.73264 12.99747 4.16586
705 1.438422100E+07 1.96869 3.96071 4.73346 12.99709 4.16661
706 1.438535916E+07 1.96051 3.96498 4.73418 12.99674 4.16733
707 1.438644026E+07 1.95280 3.96899 4.73478 12.99641 4.16799
708 1.438750757E+07 1.94530 3.97286 4.73530 12.99609 4.16863
709 1.438857437E+07 1.93798 3.97664 4.73576 12.99578 4.16926
710 1.438964966E+07 1.93082 3.98031 4.73615 12.99547 4.16989
711 1.439074577E+07 1.92383 3.98390 4.73649 12.99517 4.17055
712 1.439187605E+07 1.91698 3.98740 4.73680 12.99485 4.17124
713 1.439305368E+07 1.91025 3.99084 4.73708 12.99453 4.17199
714 1.439429163E+07 1.90349 3.99428 4.73736 12.99420 4.17279
715 1.439557850E+07 1.89685 3.99767 4.73763 12.99386 4.17364
716 1.439692841E+07 1.89039 4.00097 4.73789 12.99351 4.17457
717 1.439837392E+07 1.88400 4.00423 4.73817 12.99315 4.17558
718 1.439992754E+07 1.87766 4.00748 4.73847 12.99276 4.17667
719 1.440159778E+07 1.87137 4.01070 4.73876 12.99236 4.17782
720 1.440339576E+07 1.86514 4.01388 4.73906 12.99194 4.17906
721 1.440533884E+07 1.85901 4.01702 4.73934 12.99150 4.18041
722 1.440745470E+07 1.85299 4.02010 4.73961 12.99102 4.18188
723 1.440978522E+07 1.84702 4.02314 4.73986 12.99051 4.18352
724 1.441235331E+07 1.84121 4.02611 4.74009 12.98996 4.18533
725 1.441522796E+07 1.83570 4.02892 4.74032 12.98935 4.18736
726 1.441856618E+07 1.83044 4.03161 4.74055 12.98865 4.18971
727 1.442255032E+07 1.82552 4.03413 4.74079 12.98783 4.19249
728 1.442733130E+07 1.82111 4.03640 4.74106 12.98685 4.19580
729 1.443306847E+07 1.81739 4.03833 4.74136 12.98569 4.19972
730 1.443995308E+07 1.81447 4.03988 4.74172 12.98430 4.20369
731 1.444821460E+07 1.81237 4.04104 4.74215 12.98264 4.20796
732 1.445812844E+07 1.81108 4.04181 4.74265 12.98064 4.21295
733 1.447002504E+07 1.81078 4.04210 4.74320 12.97825 4.21879
734 1.448430096E+07 1.81176 4.04176 4.74379 12.97536 4.22562
735 1.450143206E+07 1.81443 4.04058 4.74442 12.97187 4.23361
736 1.452198938E+07 1.81931 4.03830 4.74507 12.96762 4.24294
737 1.454330482E+07 1.82593 4.03514 4.74565 12.96313 4.25236
738 1.456139663E+07 1.83265 4.03188 4.74606 12.95924 4.26019
739 1.457727393E+07 1.83943 4.02857 4.74635 12.95576 4.26695
740 1.459151360E+07 1.84626 4.02520 4.74657 12.95257 4.27290
741 1.460447324E+07 1.85316 4.02179 4.74671 12.94959 4.27824
742 1.461637462E+07 1.86013 4.01832 4.74679 12.94679 4.28307
743 1.462736732E+07 1.86701 4.01489 4.74683 12.94414 4.28748
744 1.463776428E+07 1.87394 4.01143 4.74683 12.94156 4.29160
745 1.464762680E+07 1.88101 4.00788 4.74679 12.93905 4.29545
746 1.465687751E+07 1.88817 4.00428 4.74671 12.93662 4.29903
747 1.466555277E+07 1.89537 4.00066 4.74660 12.93427 4.30234
748 1.467371304E+07 1.90261 3.99700 4.74647 12.93201 4.30542
749 1.468142098E+07 1.90990 3.99332 4.74630 12.92984 4.30831
750 1.468872014E+07 1.91725 3.98959 4.74612 12.92774 4.31101
751 1.469564113E+07 1.92467 3.98583 4.74591 12.92572 4.31356
752 1.470221916E+07 1.93198 3.98212 4.74570 12.92376 4.31596
753 1.470862302E+07 1.93933 3.97839 4.74547 12.92182 4.31828
754 1.471488943E+07 1.94688 3.97456 4.74522 12.91988 4.32054
755 1.472094085E+07 1.95453 3.97066 4.74495 12.91797 4.32270
756 1.472679208E+07 1.96228 3.96672 4.74467 12.91609 4.32479
757 1.473246206E+07 1.97016 3.96270 4.74436 12.91423 4.32679
758 1.473797374E+07 1.97816 3.95862 4.74405 12.91239 4.32873
759 1.474335373E+07 1.98634 3.95445 4.74371 12.91055 4.33062
760 1.474861830E+07 1.99473 3.95017 4.74336 12.90872 4.33245
761 1.475378185E+07 2.00324 3.94582 4.74300 12.90688 4.33424
762 1.475892879E+07 2.01184 3.94142 4.74262 12.90501 4.33602
763 1.476417084E+07 2.02092 3.93679 4.74223 12.90306 4.33782
764 1.476943975E+07 2.03034 3.93197 4.74181 12.90106 4.33962
765 1.477478850E+07 2.04019 3.92694 4.74138 12.89897 4.34143
766 1.478030851E+07 2.05056 3.92164 4.74094 12.89677 4.34329
767 1.478613466E+07 2.06164 3.91599 4.74047 12.89437 4.34523
768 1.479246897E+07 2.07362 3.90988 4.74000 12.89169 4.34733
769 1.479960993E+07 2.08678 3.90318 4.73951 12.88857 4.34966
770 1.480647324E+07 2.09892 3.89700 4.73910 12.88549 4.35191
771 1.481203744E+07 2.10836 3.89221 4.73880 12.88293 4.35376
772 1.481664934E+07 2.11591 3.88838 4.73858 12.88076 4.35534
773 1.482073461E+07 2.12250 3.88503 4.73836 12.87882 4.35678
774 1.482443795E+07 2.12871 3.88184 4.73804 12.87703 4.35803
775 1.482769493E+07 2.13479 3.87869 4.73759 12.87544 4.35911
776 1.483043662E+07 2.14030 3.87581 4.73709 12.87408 4.36006
777 1.483283613E+07 2.14580 3.87291 4.73651 12.87288 4.36095
778 1.483486714E+07 2.15113 3.87010 4.73589 12.87185 4.36182
779 1.483659316E+07 2.15632 3.86734 4.73525 12.87096 4.36270
780 1.483806858E+07 2.16138 3.86465 4.73460 12.87020 4.36324
781 1.483934071E+07 2.16632 3.86201 4.73394 12.86954 4.36284
782 1.484045336E+07 2.17121 3.85941 4.73328 12.86895 4.36236
783 1.484144257E+07 2.17587 3.85691 4.73261 12.86842 4.36188
784 1.484235298E+07 2.18024 3.85456 4.73194 12.86794 4.36144
785 1.484323447E+07 2.18487 3.85206 4.73122 12.86746 4.36097
786 1.484403783E+07 2.18952 3.84955 4.73050 12.86702 4.36051
787 1.484477013E+07 2.19418 3.84704 4.72977 12.86662 4.36007
788 1.484544030E+07 2.19887 3.84452 4.72906 12.86625 4.35967
789 1.484605615E+07 2.20359 3.84198 4.72834 12.86591 4.35931
790 1.484662419E+07 2.20831 3.83944 4.72763 12.86559 4.35900
791 1.484715371E+07 2.21255 3.83716 4.72697 12.86528 4.35880
792 1.484770294E+07 2.21714 3.83467 4.72622 12.86497 4.35864
793 1.484823207E+07 2.22191 3.83210 4.72545 12.86467 4.35855
794 1.484873125E+07 2.22676 3.82948 4.72467 12.86438 4.35853
795 1.484920161E+07 2.23169 3.82682 4.72389 12.86410 4.35860
796 1.484964463E+07 2.23672 3.82411 4.72312 12.86384 4.35876
797 1.485006195E+07 2.24180 3.82138 4.72235 12.86359 4.35902
798 1.485045765E+07 2.24671 3.81873 4.72160 12.86335 4.35886
799 1.485085032E+07 2.25146 3.81617 4.72087 12.86311 4.35838
800 1.485125974E+07 2.25669 3.81335 4.72003 12.86286 4.35788
801 1.485165507E+07 2.26205 3.81046 4.71918 12.86262 4.35738
802 1.485203380E+07 2.26752 3.80751 4.71832 12.86239 4.35692
803 1.485239593E+07 2.27307 3.80452 4.71745 12.86216 4.35648
804 1.485274173E+07 2.27872 3.80148 4.71658 12.86194 4.35607
805 1.485307251E+07 2.28427 3.79848 4.71572 12.86173 4.35571
806 1.485340004E+07 2.28999 3.79540 4.71484 12.86152 4.35539
807 1.485372204E+07 2.29555 3.79242 4.71400 12.86131 4.35513
808 1.485405483E+07 2.30156 3.78917 4.71304 12.86109 4.35488
809 1.485437790E+07 2.30774 3.78584 4.71207 12.86088 4.35469
810 1.485468888E+07 2.31405 3.78243 4.71107 12.86067 4.35455
811 1.485498767E+07 2.32049 3.77896 4.71007 12.86047 4.35446
812 1.485527463E+07 2.32697 3.77547 4.70906 12.86028 4.35443
813 1.485555311E+07 2.33339 3.77201 4.70806 12.86009 4.35446
814 1.485582972E+07 2.34002 3.76843 4.70702 12.85990 4.35455
815 1.485609869E+07 2.34651 3.76494 4.70601 12.85972 4.35471
816 1.485636868E+07 2.35312 3.76136 4.70495 12.85953 4.35484
817 1.485663305E+07 2.35983 3.75773 4.70383 12.85934 4.35442
818 1.485688606E+07 2.36649 3.75412 4.70269 12.85916 4.35402
819 1.485712852E+07 2.37313 3.75051 4.70154 12.85899 4.35363
820 1.485735884E+07 2.37968 3.74695 4.70041 12.85882 4.35326
821 1.485758330E+07 2.38621 3.74340 4.69928 12.85866 4.35292
822 1.485780763E+07 2.39297 3.73972 4.69808 12.85850 4.35260
823 1.485802819E+07 2.39987 3.73596 4.69683 12.85834 4.35230
824 1.485824475E+07 2.40673 3.73223 4.69561 12.85818 4.35203
825 1.485846364E+07 2.41376 3.72839 4.69433 12.85802 4.35181
826 1.485868312E+07 2.42095 3.72444 4.69292 12.85786 4.35162
827 1.485889882E+07 2.42802 3.72054 4.69146 12.85769 4.35147
828 1.485910920E+07 2.43531 3.71652 4.68994 12.85754 4.35137
829 1.485932187E+07 2.44320 3.71217 4.68832 12.85738 4.35129
830 1.485954591E+07 2.45179 3.70743 4.68654 12.85721 4.35126
831 1.485978572E+07 2.46067 3.70248 4.68451 12.85703 4.35127
832 1.486002555E+07 2.47066 3.69693 4.68231 12.85684 4.35133
833 1.486028530E+07 2.48253 3.69036 4.67973 12.85665 4.35144
834 1.486054560E+07 2.49407 3.68388 4.67691 12.85645 4.35149
835 1.486076022E+07 2.50438 3.67810 4.67440 12.85628 4.35147
836 1.486094800E+07 2.51307 3.67317 4.67206 12.85614 4.35145
837 1.486111167E+07 2.51968 3.66932 4.66987 12.85601 4.35144
838 1.486126109E+07 2.52666 3.66529 4.66772 12.85590 4.35141
839 1.486140573E+07 2.53387 3.66113 4.66549 12.85579 4.35137
840 1.486154262E+07 2.54036 3.65732 4.66327 12.85569 4.35135
841 1.486167604E+07 2.54681 3.65356 4.66108 12.85558 4.35133
842 1.486180650E+07 2.55325 3.64978 4.65885 12.85549 4.35131
843 1.486193450E+07 2.55909 3.64627 4.65651 12.85539 4.35130
844 1.486206146E+07 2.56382 3.64330 4.65406 12.85529 4.35131
845 1.486218898E+07 2.56777 3.64067 4.65147 12.85520 4.35133
846 1.486231819E+07 2.57160 3.63806 4.64868 12.85510 4.35135
847 1.486244770E+07 2.57543 3.63540 4.64572 12.85501 4.35138
848 1.486257678E+07 2.57934 3.63267 4.64263 12.85492 4.35140
849 1.486270555E+07 2.58319 3.62994 4.63937 12.85482 4.35142
850 1.486283441E+07 2.58677 3.62729 4.63591 12.85473 4.35145
851 1.486296416E+07 2.59015 3.62467 4.63221 12.85464 4.35148
852 1.486309379E+07 2.59341 3.62206 4.62828 12.85455 4.35151
853 1.486322275E+07 2.59643 3.61952 4.62416 12.85446 4.35154
854 1.486335128E+07 2.59897 3.61719 4.61992 12.85437 4.35158
855 1.486348025E+07 2.60096 3.61517 4.61583 12.85428 4.35162
856 1.486361107E+07 2.60242 3.61344 4.61184 12.85419 4.35167
857 1.486374453E+07 2.60381 3.61209 4.60921 12.85410 4.35171
858 1.486388981E+07 2.60495 3.61096 4.60697 12.85401 4.35173
859 1.486404740E+07 2.60540 3.60990 4.60363 12.85390 4.35174
860 1.486420653E+07 2.60548 3.60891 4.59985 12.85380 4.35174
861 1.486436452E+07 2.60546 3.60800 4.59614 12.85370 4.35174
862 1.486452103E+07 2.60511 3.60715 4.59206 12.85360 4.35173
863 1.486467316E+07 2.60458 3.60635 4.58782 12.85350 4.35171
864 1.486482045E+07 2.60417 3.60559 4.58393 12.85341 4.35169
865 1.486496514E+07 2.60374 3.60484 4.58008 12.85332 4.35168
866 1.486510638E+07 2.60323 3.60410 4.57611 12.85324 4.35165
867 1.486524331E+07 2.60285 3.60337 4.57242 12.85316 4.35163
868 1.486537745E+07 2.60269 3.60262 4.56909 12.85307 4.35161
869 1.486550971E+07 2.60248 3.60187 4.56568 12.85300 4.35158
870 1.486563856E+07 2.60247 3.60111 4.56261 12.85292 4.35155
871 1.486576539E+07 2.60273 3.60033 4.56001 12.85285 4.35153
872 1.486589068E+07 2.60300 3.59955 4.55743 12.85277 4.35150
873 1.486601357E+07 2.60357 3.59875 4.55537 12.85270 4.35148
874 1.486613528E+07 2.60438 3.59793 4.55375 12.85263 4.35146
875 1.486625610E+07 2.60524 3.59712 4.55221 12.85256 4.35143
876 1.486637543E+07 2.60660 3.59627 4.55152 12.85250 4.35141
877 1.486649510E+07 2.60809 3.59541 4.55106 12.85243 4.35139
878 1.486661442E+07 2.60980 3.59453 4.55098 12.85236 4.35138
879 1.486673387E+07 2.61199 3.59361 4.55168 12.85229 4.35136
880 1.486685476E+07 2.61429 3.59268 4.55256 12.85222 4.35135
881 1.486697631E+07 2.61711 3.59171 4.55430 12.85215 4.35134
882 1.486710067E+07 2.62018 3.59071 4.55643 12.85208 4.35134
883 1.486722749E+07 2.62355 3.58968 4.55908 12.85200 4.35134
884 1.486735771E+07 2.62740 3.58862 4.56250 12.85193 4.35135
885 1.486749302E+07 2.63139 3.58754 4.56617 12.85184 4.35137
886 1.486763305E+07 2.63597 3.58641 4.57083 12.85176 4.35140
887 1.486778181E+07 2.64071 3.58528 4.57577 12.85167 4.35144
888 1.486793895E+07 2.64579 3.58412 4.58130 12.85157 4.35147
889 1.486810737E+07 2.65116 3.58294 4.58733 12.85146 4.35150
890 1.486828997E+07 2.65657 3.58178 4.59351 12.85134 4.35154
891 1.486848952E+07 2.66235 3.58061 4.60036 12.85121 4.35157
892 1.486871201E+07 2.66800 3.57947 4.60712 12.85106 4.35161
893 1.486896492E+07 2.67366 3.57836 4.61399 12.85089 4.35165
894 1.486925851E+07 2.67928 3.57728 4.62093 12.85068 4.35170
895 1.486961013E+07 2.68456 3.57628 4.62750 12.85043 4.35175
896 1.487003206E+07 2.68937 3.57539 4.63352 12.85013 4.35182
897 1.487053838E+07 2.69353 3.57463 4.63881 12.84976 4.35189
898 1.487114596E+07 2.69676 3.57404 4.64293 12.84931 4.35198
899 1.487187507E+07 2.69909 3.57362 4.64591 12.84877 4.35209
900 1.487274999E+07 2.70061 3.57335 4.64787 12.84812 4.35222
901 1.487379989E+07 2.70151 3.57319 4.64903 12.84734 4.35238
902 1.487505978E+07 2.70197 3.57311 4.64963 12.84639 4.35258
903 1.487657164E+07 2.70217 3.57308 4.64990 12.84526 4.35283
904 1.487838588E+07 2.70225 3.57306 4.65001 12.84390 4.35312
905 1.488056297E+07 2.70230 3.57306 4.65007 12.84227 4.35348
906 1.488317547E+07 2.70236 3.57305 4.65014 12.84031 4.35392
907 1.488631047E+07 2.70245 3.57303 4.65025 12.83795 4.35445
908 1.489007247E+07 2.70261 3.57299 4.65043 12.83513 4.35509
909 1.489458688E+07 2.70284 3.57294 4.65070 12.83174 4.35587
910 1.490000416E+07 2.70319 3.57287 4.65110 12.82767 4.35682
911 1.490650490E+07 2.70369 3.57276 4.65166 12.82277 4.35797
912 1.491430579E+07 2.70438 3.57261 4.65245 12.81689 4.35938
913 1.492366685E+07 2.70534 3.57241 4.65355 12.80981 4.36112
914 1.493388354E+07 2.70655 3.57215 4.65494 12.80206 4.36312
915 1.494337527E+07 2.70782 3.57188 4.65640 12.79483 4.36501
916 1.495217685E+07 2.70914 3.57160 4.65794 12.78810 4.36686
917 1.496036438E+07 2.71054 3.57131 4.65958 12.78182 4.36801
918 1.496795137E+07 2.71201 3.57101 4.66132 12.77598 4.36889
919 1.497508509E+07 2.71356 3.57070 4.66316 12.77045 4.36968
920 1.498173247E+07 2.71517 3.57038 4.66509 12.76528 4.37041
921 1.498790304E+07 2.71684 3.57005 4.66710 12.76046 4.37109
922 1.499361823E+07 2.71856 3.56971 4.66919 12.75598 4.37174
923 1.499890083E+07 2.72033 3.56936 4.67136 12.75181 4.37237
924 1.500376665E+07 2.72214 3.56902 4.67359 12.74795 4.37300
925 1.500823389E+07 2.72400 3.56866 4.67590 12.74438 4.37365
926 1.501231644E+07 2.72592 3.56830 4.67828 12.74111 4.37432
927 1.501602877E+07 2.72788 3.56793 4.68073 12.73811 4.37503
928 1.501938515E+07 2.72988 3.56756 4.68326 12.73538 4.37580
929 1.502240187E+07 2.73194 3.56718 4.68586 12.73292 4.37609
930 1.502509877E+07 2.73405 3.56680 4.68854 12.73070 4.37617
931 1.502751441E+07 2.73620 3.56641 4.69130 12.72870 4.37621
932 1.502965302E+07 2.73841 3.56602 4.69412 12.72692 4.37623
933 1.503153023E+07 2.74064 3.56562 4.69699 12.72535 4.37623
934 1.503316784E+07 2.74291 3.56521 4.69991 12.72397 4.37623
935 1.503458723E+07 2.74519 3.56481 4.70286 12.72276 4.37624
936 1.503581015E+07 2.74749 3.56441 4.70584 12.72171 4.37628
937 1.503685822E+07 2.74978 3.56400 4.70882 12.72081 4.37636
938 1.503775200E+07 2.75207 3.56360 4.71179 12.72003 4.37650
939 1.503851426E+07 2.75434 3.56321 4.71475 12.71937 4.37662
940 1.503916325E+07 2.75658 3.56282 4.71766 12.71880 4.37629
941 1.503971354E+07 2.75876 3.56244 4.72051 12.71831 4.37595
942 1.504018038E+07 2.76089 3.56206 4.72328 12.71789 4.37563
943 1.504057293E+07 2.76295 3.56170 4.72595 12.71754 4.37534
944 1.504090009E+07 2.76490 3.56136 4.72848 12.71725 4.37511
945 1.504116999E+07 2.76672 3.56104 4.73082 12.71700 4.37496
946 1.504139325E+07 2.76842 3.56073 4.73301 12.71680 4.37492
947 1.504158425E+07 2.77007 3.56044 4.73514 12.71662 4.37492
948 1.504177012E+07 2.77192 3.56011 4.73753 12.71645 4.37457
949 1.504195032E+07 2.77399 3.55975 4.74024 12.71629 4.37425
950 1.504212379E+07 2.77627 3.55936 4.74323 12.71613 4.37400
951 1.504229059E+07 2.77872 3.55895 4.74647 12.71597 4.37381
952 1.504245173E+07 2.78134 3.55850 4.74994 12.71582 4.37368
953 1.504260872E+07 2.78407 3.55804 4.75357 12.71567 4.37362
954 1.504276279E+07 2.78688 3.55758 4.75730 12.71552 4.37360
955 1.504291487E+07 2.78974 3.55710 4.76111 12.71537 4.37365
956 1.504306575E+07 2.79266 3.55661 4.76501 12.71522 4.37359
957 1.504321614E+07 2.79560 3.55612 4.76892 12.71507 4.37341
958 1.504336691E+07 2.79853 3.55564 4.77284 12.71492 4.37325
959 1.504351846E+07 2.80148 3.55514 4.77678 12.71477 4.37312
960 1.504367083E+07 2.80443 3.55465 4.78072 12.71462 4.37302
961 1.504382435E+07 2.80737 3.55416 4.78463 12.71446 4.37296
962 1.504397922E+07 2.81028 3.55368 4.78851 12.71430 4.37293
963 1.504413556E+07 2.81320 3.55319 4.79240 12.71414 4.37293
964 1.504429365E+07 2.81609 3.55270 4.79624 12.71397 4.37297
965 1.504445374E+07 2.81895 3.55222 4.80004 12.71380 4.37304
966 1.504461591E+07 2.82179 3.55175 4.80381 12.71363 4.37304
967 1.504478039E+07 2.82462 3.55127 4.80756 12.71345 4.37295
968 1.504494777E+07 2.82740 3.55081 4.81126 12.71327 4.37288
969 1.504511830E+07 2.83015 3.55034 4.81491 12.71309 4.37284
970 1.504529203E+07 2.83286 3.54989 4.81853 12.71289 4.37282
971 1.504546944E+07 2.83552 3.54944 4.82206 12.71270 4.37282
972 1.504565087E+07 2.83813 3.54901 4.82554 12.71249 4.37286
973 1.504583673E+07 2.84070 3.54858 4.82896 12.71228 4.37292
974 1.504602747E+07 2.84324 3.54816 4.83236 12.71207 4.37301
975 1.504622399E+07 2.84573 3.54775 4.83570 12.71184 4.37314
976 1.504642624E+07 2.84809 3.54736 4.83887 12.71161 4.37323
977 1.504663372E+07 2.85032 3.54699 4.84186 12.71137 4.37324
978 1.504684649E+07 2.85243 3.54665 4.84470 12.71112 4.37326
979 1.504706508E+07 2.85443 3.54632 4.84739 12.71086 4.37331
980 1.504728829E+07 2.85631 3.54602 4.84993 12.71060 4.37339
981 1.504751657E+07 2.85806 3.54573 4.85231 12.71033 4.37349
982 1.504775032E+07 2.85969 3.54547 4.85451 12.71005 4.37362
983 1.504799003E+07 2.86116 3.54524 4.85650 12.70976 4.37379
984 1.504823673E+07 2.86245 3.54503 4.85826 12.70947 4.37399
985 1.504849162E+07 2.86354 3.54485 4.85972 12.70916 4.37420
986 1.504875595E+07 2.86438 3.54471 4.86085 12.70884 4.37431
987 1.504903084E+07 2.86494 3.54462 4.86160 12.70851 4.37444
988 1.504931825E+07 2.86519 3.54457 4.86190 12.70816 4.37460
989 1.504961417E+07 2.86511 3.54457 4.86174 12.70780 4.37479
990 1.504991493E+07 2.86470 3.54462 4.86112 12.70744 4.37502
991 1.505021560E+07 2.86400 3.54471 4.86009 12.70707 4.37530
992 1.505051370E+07 2.86307 3.54484 4.85873 12.70671 4.37561
993 1.505080705E+07 2.86199 3.54499 4.85717 12.70636 4.37572
994 1.505109588E+07 2.86082 3.54515 4.85547 12.70602 4.37582
995 1.505138538E+07 2.85960 3.54532 4.85370 12.70567 4.37594
996 1.505167204E+07 2.85841 3.54548 4.85198 12.70533 4.37611
997 1.505195594E+07 2.85729 3.54563 4.85037 12.70500 4.37636
998 1.505223753E+07 2.85629 3.54577 4.84891 12.70467 4.37640
999 1.505251667E+07 2.85543 3.54589 4.84766 12.70434 4.37636
1000 1.505279880E+07 2.85474 3.54598 4.84665 12.70401 4.37637
1001 1.505308148E+07 2.85424 3.54605 4.84592 12.70368 4.37649
1002 1.505336077E+07 2.85397 3.54608 4.84551 12.70335 4.37652
1003 1.505363556E+07 2.85392 3.54608 4.84542 12.70303 4.37636
1004 1.505390994E+07 2.85410 3.54605 4.84566 12.70271 4.37629
1005 1.505418495E+07 2.85450 3.54599 4.84622 12.70239 4.37639
1006 1.505445495E+07 2.85510 3.54591 4.84707 12.70208 4.37623
1007 1.505471851E+07 2.85588 3.54579 4.84817 12.70177 4.37605
1008 1.505498216E+07 2.85683 3.54566 4.84953 12.70146 4.37601
1009 1.505524239E+07 2.85793 3.54550 4.85112 12.70115 4.37603
1010 1.505549631E+07 2.85914 3.54534 4.85286 12.70085 4.37578
1011 1.505574572E+07 2.86045 3.54515 4.85476 12.70055 4.37566
1012 1.505599557E+07 2.86187 3.54496 4.85682 12.70025 4.37572
1013 1.505624081E+07 2.86336 3.54475 4.85898 12.69996 4.37553
1014 1.505648067E+07 2.86489 3.54455 4.86120 12.69967 4.37535
1015 1.505672102E+07 2.86648 3.54433 4.86352 12.69937 4.37532
1016 1.505695899E+07 2.86810 3.54411 4.86589 12.69908 4.37530
1017 1.505719243E+07 2.86974 3.54389 4.86829 12.69880 4.37508
1018 1.505742339E+07 2.87139 3.54367 4.87071 12.69851 4.37499
1019 1.505765459E+07 2.87307 3.54345 4.87318 12.69822 4.37507
1020 1.505788225E+07 2.87474 3.54323 4.87564 12.69794 4.37486
1021 1.505810577E+07 2.87640 3.54301 4.87807 12.69766 4.37473
1022 1.505833053E+07 2.87807 3.54279 4.88054 12.69737 4.37473
1023 1.505855271E+07 2.87972 3.54257 4.88298 12.69709 4.37469
1024 1.505877107E+07 2.88135 3.54236 4.88539 12.69681 4.37452
1025 1.505898784E+07 2.88296 3.54215 4.88778 12.69653 4.37447
1026 1.505920385E+07 2.88457 3.54194 4.89016 12.69625 4.37457
1027 1.505941634E+07 2.88614 3.54174 4.89249 12.69597 4.37437
1028 1.505962503E+07 2.88768 3.54154 4.89478 12.69570 4.37428
1029 1.505983441E+07 2.88922 3.54135 4.89706 12.69542 4.37432
1030 1.506004049E+07 2.89072 3.54116 4.89930 12.69515 4.37426
1031 1.506024272E+07 2.89218 3.54097 4.90148 12.69488 4.37414
1032 1.506044329E+07 2.89362 3.54079 4.90364 12.69461 4.37412
1033 1.506064198E+07 2.89504 3.54061 4.90576 12.69435 4.37421
1034 1.506083689E+07 2.89642 3.54043 4.90783 12.69408 4.37405
1035 1.506102805E+07 2.89777 3.54026 4.90984 12.69382 4.37399
1036 1.506121843E+07 2.89910 3.54010 4.91184 12.69356 4.37404
1037 1.506140519E+07 2.90040 3.53994 4.91378 12.69331 4.37401
1038 1.506158800E+07 2.90166 3.53978 4.91567 12.69306 4.37391
1039 1.506176840E+07 2.90290 3.53962 4.91753 12.69281 4.37391
1040 1.506194617E+07 2.90410 3.53947 4.91934 12.69256 4.37402
1041 1.506212007E+07 2.90527 3.53933 4.92111 12.69232 4.37388
1042 1.506228999E+07 2.90641 3.53919 4.92282 12.69208 4.37383
1043 1.506245822E+07 2.90753 3.53905 4.92451 12.69184 4.37388
1044 1.506262272E+07 2.90862 3.53892 4.92614 12.69161 4.37390
1045 1.506278333E+07 2.90967 3.53879 4.92773 12.69138 4.37381
1046 1.506294079E+07 2.91069 3.53866 4.92928 12.69116 4.37380
1047 1.506309561E+07 2.91170 3.53854 4.93079 12.69094 4.37388
1048 1.506324655E+07 2.91266 3.53842 4.93225 12.69072 4.37384
1049 1.506339353E+07 2.91360 3.53831 4.93367 12.69051 4.37378
1050 1.506353759E+07 2.91451 3.53820 4.93505 12.69030 4.37380
1051 1.506367828E+07 2.91540 3.53809 4.93639 12.69009 4.37390
1052 1.506381507E+07 2.91625 3.53798 4.93769 12.68989 4.37383
1053 1.506394793E+07 2.91708 3.53788 4.93894 12.68970 4.37379
1054 1.506407804E+07 2.91788 3.53779 4.94015 12.68951 4.37382
1055 1.506420454E+07 2.91865 3.53769 4.94133 12.68932 4.37393
1056 1.506432725E+07 2.91940 3.53760 4.94246 12.68914 4.37385
1057 1.506444619E+07 2.92012 3.53752 4.94355 12.68897 4.37382
1058 1.506456239E+07 2.92082 3.53743 4.94461 12.68880 4.37385
1059 1.506467503E+07 2.92149 3.53735 4.94563 12.68863 4.37396
1060 1.506478412E+07 2.92214 3.53727 4.94662 12.68847 4.37390
1061 1.506488972E+07 2.92277 3.53720 4.94757 12.68831 4.37387
1062 1.506499258E+07 2.92337 3.53713 4.94849 12.68815 4.37390
1063 1.506509221E+07 2.92395 3.53706 4.94936 12.68801 4.37399
1064 1.506518855E+07 2.92450 3.53699 4.95020 12.68786 4.37399
1065 1.506528173E+07 2.92504 3.53692 4.95101 12.68772 4.37395
1066 1.506537210E+07 2.92555 3.53686 4.95179 12.68758 4.37396
1067 1.506545964E+07 2.92604 3.53680 4.95253 12.68745 4.37402
1068 1.506554425E+07 2.92652 3.53674 4.95325 12.68732 4.37411
1069 1.506562601E+07 2.92697 3.53669 4.95393 12.68720 4.37406
1070 1.506570509E+07 2.92740 3.53663 4.95458 12.68708 4.37404
1071 1.506578175E+07 2.92782 3.53658 4.95521 12.68696 4.37408
1072 1.506585574E+07 2.92823 3.53653 4.95581 12.68685 4.37416
1073 1.506592708E+07 2.92861 3.53648 4.95638 12.68674 4.37420
1074 1.506599579E+07 2.92897 3.53643 4.95692 12.68664 4.37416
1075 1.506606201E+07 2.92932 3.53639 4.95744 12.68653 4.37416
1076 1.506612583E+07 2.92966 3.53634 4.95793 12.68644 4.37420
1077 1.506618717E+07 2.92998 3.53630 4.95840 12.68634 4.37428
1078 1.506624610E+07 2.93030 3.53626 4.95886 12.68625 4.37433
1079 1.506630273E+07 2.93060 3.53621 4.95930 12.68616 4.37430
1080 1.506635716E+07 2.93089 3.53617 4.95971 12.68608 4.37429
1081 1.506640950E+07 2.93116 3.53613 4.96009 12.68600 4.37433
1082 1.506645975E+07 2.93142 3.53609 4.96045 12.68592 4.37439
1083 1.506650800E+07 2.93166 3.53605 4.96079 12.68585 4.37450
1084 1.506655433E+07 2.93190 3.53602 4.96110 12.68578 4.37446
1085 1.506659883E+07 2.93212 3.53598 4.96140 12.68571 4.37445
1086 1.506664169E+07 2.93233 3.53595 4.96168 12.68564 4.37446
1087 1.506668291E+07 2.93253 3.53591 4.96194 12.68558 4.37450
1088 1.506672260E+07 2.93272 3.53587 4.96219 12.68552 4.37457
1089 1.506676087E+07 2.93291 3.53584 4.96242 12.68546 4.37467
1090 1.506679784E+07 2.93309 3.53580 4.96263 12.68540 4.37464
1091 1.506683364E+07 2.93326 3.53577 4.96284 12.68534 4.37463
1092 1.506686843E+07 2.93343 3.53573 4.96303 12.68529 4.37464
1093 1.506690236E+07 2.93359 3.53570 4.96321 12.68524 4.37467
1094 1.506693553E+07 2.93377 3.53566 4.96342 12.68519 4.37474
1095 1.506696818E+07 2.93395 3.53562 4.96361 12.68513 4.37483
1096 1.506700062E+07 2.93411 3.53558 4.96378 12.68508 4.37484
1097 1.506703344E+07 2.93427 3.53554 4.96395 12.68503 4.37482
1098 1.506706758E+07 2.93442 3.53550 4.96411 12.68498 4.37482
1099 1.506710504E+07 2.93457 3.53547 4.96427 12.68492 4.37484
1100 1.506715000E+07 2.93472 3.53544 4.96444 12.68485 4.37487
1100 1.506714101E+07 2.93470 3.53544 4.96441 12.68487 4.37486
1101 1.506717697E+07 2.93480 3.53542 4.96454 12.68481 4.37490
1101 1.506716978E+07 2.93479 3.53542 4.96451 12.68482 4.37489
1101 1.506716403E+07 2.93477 3.53543 4.96449 12.68483 4.37488
1101 1.506715942E+07 2.93476 3.53543 4.96447 12.68484 4.37488
1102 1.506717784E+07 2.93481 3.53542 4.96454 12.68481 4.37490
1102 1.506717415E+07 2.93480 3.53542 4.96453 12.68481 4.37489
1102 1.506717121E+07 2.93479 3.53542 4.96452 12.68482 4.37489
1103 1.506718299E+07 2.93483 3.53542 4.96456 12.68480 4.37491
1104 1.506719478E+07 2.93486 3.53541 4.96460 12.68478 4.37492
1105 1.506720656E+07 2.93488 3.53541 4.96464 12.68476 4.37493
1106 1.506721835E+07 2.93491 3.53540 4.96467 12.68475 4.37494
1106 1.506721599E+07 2.93491 3.53540 4.96466 12.68475 4.37494
1106 1.506721410E+07 2.93490 3.53540 4.96466 12.68475 4.37493
1107 1.506722165E+07 2.93492 3.53540 4.96469 12.68474 4.37494
1108 1.506722919E+07 2.93494 3.53540 4.96471 12.68473 4.37495
1109 1.506723673E+07 2.93495 3.53540 4.96473 12.68472 4.37496
1110 1.506724427E+07 2.93497 3.53539 4.96476 12.68471 4.37497
1111 1.506725332E+07 2.93499 3.53539 4.96478 12.68469 4.37498
1112 1.506726418E+07 2.93502 3.53538 4.96481 12.68467 4.37499
1112 1.506726201E+07 2.93501 3.53538 4.96480 12.68468 4.37499
1113 1.506727070E+07 2.93503 3.53538 4.96483 12.68466 4.37500
1114 1.506727939E+07 2.93505 3.53538 4.96486 12.68465 4.37501
1115 1.506728808E+07 2.93507 3.53538 4.96489 12.68464 4.37502
1116 1.506729677E+07 2.93509 3.53537 4.96492 12.68462 4.37504
1117 1.506730719E+07 2.93512 3.53537 4.96495 12.68461 4.37506
1118 1.506731971E+07 2.93516 3.53536 4.96499 12.68459 4.37505
1119 1.506733472E+07 2.93522 3.53534 4.96505 12.68456 4.37504
1120 1.506735274E+07 2.93531 3.53532 4.96514 12.68454 4.37503
1121 1.506737436E+07 2.93544 3.53529 4.96526 12.68450 4.37502
1122 1.506740030E+07 2.93563 3.53523 4.96544 12.68446 4.37503
1123 1.506742051E+07 2.93581 3.53518 4.96558 12.68443 4.37506
1124 1.506743621E+07 2.93597 3.53512 4.96569 12.68441 4.37511
1125 1.506744880E+07 2.93612 3.53507 4.96577 12.68439 4.37518
1126 1.506745928E+07 2.93625 3.53503 4.96584 12.68437 4.37526
1127 1.506746851E+07 2.93637 3.53498 4.96589 12.68436 4.37524
1128 1.506747690E+07 2.93649 3.53493 4.96595 12.68434 4.37523
1129 1.506748471E+07 2.93664 3.53488 4.96604 12.68433 4.37523
1130 1.506749209E+07 2.93678 3.53483 4.96612 12.68432 4.37524
1131 1.506749915E+07 2.93693 3.53478 4.96620 12.68431 4.37527
1132 1.506750596E+07 2.93708 3.53472 4.96628 12.68430 4.37530
1133 1.506751261E+07 2.93722 3.53467 4.96636 12.68429 4.37534
1134 1.506751913E+07 2.93737 3.53461 4.96643 12.68428 4.37540
1135 1.506752559E+07 2.93751 3.53456 4.96649 12.68427 4.37546
1136 1.506753201E+07 2.93765 3.53450 4.96655 12.68426 4.37551
1137 1.506753847E+07 2.93780 3.53444 4.96662 12.68425 4.37549
1138 1.506754501E+07 2.93794 3.53439 4.96668 12.68424 4.37549
1139 1.506755171E+07 2.93808 3.53433 4.96674 12.68423 4.37549
1140 1.506755865E+07 2.93823 3.53428 4.96681 12.68422 4.37550
1141 1.506756593E+07 2.93837 3.53422 4.96687 12.68420 4.37553
1141 1.506756447E+07 2.93834 3.53423 4.96685 12.68421 4.37552
1142 1.506757029E+07 2.93845 3.53419 4.96691 12.68420 4.37554
1142 1.506756913E+07 2.93843 3.53420 4.96689 12.68420 4.37554
1142 1.506756819E+07 2.93841 3.53420 4.96688 12.68420 4.37554
1143 1.506757192E+07 2.93848 3.53418 4.96692 12.68419 4.37555
1144 1.506757564E+07 2.93855 3.53415 4.96696 12.68419 4.37557
1144 1.506757490E+07 2.93854 3.53416 4.96694 12.68419 4.37556
1145 1.506757787E+07 2.93859 3.53414 4.96699 12.68419 4.37558
1146 1.506758085E+07 2.93864 3.53413 4.96702 12.68418 4.37559
1147 1.506758383E+07 2.93868 3.53412 4.96707 12.68418 4.37560
1148 1.506758681E+07 2.93872 3.53411 4.96712 12.68417 4.37561
1149 1.506759038E+07 2.93877 3.53410 4.96717 12.68417 4.37562
1150 1.506759467E+07 2.93881 3.53409 4.96723 12.68416 4.37562
1150 1.506759381E+07 2.93880 3.53409 4.96721 12.68416 4.37562
1150 1.506759313E+07 2.93880 3.53409 4.96721 12.68416 4.37562
1150 1.506759258E+07 2.93879 3.53409 4.96720 12.68416 4.37562
1151 1.506759477E+07 2.93881 3.53409 4.96723 12.68416 4.37563
1151 1.506759434E+07 2.93881 3.53409 4.96722 12.68416 4.37562
1151 1.506759398E+07 2.93881 3.53409 4.96722 12.68416 4.37562
1152 1.506759539E+07 2.93882 3.53409 4.96724 12.68416 4.37563
1153 1.506759679E+07 2.93883 3.53409 4.96726 12.68416 4.37563
1153 1.506759651E+07 2.93883 3.53409 4.96726 12.68416 4.37563
1153 1.506759629E+07 2.93883 3.53409 4.96726 12.68416 4.37562
1154 1.506759719E+07 2.93884 3.53409 4.96728 12.68416 4.37563
1155 1.506759809E+07 2.93884 3.53409 4.96729 12.68415 4.37563
1156 1.506759899E+07 2.93885 3.53409 4.96731 12.68415 4.37563
1157 1.506759989E+07 2.93886 3.53409 4.96732 12.68415 4.37563
1158 1.506760097E+07 2.93886 3.53409 4.96733 12.68415 4.37563
1159 1.506760226E+07 2.93887 3.53409 4.96734 12.68415 4.37563
1160 1.506760381E+07 2.93888 3.53409 4.96735 12.68415 4.37564
1161 1.506760568E+07 2.93889 3.53408 4.96736 12.68414 4.37564
1162 1.506760792E+07 2.93890 3.53408 4.96736 12.68414 4.37565
1163 1.506761060E+07 2.93891 3.53408 4.96736 12.68413 4.37566
1164 1.506761383E+07 2.93891 3.53407 4.96734 12.68413 4.37567
1165 1.506761769E+07 2.93892 3.53405 4.96730 12.68412 4.37570
1166 1.506762233E+07 2.93892 3.53404 4.96723 12.68412 4.37573
1167 1.506762790E+07 2.93893 3.53401 4.96713 12.68411 4.37578
1168 1.506763459E+07 2.93896 3.53396 4.96699 12.68410 4.37581
1168 1.506763325E+07 2.93895 3.53397 4.96702 12.68410 4.37581
1169 1.506763860E+07 2.93900 3.53392 4.96690 12.68409 4.37580
1170 1.506764394E+07 2.93906 3.53386 4.96678 12.68408 4.37579
1171 1.506764929E+07 2.93914 3.53379 4.96666 12.68407 4.37580
1172 1.506765463E+07 2.93923 3.53371 4.96653 12.68407 4.37582
1173 1.506765814E+07 2.93929 3.53365 4.96644 12.68406 4.37585
1174 1.506766145E+07 2.93936 3.53360 4.96635 12.68406 4.37589
1175 1.506766457E+07 2.93943 3.53354 4.96627 12.68405 4.37594
1176 1.506766750E+07 2.93950 3.53349 4.96619 12.68405 4.37600
1177 1.506767026E+07 2.93957 3.53343 4.96611 12.68404 4.37607
1178 1.506767287E+07 2.93964 3.53338 4.96603 12.68404 4.37607
1179 1.506767534E+07 2.93970 3.53333 4.96595 12.68403 4.37606
1180 1.506767773E+07 2.93976 3.53328 4.96589 12.68403 4.37606
1181 1.506768005E+07 2.93983 3.53323 4.96582 12.68403 4.37607
1182 1.506768233E+07 2.93989 3.53319 4.96576 12.68402 4.37608
1183 1.506768458E+07 2.93996 3.53314 4.96572 12.68402 4.37611
1184 1.506768682E+07 2.94004 3.53309 4.96569 12.68402 4.37614
1184 1.506768550E+07 2.93999 3.53312 4.96570 12.68402 4.37612
1184 1.506768531E+07 2.93998 3.53312 4.96570 12.68402 4.37612
1185 1.506768605E+07 2.94001 3.53311 4.96569 12.68402 4.37613
1186 1.506768678E+07 2.94003 3.53309 4.96569 12.68402 4.37614
1187 1.506768751E+07 2.94006 3.53308 4.96568 12.68402 4.37615
1188 1.506768824E+07 2.94009 3.53307 4.96569 12.68401 4.37616
1189 1.506768912E+07 2.94012 3.53306 4.96571 12.68401 4.37618
1190 1.506769017E+07 2.94016 3.53304 4.96573 12.68401 4.37619
1191 1.506769144E+07 2.94020 3.53303 4.96575 12.68401 4.37621
1192 1.506769296E+07 2.94025 3.53302 4.96581 12.68401 4.37622
1193 1.506769478E+07 2.94030 3.53300 4.96585 12.68400 4.37624
1193 1.506769441E+07 2.94029 3.53300 4.96584 12.68400 4.37624
1193 1.506769412E+07 2.94028 3.53301 4.96584 12.68401 4.37623
1193 1.506769389E+07 2.94027 3.53301 4.96584 12.68401 4.37623
1193 1.506769370E+07 2.94027 3.53301 4.96583 12.68401 4.37623
1194 1.506769445E+07 2.94029 3.53301 4.96586 12.68400 4.37624
1195 1.506769520E+07 2.94031 3.53300 4.96587 12.68400 4.37624
1196 1.506769594E+07 2.94033 3.53299 4.96589 12.68400 4.37625
1197 1.506769669E+07 2.94036 3.53299 4.96590 12.68400 4.37627
1198 1.506769758E+07 2.94038 3.53297 4.96591 12.68400 4.37628
1199 1.506769866E+07 2.94042 3.53296 4.96591 12.68400 4.37631
1200 1.506769995E+07 2.94046 3.53294 4.96590 12.68400 4.37634
1201 1.506770149E+07 2.94051 3.53290 4.96588 12.68399 4.37639
1201 1.506770118E+07 2.94050 3.53291 4.96589 12.68399 4.37638
1202 1.506770242E+07 2.94055 3.53288 4.96587 12.68399 4.37638
1203 1.506770366E+07 2.94059 3.53285 4.96583 12.68399 4.37637
1204 1.506770490E+07 2.94064 3.53281 4.96579 12.68399 4.37637
1205 1.506770613E+07 2.94070 3.53278 4.96574 12.68399 4.37637
1206 1.506770728E+07 2.94075 3.53274 4.96568 12.68398 4.37637
1207 1.506770830E+07 2.94079 3.53270 4.96562 12.68398 4.37639
1208 1.506770923E+07 2.94083 3.53266 4.96556 12.68398 4.37642
1209 1.506771008E+07 2.94087 3.53263 4.96551 12.68398 4.37645
1210 1.506771088E+07 2.94090 3.53260 4.96545 12.68398 4.37649
1211 1.506771162E+07 2.94093 3.53257 4.96540 12.68398 4.37654
