1 3.915781000E+04 0.69634 4.48844 4.29968 14.99977 0.00004
2 7.338120367E+04 0.69680 4.48835 4.30025 14.99956 0.00004
3 1.144492761E+05 0.69755 4.48817 4.30103 14.99932 0.00004
4 1.637309630E+05 0.69848 4.48796 4.30203 14.99902 0.00004
5 2.228689872E+05 0.69959 4.48770 4.30324 14.99866 0.00004
6 2.938346163E+05 0.70091 4.48741 4.30470 14.99823 0.00003
7 3.789933713E+05 0.70246 4.48708 4.30647 14.99771 0.00003
8 4.811838772E+05 0.70429 4.48670 4.30861 14.99709 0.00003
9 6.038124843E+05 0.70645 4.48627 4.31121 14.99632 0.00003
10 7.509668128E+05 0.70899 4.48578 4.31436 14.99540 0.00003
11 9.275520071E+05 0.71199 4.48524 4.31820 14.99427 0.00003
12 1.139454240E+06 0.71555 4.48463 4.32287 14.99289 0.00003
13 1.357912649E+06 0.71919 4.48404 4.32777 14.99145 0.00003
14 1.579882709E+06 0.72288 4.48346 4.33283 14.98994 0.00003
15 1.803486153E+06 0.72660 4.48289 4.33799 14.98839 0.00003
16 2.027266691E+06 0.73034 4.48233 4.34324 14.98681 0.00003
17 2.250426923E+06 0.73411 4.48177 4.34855 14.98519 0.00003
18 2.472235603E+06 0.73790 4.48122 4.35391 14.98355 0.00003
19 2.691926445E+06 0.74173 4.48065 4.35927 14.98189 0.00003
20 2.908569437E+06 0.74558 4.48005 4.36463 14.98021 0.00003
21 3.121221079E+06 0.74945 4.47946 4.36996 14.97853 0.00003
22 3.330606639E+06 0.75331 4.47885 4.37528 14.97683 0.00003
23 3.537452534E+06 0.75720 4.47824 4.38061 14.97512 0.00002
24 3.741663478E+06 0.76110 4.47762 4.38594 14.97340 0.00002
25 3.943085556E+06 0.76503 4.47699 4.39128 14.97166 0.00002
26 4.141601174E+06 0.76899 4.47635 4.39663 14.96990 0.00002
27 4.336936084E+06 0.77297 4.47570 4.40198 14.96814 0.00002
28 4.529110115E+06 0.77698 4.47503 4.40732 14.96637 0.00002
29 4.718071823E+06 0.78100 4.47435 4.41263 14.96459 0.00002
30 4.903697100E+06 0.78505 4.47364 4.41792 14.96280 0.00002
31 5.085862160E+06 0.78913 4.47292 4.42318 14.96101 0.00002
32 5.264373354E+06 0.79323 4.47218 4.42840 14.95923 0.00002
33 5.438904859E+06 0.79736 4.47140 4.43355 14.95744 0.00002
34 5.608901719E+06 0.80152 4.47059 4.43862 14.95568 0.00002
35 5.774258740E+06 0.80566 4.46976 4.44362 14.95392 0.00002
36 5.936251841E+06 0.80981 4.46893 4.44858 14.95218 0.00002
37 6.095144138E+06 0.81399 4.46807 4.45350 14.95043 0.00002
38 6.250958298E+06 0.81818 4.46720 4.45839 14.94869 0.00002
39 6.403734362E+06 0.82239 4.46630 4.46324 14.94696 0.00002
40 6.553515649E+06 0.82663 4.46539 4.46805 14.94523 0.00002
41 6.700325166E+06 0.83088 4.46446 4.47283 14.94351 0.00002
42 6.844199586E+06 0.83515 4.46351 4.47757 14.94180 0.00002
43 6.985170297E+06 0.83944 4.46254 4.48227 14.94010 0.00002
44 7.123253462E+06 0.84375 4.46154 4.48692 14.93840 0.00002
45 7.258441174E+06 0.84809 4.46053 4.49153 14.93672 0.00002
46 7.390691537E+06 0.85245 4.45949 4.49608 14.93506 0.00002
47 7.519826256E+06 0.85683 4.45841 4.50056 14.93341 0.00002
48 7.645537253E+06 0.86124 4.45731 4.50495 14.93178 0.00002
49 7.767731277E+06 0.86563 4.45619 4.50927 14.93019 0.00003
50 7.887251346E+06 0.87003 4.45506 4.51353 14.92861 0.00003
51 8.004394800E+06 0.87448 4.45390 4.51779 14.92704 0.00003
52 8.118927326E+06 0.87893 4.45272 4.52200 14.92550 0.00003
53 8.231071901E+06 0.88340 4.45153 4.52618 14.92397 0.00003
54 8.340980885E+06 0.88789 4.45032 4.53031 14.92246 0.00003
55 8.448696635E+06 0.89240 4.44909 4.53440 14.92097 0.00003
56 8.554263679E+06 0.89693 4.44784 4.53845 14.91949 0.00003
57 8.657693362E+06 0.90148 4.44657 4.54246 14.91804 0.00003
58 8.759023802E+06 0.90604 4.44527 4.54642 14.91660 0.00003
59 8.858272809E+06 0.91063 4.44396 4.55035 14.91518 0.00003
60 8.955444282E+06 0.91523 4.44263 4.55422 14.91379 0.00003
61 9.050523750E+06 0.91985 4.44127 4.55804 14.91241 0.00003
62 9.143401653E+06 0.92450 4.43989 4.56180 14.91106 0.00003
63 9.233916138E+06 0.92916 4.43848 4.56547 14.90960 0.00003
64 9.321958898E+06 0.93380 4.43705 4.56906 14.90794 0.00004
65 9.408020374E+06 0.93845 4.43561 4.57259 14.90607 0.00004
66 9.492387938E+06 0.94311 4.43415 4.57606 14.90399 0.00004
67 9.575110336E+06 0.94778 4.43267 4.57949 14.90169 0.00004
68 9.656212765E+06 0.95247 4.43117 4.58287 14.89919 0.00004
69 9.735706061E+06 0.95718 4.42965 4.58620 14.89648 0.00004
70 9.813604946E+06 0.96189 4.42811 4.58948 14.89356 0.00004
71 9.889935054E+06 0.96663 4.42655 4.59271 14.89043 0.00004
72 9.964725933E+06 0.97138 4.42497 4.59590 14.88710 0.00004
73 1.003798266E+07 0.97618 4.42336 4.59906 14.88356 0.00005
74 1.010944609E+07 0.98098 4.42174 4.60216 14.87984 0.00005
75 1.017938771E+07 0.98579 4.42010 4.60521 14.87593 0.00005
76 1.024787675E+07 0.99061 4.41844 4.60821 14.87182 0.00005
77 1.031489067E+07 0.99545 4.41675 4.61115 14.86752 0.00005
78 1.038038443E+07 1.00030 4.41505 4.61403 14.86305 0.00005
79 1.044429199E+07 1.00516 4.41332 4.61683 14.85840 0.00006
80 1.050658224E+07 1.01001 4.41158 4.61958 14.85361 0.00006
81 1.056749469E+07 1.01486 4.40983 4.62228 14.84864 0.00006
82 1.062720712E+07 1.01971 4.40807 4.62493 14.84350 0.00006
83 1.068578421E+07 1.02459 4.40628 4.62755 14.83819 0.00006
84 1.074323365E+07 1.02947 4.40449 4.63013 14.83270 0.00007
85 1.079957831E+07 1.03437 4.40267 4.63267 14.82705 0.00007
86 1.085485216E+07 1.03928 4.40085 4.63518 14.82124 0.00007
87 1.090908701E+07 1.04419 4.39900 4.63764 14.81526 0.00007
88 1.096230881E+07 1.04913 4.39715 4.64008 14.80912 0.00008
89 1.101452616E+07 1.05407 4.39527 4.64248 14.80283 0.00008
90 1.106576466E+07 1.05902 4.39339 4.64484 14.79639 0.00009
91 1.111604651E+07 1.06398 4.39149 4.64717 14.78981 0.00009
92 1.116539174E+07 1.06895 4.38958 4.64947 14.78308 0.00009
93 1.121381927E+07 1.07395 4.38765 4.65174 14.77621 0.00010
94 1.126117500E+07 1.07897 4.38570 4.65399 14.76923 0.00010
95 1.130738306E+07 1.08398 4.38375 4.65619 14.76216 0.00011
96 1.135261701E+07 1.08898 4.38179 4.65835 14.75499 0.00011
97 1.139695545E+07 1.09396 4.37983 4.66048 14.74770 0.00012
98 1.144049413E+07 1.09894 4.37787 4.66258 14.74030 0.00013
99 1.148330582E+07 1.10391 4.37590 4.66467 14.73278 4.02436
100 1.152539641E+07 1.10844 4.37412 4.66658 14.72516 4.06717
101 1.154644171E+07 1.11076 4.37318 4.66750 14.72129 4.07754
102 1.157169607E+07 1.11372 4.37201 4.66872 14.71656 4.08599
103 1.160200129E+07 1.11732 4.37058 4.67021 14.71075 4.09376
104 1.163836756E+07 1.12169 4.36885 4.67201 14.70359 4.10082
105 1.168200709E+07 1.12697 4.36676 4.67420 14.69472 4.10673
106 1.172665198E+07 1.13240 4.36461 4.67647 14.68535 4.11025
107 1.177065760E+07 1.13775 4.36250 4.67874 14.67582 4.11133
108 1.181398301E+07 1.14301 4.36044 4.68102 14.66615 4.10991
109 1.185644405E+07 1.14813 4.35845 4.68331 14.65639 4.10654
110 1.189789908E+07 1.15300 4.35660 4.68562 14.64659 4.10342
111 1.193890609E+07 1.15759 4.35489 4.68798 14.63664 4.10077
112 1.197960669E+07 1.16180 4.35339 4.69041 14.62651 4.09848
113 1.201964347E+07 1.16542 4.35222 4.69294 14.61632 4.09645
114 1.205796345E+07 1.16812 4.35152 4.69555 14.60645 4.09464
115 1.209177419E+07 1.16951 4.35145 4.69807 14.59761 4.09289
116 1.211980989E+07 1.16950 4.35204 4.70041 14.59018 4.09131
117 1.214166214E+07 1.16835 4.35314 4.70251 14.58437 4.09012
118 1.215762217E+07 1.16652 4.35450 4.70428 14.58013 4.08928
119 1.216972974E+07 1.16430 4.35600 4.70584 14.57692 4.08867
120 1.217920183E+07 1.16184 4.35759 4.70727 14.57442 4.08821
121 1.218681359E+07 1.15923 4.35923 4.70861 14.57243 4.08817
122 1.219305045E+07 1.15654 4.36089 4.70989 14.57081 4.08823
123 1.219825350E+07 1.15382 4.36256 4.71114 14.56947 4.08828
124 1.220266060E+07 1.15108 4.36424 4.71237 14.56834 4.08834
125 1.220643203E+07 1.14834 4.36593 4.71362 14.56739 4.08840
126 1.220968128E+07 1.14560 4.36761 4.71487 14.56657 4.08846
127 1.221249477E+07 1.14287 4.36929 4.71615 14.56587 4.08851
128 1.221494042E+07 1.14018 4.37096 4.71745 14.56527 4.08857
129 1.221707214E+07 1.13753 4.37262 4.71878 14.56475 4.08863
130 1.221893308E+07 1.13493 4.37426 4.72016 14.56430 4.08869
131 1.222055757E+07 1.13241 4.37588 4.72158 14.56392 4.08875
132 1.222197824E+07 1.12996 4.37747 4.72304 14.56358 4.08881
133 1.222322037E+07 1.12761 4.37902 4.72456 14.56329 4.08887
134 1.222430608E+07 1.12535 4.38054 4.72612 14.56304 4.08894
135 1.222525435E+07 1.12320 4.38202 4.72772 14.56282 4.08900
136 1.222608253E+07 1.12116 4.38345 4.72935 14.56263 4.08907
137 1.222680573E+07 1.11925 4.38481 4.73099 14.56247 4.08913
138 1.222743805E+07 1.11745 4.38613 4.73265 14.56233 4.08884
139 1.222799078E+07 1.11576 4.38739 4.73432 14.56221 4.08830
140 1.222847364E+07 1.11419 4.38860 4.73600 14.56210 4.08770
141 1.222889523E+07 1.11273 4.38974 4.73766 14.56201 4.08703
142 1.222926318E+07 1.11139 4.39082 4.73930 14.56193 4.08627
143 1.222958473E+07 1.11016 4.39184 4.74090 14.56186 4.08544
144 1.222986574E+07 1.10902 4.39280 4.74247 14.56180 4.08454
145 1.223011132E+07 1.10797 4.39370 4.74398 14.56175 4.08358
146 1.223032601E+07 1.10702 4.39454 4.74543 14.56171 4.08254
147 1.223051345E+07 1.10614 4.39532 4.74682 14.56167 4.08145
148 1.223067764E+07 1.10534 4.39604 4.74810 14.56163 4.08030
149 1.223081776E+07 1.10466 4.39666 4.74918 14.56160 4.07924
150 1.223095039E+07 1.10403 4.39721 4.75015 14.56158 4.07821
151 1.223108145E+07 1.10343 4.39774 4.75103 14.56155 4.07717
152 1.223121201E+07 1.10285 4.39822 4.75182 14.56152 4.07612
153 1.223134305E+07 1.10230 4.39867 4.75251 14.56150 4.07504
154 1.223147577E+07 1.10178 4.39907 4.75309 14.56147 4.07392
155 1.223161111E+07 1.10130 4.39943 4.75355 14.56144 4.07277
156 1.223174989E+07 1.10086 4.39973 4.75389 14.56141 4.07156
157 1.223189289E+07 1.10046 4.39998 4.75407 14.56138 4.07032
158 1.223204082E+07 1.10011 4.40016 4.75409 14.56136 4.06905
159 1.223219438E+07 1.09982 4.40026 4.75393 14.56132 4.06779
160 1.223235423E+07 1.09961 4.40028 4.75357 14.56129 4.06659
161 1.223252077E+07 1.09948 4.40020 4.75299 14.56126 4.06451
162 1.223269424E+07 1.09946 4.40001 4.75219 14.56123 4.06223
163 1.223287581E+07 1.09955 4.39970 4.75114 14.56119 4.05977
164 1.223306380E+07 1.09977 4.39927 4.74986 14.56115 4.05723
165 1.223325685E+07 1.10014 4.39871 4.74836 14.56111 4.05474
166 1.223345407E+07 1.10067 4.39802 4.74668 14.56107 4.05245
167 1.223365450E+07 1.10138 4.39721 4.74484 14.56103 4.05038
168 1.223385725E+07 1.10227 4.39627 4.74287 14.56099 4.04694
169 1.223406171E+07 1.10337 4.39520 4.74080 14.56095 4.04356
170 1.223426842E+07 1.10470 4.39401 4.73867 14.56091 4.04036
171 1.223447564E+07 1.10626 4.39269 4.73652 14.56087 4.03748
172 1.223468303E+07 1.10807 4.39125 4.73441 14.56082 4.03500
173 1.223489045E+07 1.11015 4.38971 4.73237 14.56078 4.03275
174 1.223509766E+07 1.11250 4.38806 4.73046 14.56073 4.02928
175 1.223530463E+07 1.11514 4.38630 4.72870 14.56069 4.02604
176 1.223551208E+07 1.11809 4.38443 4.72713 14.56064 4.02308
177 1.223571889E+07 1.12133 4.38247 4.72577 14.56060 4.02045
178 1.223592500E+07 1.12486 4.38042 4.72466 14.56055 4.01819
179 1.223612984E+07 1.12866 4.37831 4.72379 14.56050 4.01632
180 1.223633284E+07 1.13269 4.37613 4.72317 14.56045 4.01310
181 1.223653373E+07 1.13695 4.37391 4.72278 14.56040 4.00961
182 1.223673283E+07 1.14139 4.37165 4.72262 14.56035 4.00653
183 1.223692995E+07 1.14600 4.36935 4.72266 14.56030 4.00383
184 1.223712505E+07 1.15076 4.36703 4.72286 14.56025 4.00150
185 1.223731817E+07 1.15562 4.36469 4.72323 14.56020 3.99950
186 1.223750952E+07 1.16059 4.36233 4.72372 14.56015 3.99782
187 1.223769928E+07 1.16564 4.35995 4.72433 14.56009 3.99608
188 1.223788757E+07 1.17077 4.35756 4.72502 14.56004 3.99201
189 1.223807452E+07 1.17596 4.35516 4.72580 14.55998 3.98842
190 1.223825998E+07 1.18119 4.35276 4.72664 14.55993 3.98528
191 1.223844448E+07 1.18647 4.35034 4.72752 14.55987 3.98254
192 1.223862818E+07 1.19179 4.34791 4.72845 14.55982 3.98017
193 1.223881121E+07 1.19715 4.34546 4.72940 14.55976 3.97813
194 1.223899369E+07 1.20255 4.34301 4.73036 14.55970 3.97639
195 1.223917573E+07 1.20798 4.34054 4.73134 14.55965 3.97494
196 1.223935740E+07 1.21344 4.33805 4.73233 14.55959 3.97344
197 1.223953877E+07 1.21892 4.33556 4.73332 14.55954 3.96990
198 1.223971980E+07 1.22443 4.33305 4.73431 14.55949 3.96670
199 1.223989985E+07 1.22993 4.33055 4.73528 14.55943 3.96384
200 1.224008006E+07 1.23545 4.32803 4.73625 14.55938 3.96129
201 1.224026031E+07 1.24100 4.32549 4.73720 14.55932 3.95904
202 1.224044058E+07 1.24657 4.32294 4.73814 14.55927 3.95705
203 1.224062087E+07 1.25217 4.32037 4.73907 14.55922 3.95532
204 1.224080118E+07 1.25779 4.31779 4.73998 14.55916 3.95384
205 1.224098152E+07 1.26344 4.31519 4.74088 14.55911 3.95259
206 1.224116190E+07 1.26911 4.31258 4.74175 14.55905 3.95097
207 1.224134232E+07 1.27480 4.30994 4.74262 14.55900 3.94809
208 1.224152248E+07 1.28051 4.30730 4.74347 14.55895 3.94544
209 1.224170191E+07 1.28622 4.30466 4.74430 14.55889 3.94305
210 1.224188134E+07 1.29194 4.30200 4.74511 14.55884 3.94088
211 1.224206091E+07 1.29768 4.29933 4.74590 14.55879 3.93892
212 1.224224087E+07 1.30344 4.29664 4.74667 14.55874 3.93716
213 1.224242092E+07 1.30923 4.29393 4.74743 14.55868 3.93560
214 1.224260101E+07 1.31504 4.29121 4.74817 14.55863 3.93423
215 1.224278110E+07 1.32088 4.28847 4.74888 14.55858 3.93304
216 1.224296118E+07 1.32674 4.28572 4.74958 14.55853 3.93202
217 1.224314122E+07 1.33262 4.28295 4.75026 14.55847 3.92975
218 1.224332120E+07 1.33852 4.28016 4.75092 14.55842 3.92748
219 1.224350017E+07 1.34442 4.27737 4.75156 14.55837 3.92540
220 1.224367891E+07 1.35033 4.27457 4.75217 14.55832 3.92348
221 1.224385752E+07 1.35626 4.27175 4.75276 14.55827 3.92172
222 1.224403606E+07 1.36219 4.26893 4.75333 14.55822 3.92011
223 1.224421502E+07 1.36816 4.26608 4.75388 14.55817 3.91865
224 1.224439392E+07 1.37415 4.26322 4.75441 14.55812 3.91733
225 1.224457265E+07 1.38016 4.26034 4.75491 14.55807 3.91614
226 1.224475117E+07 1.38619 4.25744 4.75539 14.55802 3.91508
227 1.224492943E+07 1.39225 4.25453 4.75585 14.55797 3.91415
228 1.224510743E+07 1.39833 4.25159 4.75628 14.55792 3.91224
229 1.224528512E+07 1.40444 4.24864 4.75670 14.55787 3.91037
230 1.224546154E+07 1.41054 4.24569 4.75709 14.55782 3.90863
231 1.224563751E+07 1.41667 4.24272 4.75745 14.55777 3.90701
232 1.224581306E+07 1.42280 4.23974 4.75779 14.55773 3.90551
233 1.224598842E+07 1.42893 4.23675 4.75811 14.55768 3.90411
234 1.224616394E+07 1.43511 4.23373 4.75840 14.55763 3.90281
235 1.224633902E+07 1.44132 4.23070 4.75867 14.55759 3.90161
236 1.224651355E+07 1.44754 4.22765 4.75892 14.55754 3.90051
237 1.224668748E+07 1.45380 4.22458 4.75914 14.55750 3.89950
238 1.224686075E+07 1.46007 4.22149 4.75934 14.55745 3.89857
239 1.224703331E+07 1.46638 4.21838 4.75952 14.55741 3.89762
240 1.224720512E+07 1.47270 4.21526 4.75967 14.55736 3.89603
241 1.224737603E+07 1.47905 4.21211 4.75980 14.55732 3.89453
242 1.224754529E+07 1.48540 4.20897 4.75991 14.55728 3.89312
243 1.224771367E+07 1.49172 4.20583 4.76000 14.55723 3.89179
244 1.224788201E+07 1.49808 4.20266 4.76006 14.55719 3.89053
245 1.224804974E+07 1.50448 4.19947 4.76010 14.55715 3.88934
246 1.224821656E+07 1.51091 4.19626 4.76011 14.55711 3.88822
247 1.224838242E+07 1.51736 4.19304 4.76011 14.55707 3.88718
248 1.224854724E+07 1.52383 4.18979 4.76008 14.55703 3.88619
249 1.224871096E+07 1.53033 4.18653 4.76002 14.55699 3.88527
250 1.224887351E+07 1.53686 4.18325 4.75995 14.55695 3.88440
251 1.224903484E+07 1.54341 4.17995 4.75985 14.55691 3.88358
252 1.224919488E+07 1.54998 4.17664 4.75974 14.55688 3.88281
253 1.224935356E+07 1.55652 4.17333 4.75960 14.55684 3.88171
254 1.224951156E+07 1.56309 4.17000 4.75944 14.55680 3.88052
255 1.224966814E+07 1.56967 4.16667 4.75926 14.55677 3.87939
256 1.224982307E+07 1.57626 4.16332 4.75906 14.55673 3.87831
257 1.224997647E+07 1.58287 4.15997 4.75884 14.55670 3.87729
258 1.225012827E+07 1.58948 4.15660 4.75860 14.55666 3.87632
259 1.225027842E+07 1.59611 4.15322 4.75834 14.55663 3.87539
260 1.225042685E+07 1.60275 4.14983 4.75807 14.55660 3.87451
261 1.225057353E+07 1.60940 4.14643 4.75777 14.55657 3.87368
262 1.225071842E+07 1.61606 4.14302 4.75746 14.55654 3.87288
263 1.225086152E+07 1.62266 4.13964 4.75713 14.55651 3.87211
264 1.225100409E+07 1.62929 4.13624 4.75677 14.55648 3.87137
265 1.225114530E+07 1.63596 4.13281 4.75640 14.55645 3.87067
266 1.225128486E+07 1.64263 4.12938 4.75601 14.55642 3.86999
267 1.225142277E+07 1.64933 4.12593 4.75561 14.55639 3.86933
268 1.225155904E+07 1.65603 4.12247 4.75519 14.55636 3.86870
269 1.225169369E+07 1.66276 4.11900 4.75475 14.55634 3.86810
270 1.225182673E+07 1.66951 4.11551 4.75430 14.55631 3.86751
271 1.225195820E+07 1.67628 4.11201 4.75383 14.55629 3.86675
272 1.225208810E+07 1.68302 4.10851 4.75334 14.55626 3.86598
273 1.225221675E+07 1.68974 4.10503 4.75284 14.55624 3.86523
274 1.225234484E+07 1.69652 4.10151 4.75232 14.55621 3.86451
275 1.225247147E+07 1.70333 4.09797 4.75179 14.55619 3.86381
276 1.225259663E+07 1.71017 4.09441 4.75124 14.55617 3.86313
277 1.225272028E+07 1.71703 4.09084 4.75067 14.55615 3.86248
278 1.225284242E+07 1.72392 4.08725 4.75009 14.55612 3.86184
279 1.225296305E+07 1.73084 4.08364 4.74950 14.55610 3.86123
280 1.225308215E+07 1.73778 4.08002 4.74889 14.55608 3.86064
281 1.225319971E+07 1.74472 4.07640 4.74827 14.55606 3.86007
282 1.225331612E+07 1.75160 4.07280 4.74764 14.55604 3.85951
283 1.225343237E+07 1.75857 4.06915 4.74699 14.55602 3.85896
284 1.225354711E+07 1.76558 4.06548 4.74632 14.55600 3.85843
285 1.225366025E+07 1.77260 4.06180 4.74564 14.55598 3.85792
286 1.225377173E+07 1.77965 4.05810 4.74495 14.55596 3.85742
287 1.225388154E+07 1.78671 4.05440 4.74425 14.55594 3.85693
288 1.225398967E+07 1.79379 4.05068 4.74354 14.55592 3.85647
289 1.225409613E+07 1.80088 4.04696 4.74283 14.55590 3.85601
290 1.225420093E+07 1.80795 4.04324 4.74210 14.55588 3.85557
291 1.225430448E+07 1.81494 4.03956 4.74137 14.55586 3.85514
292 1.225440807E+07 1.82203 4.03582 4.74060 14.55584 3.85471
293 1.225451028E+07 1.82916 4.03207 4.73983 14.55582 3.85429
294 1.225461102E+07 1.83631 4.02829 4.73904 14.55580 3.85388
295 1.225471027E+07 1.84350 4.02450 4.73825 14.55578 3.85348
296 1.225480808E+07 1.85071 4.02070 4.73745 14.55576 3.85309
297 1.225490447E+07 1.85795 4.01687 4.73663 14.55574 3.85271
298 1.225499952E+07 1.86522 4.01303 4.73581 14.55571 3.85234
299 1.225509326E+07 1.87248 4.00919 4.73498 14.55569 3.85198
300 1.225518627E+07 1.87967 4.00539 4.73414 14.55567 3.85162
301 1.225527961E+07 1.88700 4.00151 4.73327 14.55565 3.85125
302 1.225537192E+07 1.89439 3.99759 4.73238 14.55562 3.85090
303 1.225546301E+07 1.90182 3.99365 4.73149 14.55560 3.85055
304 1.225555290E+07 1.90931 3.98968 4.73058 14.55557 3.85020
305 1.225564168E+07 1.91685 3.98568 4.72965 14.55555 3.84986
306 1.225572949E+07 1.92445 3.98164 4.72871 14.55553 3.84953
307 1.225581645E+07 1.93212 3.97757 4.72776 14.55550 3.84920
308 1.225590272E+07 1.93984 3.97347 4.72679 14.55548 3.84887
309 1.225598881E+07 1.94751 3.96939 4.72582 14.55545 3.84854
310 1.225607617E+07 1.95541 3.96518 4.72478 14.55543 3.84819
311 1.225616349E+07 1.96347 3.96088 4.72371 14.55540 3.84781
312 1.225625060E+07 1.97167 3.95651 4.72261 14.55537 3.84744
313 1.225633764E+07 1.98004 3.95204 4.72148 14.55535 3.84705
314 1.225642497E+07 1.98861 3.94746 4.72031 14.55532 3.84667
315 1.225651296E+07 1.99742 3.94275 4.71909 14.55529 3.84627
316 1.225660195E+07 2.00650 3.93790 4.71782 14.55526 3.84586
317 1.225669244E+07 2.01591 3.93286 4.71648 14.55523 3.84543
318 1.225678509E+07 2.02572 3.92760 4.71506 14.55520 3.84497
319 1.225688102E+07 2.03598 3.92209 4.71354 14.55517 3.84448
320 1.225698227E+07 2.04697 3.91617 4.71187 14.55513 3.84392
321 1.225708963E+07 2.05889 3.90974 4.70999 14.55509 3.84330
322 1.225719613E+07 2.07101 3.90319 4.70800 14.55505 3.84262
323 1.225728344E+07 2.08101 3.89775 4.70627 14.55502 3.84203
324 1.225735424E+07 2.08908 3.89335 4.70481 14.55499 3.84154
325 1.225741405E+07 2.09592 3.88960 4.70350 14.55497 3.84111
326 1.225746625E+07 2.10194 3.88630 4.70230 14.55495 3.84073
327 1.225751305E+07 2.10739 3.88329 4.70118 14.55493 3.84040
328 1.225755590E+07 2.11246 3.88048 4.70011 14.55491 3.84009
329 1.225759570E+07 2.11726 3.87783 4.69907 14.55489 3.83982
330 1.225763306E+07 2.12185 3.87528 4.69806 14.55488 3.83947
331 1.225766839E+07 2.12628 3.87282 4.69708 14.55486 3.83910
332 1.225770218E+07 2.13045 3.87052 4.69623 14.55485 3.83875
333 1.225773598E+07 2.13453 3.86828 4.69542 14.55483 3.83842
334 1.225776977E+07 2.13862 3.86601 4.69451 14.55482 3.83810
335 1.225780255E+07 2.14264 3.86376 4.69357 14.55481 3.83779
336 1.225783435E+07 2.14661 3.86154 4.69262 14.55479 3.83750
337 1.225786523E+07 2.15056 3.85933 4.69167 14.55478 3.83723
338 1.225789522E+07 2.15448 3.85713 4.69071 14.55477 3.83698
339 1.225792436E+07 2.15838 3.85494 4.68976 14.55475 3.83674
340 1.225795283E+07 2.16215 3.85284 4.68893 14.55474 3.83651
341 1.225798174E+07 2.16590 3.85079 4.68820 14.55473 3.83630
342 1.225801163E+07 2.16976 3.84864 4.68731 14.55471 3.83609
343 1.225804108E+07 2.17362 3.84647 4.68637 14.55470 3.83587
344 1.225807006E+07 2.17748 3.84430 4.68540 14.55469 3.83556
345 1.225809862E+07 2.18138 3.84210 4.68440 14.55467 3.83527
346 1.225812685E+07 2.18533 3.83987 4.68339 14.55466 3.83499
347 1.225815464E+07 2.18929 3.83764 4.68239 14.55465 3.83472
348 1.225818231E+07 2.19322 3.83544 4.68146 14.55464 3.83447
349 1.225821046E+07 2.19716 3.83328 4.68070 14.55462 3.83423
350 1.225823994E+07 2.20126 3.83099 4.67973 14.55461 3.83399
351 1.225826922E+07 2.20538 3.82867 4.67869 14.55459 3.83376
352 1.225829822E+07 2.20953 3.82633 4.67761 14.55458 3.83355
353 1.225832695E+07 2.21374 3.82394 4.67650 14.55457 3.83334
354 1.225835538E+07 2.21801 3.82153 4.67536 14.55455 3.83314
355 1.225838353E+07 2.22228 3.81911 4.67424 14.55454 3.83296
356 1.225841179E+07 2.22659 3.81668 4.67315 14.55453 3.83278
357 1.225844043E+07 2.23092 3.81429 4.67224 14.55451 3.83254
358 1.225847024E+07 2.23539 3.81179 4.67117 14.55450 3.83227
359 1.225850018E+07 2.23990 3.80923 4.66999 14.55448 3.83201
360 1.225852996E+07 2.24446 3.80665 4.66875 14.55447 3.83176
361 1.225855954E+07 2.24907 3.80402 4.66747 14.55445 3.83153
362 1.225858897E+07 2.25376 3.80135 4.66615 14.55444 3.83130
363 1.225861826E+07 2.25851 3.79864 4.66482 14.55442 3.83108
364 1.225864764E+07 2.26331 3.79592 4.66353 14.55441 3.83087
365 1.225867750E+07 2.26821 3.79315 4.66227 14.55439 3.83067
366 1.225870784E+07 2.27320 3.79036 4.66107 14.55438 3.83048
367 1.225873878E+07 2.27830 3.78747 4.65970 14.55436 3.83028
368 1.225876954E+07 2.28342 3.78454 4.65824 14.55435 3.83010
369 1.225880008E+07 2.28860 3.78157 4.65672 14.55433 3.82992
370 1.225883040E+07 2.29384 3.77856 4.65514 14.55431 3.82974
371 1.225886047E+07 2.29913 3.77550 4.65352 14.55430 3.82950
372 1.225889029E+07 2.30440 3.77248 4.65197 14.55428 3.82926
373 1.225892056E+07 2.30976 3.76940 4.65035 14.55426 3.82903
374 1.225895078E+07 2.31512 3.76635 4.64887 14.55425 3.82881
375 1.225898141E+07 2.32049 3.76328 4.64733 14.55423 3.82860
376 1.225901188E+07 2.32580 3.76020 4.64565 14.55422 3.82840
377 1.225904175E+07 2.33101 3.75716 4.64391 14.55420 3.82820
378 1.225907106E+07 2.33621 3.75411 4.64211 14.55418 3.82802
379 1.225910012E+07 2.34147 3.75102 4.64026 14.55417 3.82784
380 1.225912905E+07 2.34679 3.74788 4.63833 14.55415 3.82766
381 1.225915774E+07 2.35211 3.74475 4.63644 14.55414 3.82750
382 1.225918652E+07 2.35743 3.74161 4.63453 14.55412 3.82734
383 1.225921540E+07 2.36278 3.73846 4.63264 14.55410 3.82719
384 1.225924445E+07 2.36817 3.73531 4.63084 14.55409 3.82704
385 1.225927396E+07 2.37358 3.73211 4.62884 14.55407 3.82684
386 1.225930334E+07 2.37890 3.72892 4.62673 14.55405 3.82663
387 1.225933257E+07 2.38415 3.72575 4.62454 14.55404 3.82644
388 1.225936181E+07 2.38949 3.72251 4.62226 14.55402 3.82625
389 1.225939175E+07 2.39509 3.71911 4.61985 14.55400 3.82607
390 1.225942267E+07 2.40096 3.71553 4.61729 14.55399 3.82589
391 1.225945460E+07 2.40688 3.71189 4.61458 14.55397 3.82571
392 1.225948700E+07 2.41277 3.70824 4.61176 14.55395 3.82554
393 1.225951966E+07 2.41912 3.70434 4.60883 14.55393 3.82538
394 1.225955496E+07 2.42616 3.70002 4.60563 14.55391 3.82521
395 1.225959313E+07 2.43346 3.69547 4.60205 14.55389 3.82504
396 1.225963152E+07 2.44085 3.69085 4.59833 14.55387 3.82488
397 1.225966956E+07 2.44864 3.68600 4.59452 14.55385 3.82472
398 1.225970860E+07 2.45631 3.68115 4.59045 14.55383 3.82456
399 1.225974511E+07 2.46272 3.67695 4.58647 14.55381 3.82442
400 1.225977775E+07 2.46849 3.67313 4.58273 14.55379 3.82430
401 1.225980922E+07 2.47370 3.66958 4.57899 14.55377 3.82418
402 1.225983976E+07 2.47848 3.66625 4.57521 14.55375 3.82406
403 1.225986976E+07 2.48352 3.66276 4.57133 14.55374 3.82400
404 1.225990010E+07 2.48865 3.65918 4.56726 14.55372 3.82397
405 1.225993045E+07 2.49339 3.65576 4.56304 14.55371 3.82392
406 1.225996037E+07 2.49769 3.65253 4.55873 14.55369 3.82385
407 1.225998993E+07 2.50162 3.64946 4.55433 14.55367 3.82376
408 1.226001907E+07 2.50485 3.64674 4.54989 14.55366 3.82365
409 1.226004766E+07 2.50730 3.64440 4.54546 14.55364 3.82353
410 1.226007569E+07 2.50924 3.64234 4.54109 14.55363 3.82342
411 1.226010360E+07 2.51089 3.64041 4.53668 14.55362 3.82331
412 1.226013163E+07 2.51246 3.63848 4.53208 14.55360 3.82319
413 1.226015957E+07 2.51404 3.63651 4.52735 14.55359 3.82307
414 1.226018754E+07 2.51554 3.63455 4.52254 14.55357 3.82296
415 1.226021563E+07 2.51691 3.63265 4.51767 14.55356 3.82284
416 1.226024384E+07 2.51821 3.63079 4.51283 14.55355 3.82272
417 1.226027215E+07 2.51947 3.62895 4.50799 14.55353 3.82260
418 1.226030057E+07 2.52068 3.62714 4.50317 14.55352 3.82248
419 1.226032914E+07 2.52182 3.62540 4.49849 14.55351 3.82235
420 1.226035797E+07 2.52286 3.62380 4.49415 14.55349 3.82222
421 1.226038721E+07 2.52428 3.62239 4.49137 14.55348 3.82210
422 1.226041820E+07 2.52622 3.62117 4.49035 14.55347 3.82196
423 1.226045177E+07 2.52761 3.61998 4.48837 14.55345 3.82181
424 1.226048520E+07 2.52854 3.61888 4.48585 14.55344 3.82166
425 1.226051834E+07 2.52953 3.61784 4.48365 14.55342 3.82152
426 1.226055150E+07 2.53031 3.61685 4.48124 14.55341 3.82137
427 1.226058431E+07 2.53087 3.61591 4.47864 14.55339 3.82122
428 1.226061670E+07 2.53128 3.61503 4.47594 14.55338 3.82107
429 1.226064864E+07 2.53192 3.61418 4.47380 14.55336 3.82093
430 1.226068045E+07 2.53251 3.61336 4.47169 14.55335 3.82078
431 1.226071187E+07 2.53300 3.61257 4.46954 14.55334 3.82064
432 1.226074280E+07 2.53349 3.61181 4.46747 14.55332 3.82050
433 1.226077328E+07 2.53429 3.61105 4.46603 14.55331 3.82036
434 1.226080359E+07 2.53507 3.61030 4.46459 14.55330 3.82021
435 1.226083342E+07 2.53583 3.60957 4.46316 14.55328 3.82006
436 1.226086276E+07 2.53689 3.60882 4.46231 14.55327 3.81992
437 1.226089190E+07 2.53809 3.60807 4.46171 14.55326 3.81978
438 1.226092069E+07 2.53932 3.60732 4.46117 14.55324 3.81965
439 1.226094904E+07 2.54083 3.60656 4.46115 14.55323 3.81951
440 1.226097718E+07 2.54257 3.60578 4.46151 14.55322 3.81938
441 1.226100506E+07 2.54437 3.60500 4.46198 14.55321 3.81925
442 1.226103256E+07 2.54654 3.60420 4.46310 14.55320 3.81912
443 1.226105993E+07 2.54892 3.60337 4.46455 14.55318 3.81899
444 1.226108705E+07 2.55143 3.60253 4.46623 14.55317 3.81886
445 1.226111388E+07 2.55441 3.60166 4.46868 14.55316 3.81874
446 1.226114068E+07 2.55754 3.60076 4.47137 14.55315 3.81862
447 1.226116719E+07 2.56105 3.59984 4.47468 14.55314 3.81850
448 1.226119361E+07 2.56485 3.59888 4.47847 14.55312 3.81838
449 1.226121986E+07 2.56896 3.59790 4.48275 14.55311 3.81826
450 1.226124598E+07 2.57349 3.59687 4.48772 14.55310 3.81816
451 1.226127206E+07 2.57830 3.59582 4.49314 14.55309 3.81808
452 1.226129801E+07 2.58360 3.59473 4.49936 14.55307 3.81806
453 1.226132391E+07 2.58916 3.59361 4.50601 14.55306 3.81804
454 1.226134964E+07 2.59521 3.59245 4.51348 14.55305 3.81804
455 1.226137501E+07 2.60143 3.59129 4.52126 14.55303 3.81803
456 1.226140001E+07 2.60804 3.59010 4.52972 14.55302 3.81804
457 1.226142414E+07 2.61460 3.58894 4.53820 14.55301 3.81804
458 1.226144781E+07 2.62146 3.58777 4.54723 14.55299 3.81804
459 1.226147065E+07 2.62816 3.58664 4.55611 14.55298 3.81804
460 1.226149328E+07 2.63515 3.58549 4.56549 14.55297 3.81804
461 1.226151533E+07 2.64202 3.58437 4.57476 14.55295 3.81804
462 1.226153728E+07 2.64899 3.58326 4.58425 14.55294 3.81805
463 1.226155903E+07 2.65600 3.58215 4.59385 14.55292 3.81805
464 1.226158067E+07 2.66290 3.58108 4.60334 14.55291 3.81805
465 1.226160249E+07 2.66999 3.57998 4.61316 14.55289 3.81805
466 1.226162421E+07 2.67694 3.57892 4.62281 14.55288 3.81805
467 1.226164625E+07 2.68384 3.57787 4.63242 14.55286 3.81806
468 1.226166872E+07 2.69085 3.57682 4.64222 14.55285 3.81806
469 1.226169149E+07 2.69772 3.57579 4.65184 14.55283 3.81806
470 1.226171494E+07 2.70453 3.57478 4.66141 14.55281 3.81806
471 1.226173919E+07 2.71140 3.57376 4.67108 14.55279 3.81807
472 1.226176419E+07 2.71811 3.57277 4.68055 14.55277 3.81807
473 1.226179034E+07 2.72474 3.57179 4.68990 14.55275 3.81807
474 1.226181784E+07 2.73139 3.57082 4.69930 14.55273 3.81807
475 1.226184671E+07 2.73787 3.56987 4.70847 14.55270 3.81807
476 1.226187746E+07 2.74422 3.56895 4.71746 14.55267 3.81808
477 1.226191043E+07 2.75055 3.56803 4.72645 14.55264 3.81808
478 1.226194575E+07 2.75669 3.56713 4.73517 14.55261 3.81808
479 1.226198415E+07 2.76269 3.56627 4.74368 14.55258 3.81808
480 1.226202619E+07 2.76860 3.56541 4.75208 14.55254 3.81809
481 1.226207240E+07 2.77429 3.56459 4.76018 14.55249 3.81808
482 1.226212390E+07 2.77984 3.56379 4.76808 14.55244 3.81808
483 1.226218165E+07 2.78521 3.56302 4.77573 14.55238 3.81808
484 1.226224711E+07 2.79034 3.56228 4.78304 14.55231 3.81808
485 1.226232222E+07 2.79529 3.56157 4.79012 14.55223 3.81808
486 1.226240926E+07 2.79995 3.56091 4.79677 14.55214 3.81808
487 1.226251189E+07 2.80435 3.56028 4.80307 14.55203 3.81808
488 1.226263497E+07 2.80842 3.55970 4.80888 14.55189 3.81808
489 1.226278266E+07 2.81205 3.55919 4.81410 14.55172 3.81808
490 1.226295989E+07 2.81521 3.55874 4.81863 14.55152 3.81808
491 1.226317257E+07 2.81783 3.55838 4.82240 14.55128 3.81808
492 1.226342779E+07 2.82001 3.55807 4.82555 14.55098 3.81808
493 1.226373405E+07 2.82187 3.55781 4.82823 14.55063 3.81808
494 1.226410156E+07 2.82355 3.55758 4.83065 14.55020 3.81809
495 1.226454258E+07 2.82520 3.55734 4.83302 14.54968 3.81810
496 1.226507179E+07 2.82694 3.55710 4.83551 14.54906 3.81812
497 1.226570685E+07 2.82874 3.55684 4.83809 14.54830 3.81816
498 1.226646893E+07 2.83059 3.55658 4.84074 14.54739 3.81819
499 1.226737643E+07 2.83242 3.55632 4.84337 14.54629 3.81819
500 1.226844887E+07 2.83410 3.55608 4.84578 14.54499 3.81824
501 1.226973220E+07 2.83561 3.55587 4.84795 14.54343 3.81835
502 1.227127221E+07 2.83685 3.55570 4.84974 14.54155 3.81846
503 1.227312021E+07 2.83780 3.55557 4.85111 14.53928 3.81875
504 1.227533781E+07 2.83838 3.55549 4.85196 14.53655 3.81935
505 1.227799894E+07 2.83852 3.55547 4.85216 14.53328 3.82056
506 1.228101999E+07 2.83813 3.55552 4.85161 14.52956 3.82303
507 1.228425496E+07 2.83726 3.55565 4.85035 14.52560 3.82731
508 1.228755133E+07 2.83607 3.55581 4.84862 14.52158 3.83319
509 1.229100009E+07 2.83464 3.55601 4.84656 14.51739 3.84120
510 1.229472267E+07 2.83298 3.55624 4.84418 14.51290 3.85153
511 1.229873190E+07 2.83111 3.55651 4.84150 14.50809 3.86304
512 1.230294129E+07 2.82909 3.55679 4.83859 14.50307 3.87548
513 1.230731559E+07 2.82694 3.55710 4.83551 14.49790 3.88979
514 1.231185927E+07 2.82469 3.55741 4.83228 14.49258 3.90437
515 1.231660636E+07 2.82236 3.55775 4.82894 14.48705 3.91923
516 1.232155327E+07 2.81995 3.55809 4.82550 14.48135 3.93427
517 1.232669190E+07 2.81748 3.55844 4.82196 14.47547 3.94942
518 1.233201095E+07 2.81493 3.55881 4.81833 14.46944 3.96459
519 1.233749988E+07 2.81230 3.55918 4.81458 14.46327 3.97971
520 1.234313412E+07 2.80958 3.55958 4.81070 14.45700 3.99469
521 1.234889239E+07 2.80676 3.55998 4.80671 14.45065 4.00944
522 1.235475329E+07 2.80388 3.56040 4.80262 14.44425 4.02390
523 1.236073376E+07 2.80094 3.56083 4.79846 14.43778 4.03811
524 1.236683786E+07 2.79796 3.56127 4.79424 14.43125 4.05208
525 1.237310183E+07 2.79493 3.56172 4.78997 14.42461 4.06588
526 1.237949681E+07 2.79187 3.56217 4.78566 14.41791 4.07945
527 1.238604728E+07 2.78876 3.56264 4.78129 14.41111 4.09282
528 1.239270856E+07 2.78561 3.56311 4.77689 14.40428 4.10592
529 1.239948360E+07 2.78244 3.56359 4.77246 14.39739 4.11875
530 1.240634161E+07 2.77924 3.56407 4.76801 14.39050 4.13124
531 1.241328897E+07 2.77603 3.56457 4.76356 14.38359 4.14343
532 1.242031925E+07 2.77282 3.56506 4.75912 14.37668 4.15531
533 1.242745506E+07 2.76961 3.56556 4.75470 14.36973 4.16693
534 1.243470343E+07 2.76641 3.56606 4.75032 14.36275 4.17831
535 1.244208562E+07 2.76324 3.56657 4.74598 14.35571 4.18949
536 1.244964419E+07 2.76009 3.56707 4.74171 14.34858 4.20052
537 1.245735285E+07 2.75698 3.56758 4.73750 14.34138 4.21139
538 1.246525475E+07 2.75390 3.56808 4.73336 14.33407 4.22214
539 1.247331673E+07 2.75087 3.56858 4.72931 14.32668 4.23272
540 1.248153098E+07 2.74788 3.56908 4.72534 14.31923 4.24310
541 1.248992411E+07 2.74494 3.56958 4.72146 14.31169 4.25334
542 1.249846197E+07 2.74207 3.57008 4.71770 14.30408 4.26338
543 1.250715986E+07 2.73927 3.57057 4.71406 14.29640 4.27325
544 1.251609114E+07 2.73653 3.57106 4.71054 14.28859 4.28304
545 1.252528129E+07 2.73388 3.57154 4.70716 14.28061 4.29276
546 1.253469687E+07 2.73132 3.57202 4.70394 14.27250 4.30237
547 1.254442624E+07 2.72885 3.57248 4.70086 14.26418 4.31195
548 1.255447905E+07 2.72646 3.57294 4.69794 14.25564 4.32151
549 1.256474497E+07 2.72418 3.57340 4.69520 14.24698 4.33093
550 1.257519192E+07 2.72202 3.57384 4.69264 14.23822 4.34018
551 1.258587478E+07 2.71996 3.57427 4.69024 14.22932 4.34932
552 1.259677055E+07 2.71801 3.57469 4.68804 14.22029 4.35831
553 1.260771732E+07 2.71619 3.57510 4.68603 14.21126 4.36705
554 1.261875860E+07 2.71448 3.57550 4.68420 14.20219 4.37556
555 1.262999167E+07 2.71288 3.57589 4.68254 14.19300 4.38394
556 1.264148018E+07 2.71139 3.57626 4.68108 14.18364 4.39222
557 1.265310209E+07 2.71003 3.57663 4.67981 14.17419 4.40034
558 1.266494700E+07 2.70877 3.57698 4.67870 14.16459 4.40835
559 1.267713842E+07 2.70762 3.57732 4.67774 14.15473 4.41635
560 1.268968250E+07 2.70656 3.57765 4.67695 14.14460 4.42432
561 1.270240977E+07 2.70560 3.57797 4.67634 14.13434 4.43217
562 1.271520634E+07 2.70474 3.57829 4.67586 14.12403 4.43984
563 1.272823024E+07 2.70395 3.57859 4.67551 14.11355 4.44744
564 1.274143008E+07 2.70323 3.57889 4.67526 14.10293 4.45494
565 1.275477810E+07 2.70258 3.57920 4.67519 14.09219 4.46235
566 1.276790221E+07 2.70201 3.57949 4.67521 14.08163 4.46949
567 1.278123038E+07 2.70151 3.57977 4.67533 14.07089 4.47661
568 1.279490299E+07 2.70109 3.58003 4.67555 14.05987 4.48379
569 1.280901356E+07 2.70073 3.58030 4.67590 14.04849 4.49105
570 1.282340871E+07 2.70044 3.58056 4.67636 14.03685 4.49761
571 1.283808564E+07 2.70021 3.58081 4.67690 14.02497 4.50407
572 1.285337257E+07 2.70005 3.58104 4.67751 14.01258 4.51055
573 1.286925212E+07 2.69994 3.58127 4.67819 13.99968 4.51704
574 1.288570524E+07 2.69989 3.58149 4.67899 13.98628 4.52353
575 1.290234333E+07 2.69988 3.58171 4.67985 13.97269 4.52987
576 1.291915170E+07 2.69990 3.58192 4.68072 13.95893 4.53607
577 1.293643324E+07 2.69998 3.58210 4.68161 13.94475 4.54225
578 1.295448902E+07 2.70011 3.58226 4.68250 13.92989 4.54855
579 1.297364096E+07 2.70031 3.58237 4.68336 13.91410 4.55508
580 1.299453338E+07 2.70062 3.58244 4.68425 13.89682 4.56209
581 1.301741966E+07 2.70104 3.58244 4.68509 13.87785 4.56972
582 1.304271597E+07 2.70161 3.58234 4.68582 13.85685 4.57826
583 1.307014115E+07 2.70233 3.58213 4.68642 13.83404 4.58655
584 1.309765367E+07 2.70317 3.58182 4.68686 13.81115 4.59325
585 1.312226578E+07 2.70400 3.58148 4.68714 13.79065 4.59888
586 1.314444540E+07 2.70483 3.58112 4.68738 13.77218 4.60377
587 1.316512963E+07 2.70568 3.58075 4.68760 13.75495 4.60826
588 1.318425018E+07 2.70653 3.58038 4.68780 13.73901 4.61245
589 1.320209108E+07 2.70738 3.58000 4.68802 13.72414 4.61652
590 1.321892610E+07 2.70824 3.57964 4.68826 13.71011 4.62061
591 1.323495484E+07 2.70911 3.57927 4.68853 13.69674 4.62488
592 1.325028773E+07 2.70998 3.57891 4.68884 13.68394 4.62788
593 1.326500585E+07 2.71087 3.57856 4.68921 13.67165 4.63010
594 1.327936562E+07 2.71178 3.57822 4.68966 13.65965 4.63216
595 1.329350895E+07 2.71272 3.57786 4.69013 13.64782 4.63403
596 1.330691455E+07 2.71369 3.57751 4.69065 13.63660 4.63570
597 1.331957379E+07 2.71470 3.57715 4.69123 13.62599 4.63724
598 1.333158946E+07 2.71572 3.57679 4.69186 13.61590 4.63875
599 1.334304958E+07 2.71678 3.57644 4.69255 13.60627 4.64030
600 1.335405862E+07 2.71785 3.57609 4.69330 13.59700 4.64195
601 1.336466715E+07 2.71895 3.57575 4.69414 13.58805 4.64378
602 1.337504111E+07 2.72008 3.57541 4.69504 13.57928 4.64585
603 1.338518355E+07 2.72123 3.57507 4.69600 13.57069 4.64703
604 1.339504956E+07 2.72241 3.57474 4.69701 13.56232 4.64772
605 1.340466400E+07 2.72362 3.57440 4.69808 13.55414 4.64835
606 1.341400851E+07 2.72485 3.57407 4.69921 13.54617 4.64896
607 1.342309201E+07 2.72611 3.57373 4.70039 13.53839 4.64958
608 1.343192634E+07 2.72740 3.57340 4.70163 13.53082 4.65023
609 1.344050744E+07 2.72871 3.57307 4.70293 13.52343 4.65093
610 1.344884404E+07 2.73004 3.57274 4.70429 13.51624 4.65170
611 1.345701844E+07 2.73141 3.57241 4.70571 13.50916 4.65258
612 1.346493449E+07 2.73280 3.57209 4.70719 13.50228 4.65358
613 1.347258070E+07 2.73422 3.57176 4.70871 13.49561 4.65472
614 1.347993956E+07 2.73566 3.57143 4.71029 13.48917 4.65602
615 1.348700798E+07 2.73713 3.57110 4.71192 13.48296 4.65688
616 1.349377259E+07 2.73863 3.57077 4.71360 13.47699 4.65725
617 1.350024252E+07 2.74018 3.57044 4.71535 13.47126 4.65759
618 1.350640612E+07 2.74176 3.57010 4.71717 13.46578 4.65792
619 1.351224400E+07 2.74338 3.56976 4.71905 13.46056 4.65825
620 1.351774904E+07 2.74504 3.56942 4.72100 13.45562 4.65860
621 1.352294993E+07 2.74673 3.56908 4.72302 13.45093 4.65898
622 1.352781481E+07 2.74846 3.56873 4.72510 13.44653 4.65939
623 1.353233886E+07 2.75023 3.56838 4.72724 13.44241 4.65984
624 1.353652814E+07 2.75204 3.56803 4.72944 13.43857 4.66035
625 1.354038580E+07 2.75389 3.56767 4.73171 13.43502 4.66094
626 1.354391508E+07 2.75578 3.56731 4.73405 13.43176 4.66160
627 1.354712477E+07 2.75771 3.56695 4.73645 13.42877 4.66225
628 1.355002385E+07 2.75969 3.56658 4.73892 13.42606 4.66225
629 1.355262947E+07 2.76170 3.56620 4.74145 13.42360 4.66220
630 1.355496605E+07 2.76378 3.56582 4.74408 13.42139 4.66213
631 1.355703633E+07 2.76589 3.56543 4.74677 13.41942 4.66204
632 1.355885185E+07 2.76804 3.56505 4.74950 13.41768 4.66195
633 1.356043135E+07 2.77020 3.56466 4.75228 13.41615 4.66187
634 1.356179603E+07 2.77239 3.56427 4.75508 13.41483 4.66181
635 1.356296866E+07 2.77457 3.56388 4.75789 13.41368 4.66179
636 1.356397419E+07 2.77676 3.56349 4.76071 13.41269 4.66184
637 1.356483290E+07 2.77892 3.56310 4.76350 13.41184 4.66196
638 1.356556313E+07 2.78107 3.56273 4.76629 13.41111 4.66199
639 1.356618145E+07 2.78318 3.56235 4.76901 13.41049 4.66158
640 1.356670464E+07 2.78523 3.56199 4.77167 13.40996 4.66116
641 1.356714873E+07 2.78723 3.56164 4.77426 13.40951 4.66076
642 1.356752005E+07 2.78914 3.56130 4.77673 13.40913 4.66042
643 1.356782936E+07 2.79096 3.56098 4.77907 13.40881 4.66014
644 1.356808480E+07 2.79264 3.56068 4.78122 13.40855 4.65995
645 1.356829617E+07 2.79420 3.56039 4.78321 13.40833 4.65988
646 1.356847736E+07 2.79571 3.56012 4.78516 13.40814 4.65989
647 1.356865385E+07 2.79741 3.55982 4.78733 13.40796 4.65948
648 1.356882530E+07 2.79931 3.55948 4.78980 13.40778 4.65911
649 1.356899177E+07 2.80143 3.55912 4.79257 13.40760 4.65881
650 1.356915178E+07 2.80374 3.55872 4.79559 13.40743 4.65857
651 1.356930613E+07 2.80621 3.55830 4.79885 13.40726 4.65841
652 1.356945610E+07 2.80883 3.55785 4.80231 13.40710 4.65831
653 1.356960286E+07 2.81152 3.55740 4.80588 13.40694 4.65828
654 1.356974733E+07 2.81428 3.55693 4.80954 13.40678 4.65831
655 1.356989026E+07 2.81712 3.55646 4.81331 13.40662 4.65824
656 1.357003234E+07 2.81997 3.55598 4.81711 13.40646 4.65803
657 1.357017446E+07 2.82284 3.55550 4.82092 13.40630 4.65784
658 1.357031710E+07 2.82574 3.55502 4.82478 13.40614 4.65768
659 1.357046030E+07 2.82863 3.55453 4.82863 13.40598 4.65756
660 1.357060443E+07 2.83150 3.55405 4.83245 13.40581 4.65747
661 1.357074963E+07 2.83438 3.55357 4.83626 13.40564 4.65742
662 1.357089607E+07 2.83724 3.55308 4.84007 13.40547 4.65741
663 1.357104400E+07 2.84008 3.55261 4.84383 13.40529 4.65743
664 1.357119353E+07 2.84291 3.55213 4.84757 13.40511 4.65750
665 1.357134474E+07 2.84573 3.55165 4.85130 13.40493 4.65749
666 1.357149792E+07 2.84851 3.55118 4.85498 13.40474 4.65737
667 1.357165358E+07 2.85127 3.55071 4.85864 13.40455 4.65728
668 1.357181194E+07 2.85404 3.55025 4.86231 13.40435 4.65721
669 1.357197311E+07 2.85675 3.54979 4.86591 13.40415 4.65717
670 1.357213748E+07 2.85946 3.54933 4.86951 13.40394 4.65716
671 1.357230552E+07 2.86214 3.54889 4.87307 13.40373 4.65718
672 1.357247787E+07 2.86487 3.54843 4.87671 13.40351 4.65722
673 1.357265555E+07 2.86748 3.54800 4.88019 13.40328 4.65731
674 1.357283883E+07 2.86997 3.54758 4.88352 13.40304 4.65743
675 1.357302712E+07 2.87236 3.54719 4.88671 13.40279 4.65751
676 1.357322001E+07 2.87466 3.54681 4.88978 13.40254 4.65749
677 1.357341758E+07 2.87684 3.54645 4.89272 13.40228 4.65750
678 1.357362033E+07 2.87892 3.54611 4.89550 13.40200 4.65754
679 1.357382712E+07 2.88088 3.54579 4.89814 13.40172 4.65760
680 1.357403793E+07 2.88272 3.54549 4.90063 13.40144 4.65768
681 1.357425276E+07 2.88445 3.54521 4.90297 13.40115 4.65780
682 1.357447186E+07 2.88607 3.54495 4.90516 13.40085 4.65795
683 1.357469585E+07 2.88755 3.54471 4.90718 13.40054 4.65814
684 1.357492547E+07 2.88889 3.54449 4.90899 13.40022 4.65833
685 1.357516155E+07 2.89006 3.54430 4.91058 13.39989 4.65841
686 1.357540500E+07 2.89104 3.54415 4.91191 13.39955 4.65852
687 1.357565891E+07 2.89181 3.54402 4.91295 13.39920 4.65865
688 1.357592146E+07 2.89233 3.54394 4.91364 13.39883 4.65881
689 1.357619225E+07 2.89257 3.54389 4.91394 13.39846 4.65902
690 1.357646997E+07 2.89251 3.54389 4.91382 13.39807 4.65927
691 1.357675121E+07 2.89216 3.54393 4.91329 13.39767 4.65957
692 1.357703202E+07 2.89156 3.54401 4.91241 13.39728 4.65978
693 1.357731075E+07 2.89076 3.54412 4.91124 13.39690 4.65990
694 1.357758880E+07 2.88981 3.54425 4.90986 13.39651 4.66003
695 1.357786439E+07 2.88879 3.54439 4.90837 13.39613 4.66020
696 1.357813637E+07 2.88773 3.54454 4.90684 13.39576 4.66041
697 1.357840487E+07 2.88669 3.54468 4.90534 13.39539 4.66070
698 1.357867037E+07 2.88572 3.54481 4.90394 13.39503 4.66068
699 1.357893329E+07 2.88485 3.54493 4.90267 13.39467 4.66068
700 1.357919958E+07 2.88410 3.54503 4.90159 13.39431 4.66073
701 1.357946422E+07 2.88352 3.54511 4.90073 13.39395 4.66090
702 1.357972526E+07 2.88313 3.54516 4.90016 13.39360 4.66090
703 1.357998203E+07 2.88294 3.54519 4.89988 13.39325 4.66077
704 1.358023924E+07 2.88295 3.54518 4.89987 13.39290 4.66073
705 1.358049611E+07 2.88315 3.54515 4.90015 13.39256 4.66086
706 1.358074831E+07 2.88355 3.54509 4.90071 13.39222 4.66069
707 1.358099445E+07 2.88411 3.54501 4.90152 13.39188 4.66052
708 1.358124109E+07 2.88486 3.54491 4.90258 13.39155 4.66050
709 1.358148421E+07 2.88576 3.54478 4.90388 13.39122 4.66053
710 1.358172130E+07 2.88679 3.54464 4.90536 13.39089 4.66027
711 1.358195403E+07 2.88792 3.54448 4.90700 13.39057 4.66015
712 1.358218694E+07 2.88918 3.54430 4.90881 13.39025 4.66022
713 1.358241516E+07 2.89050 3.54412 4.91074 13.38993 4.66002
714 1.358263779E+07 2.89189 3.54393 4.91275 13.38962 4.65984
715 1.358286047E+07 2.89335 3.54373 4.91487 13.38931 4.65981
716 1.358308047E+07 2.89485 3.54353 4.91707 13.38900 4.65978
717 1.358329593E+07 2.89637 3.54333 4.91929 13.38870 4.65956
718 1.358350893E+07 2.89792 3.54312 4.92156 13.38839 4.65947
719 1.358372181E+07 2.89951 3.54291 4.92388 13.38809 4.65956
720 1.358393112E+07 2.90108 3.54270 4.92620 13.38779 4.65933
721 1.358413625E+07 2.90265 3.54249 4.92850 13.38749 4.65920
722 1.358434239E+07 2.90424 3.54228 4.93084 13.38719 4.65922
723 1.358454555E+07 2.90581 3.54207 4.93316 13.38689 4.65915
724 1.358474481E+07 2.90736 3.54187 4.93545 13.38660 4.65898
725 1.358494269E+07 2.90890 3.54167 4.93773 13.38630 4.65895
726 1.358513940E+07 2.91043 3.54147 4.93999 13.38601 4.65902
727 1.358533263E+07 2.91193 3.54128 4.94222 13.38572 4.65882
728 1.358552249E+07 2.91340 3.54109 4.94440 13.38543 4.65874
729 1.358571246E+07 2.91486 3.54090 4.94657 13.38515 4.65880
730 1.358589908E+07 2.91629 3.54072 4.94870 13.38486 4.65871
731 1.358608187E+07 2.91768 3.54054 4.95078 13.38458 4.65859
732 1.358626323E+07 2.91905 3.54037 4.95283 13.38430 4.65859
733 1.358644239E+07 2.92040 3.54020 4.95484 13.38402 4.65866
734 1.358661791E+07 2.92171 3.54004 4.95680 13.38375 4.65850
735 1.358679015E+07 2.92298 3.53988 4.95871 13.38348 4.65845
736 1.358696126E+07 2.92424 3.53972 4.96060 13.38321 4.65852
737 1.358712883E+07 2.92546 3.53957 4.96244 13.38295 4.65846
738 1.358729258E+07 2.92665 3.53942 4.96422 13.38269 4.65837
739 1.358745412E+07 2.92781 3.53928 4.96597 13.38243 4.65838
740 1.358761290E+07 2.92894 3.53914 4.96768 13.38217 4.65848
741 1.358776801E+07 2.93003 3.53901 4.96933 13.38192 4.65835
742 1.358791948E+07 2.93110 3.53888 4.97094 13.38168 4.65830
743 1.358806902E+07 2.93214 3.53875 4.97251 13.38144 4.65836
744 1.358821489E+07 2.93314 3.53863 4.97404 13.38120 4.65838
745 1.358835689E+07 2.93411 3.53851 4.97551 13.38097 4.65829
746 1.358849571E+07 2.93506 3.53840 4.97694 13.38074 4.65828
747 1.358863166E+07 2.93597 3.53829 4.97833 13.38051 4.65837
748 1.358876381E+07 2.93685 3.53818 4.97968 13.38029 4.65834
749 1.358889211E+07 2.93770 3.53808 4.98097 13.38008 4.65828
750 1.358901750E+07 2.93853 3.53798 4.98223 13.37987 4.65829
751 1.358913962E+07 2.93932 3.53789 4.98344 13.37967 4.65840
752 1.358925803E+07 2.94008 3.53780 4.98461 13.37947 4.65834
753 1.358937271E+07 2.94082 3.53771 4.98574 13.37928 4.65830
754 1.358948462E+07 2.94153 3.53763 4.98682 13.37909 4.65832
755 1.358959319E+07 2.94221 3.53755 4.98787 13.37890 4.65842
756 1.358969828E+07 2.94287 3.53747 4.98888 13.37872 4.65839
757 1.358979991E+07 2.94350 3.53740 4.98985 13.37855 4.65835
758 1.358989879E+07 2.94411 3.53733 4.99078 13.37838 4.65837
759 1.358999457E+07 2.94469 3.53726 4.99167 13.37822 4.65846
760 1.359008713E+07 2.94525 3.53720 4.99253 13.37806 4.65847
761 1.359017653E+07 2.94578 3.53714 4.99335 13.37791 4.65843
762 1.359026316E+07 2.94629 3.53708 4.99414 13.37776 4.65843
763 1.359034710E+07 2.94679 3.53702 4.99490 13.37761 4.65849
764 1.359042813E+07 2.94726 3.53697 4.99562 13.37747 4.65860
765 1.359050637E+07 2.94772 3.53691 4.99634 13.37734 4.65854
766 1.359058193E+07 2.94816 3.53686 4.99701 13.37720 4.65852
767 1.359065512E+07 2.94858 3.53681 4.99765 13.37708 4.65855
768 1.359072561E+07 2.94898 3.53676 4.99826 13.37695 4.65863
769 1.359079344E+07 2.94936 3.53672 4.99884 13.37684 4.65869
770 1.359085862E+07 2.94972 3.53668 4.99939 13.37672 4.65865
771 1.359092133E+07 2.95006 3.53663 4.99991 13.37661 4.65864
772 1.359098171E+07 2.95039 3.53659 5.00040 13.37651 4.65868
773 1.359103966E+07 2.95070 3.53656 5.00087 13.37640 4.65876
774 1.359109524E+07 2.95100 3.53652 5.00131 13.37631 4.65883
775 1.359114854E+07 2.95128 3.53648 5.00173 13.37621 4.65879
776 1.359119970E+07 2.95155 3.53645 5.00213 13.37612 4.65878
777 1.359124885E+07 2.95180 3.53641 5.00250 13.37604 4.65881
778 1.359129599E+07 2.95205 3.53638 5.00285 13.37595 4.65888
779 1.359134121E+07 2.95228 3.53635 5.00318 13.37587 4.65898
780 1.359138459E+07 2.95249 3.53632 5.00350 13.37580 4.65897
781 1.359142624E+07 2.95271 3.53628 5.00380 13.37572 4.65895
782 1.359146636E+07 2.95293 3.53625 5.00410 13.37565 4.65896
783 1.359150499E+07 2.95313 3.53622 5.00439 13.37558 4.65900
784 1.359154222E+07 2.95333 3.53619 5.00465 13.37552 4.65906
785 1.359157817E+07 2.95351 3.53616 5.00489 13.37545 4.65916
786 1.359161299E+07 2.95368 3.53613 5.00511 13.37539 4.65916
787 1.359164682E+07 2.95385 3.53610 5.00532 13.37533 4.65914
788 1.359167988E+07 2.95401 3.53607 5.00552 13.37527 4.65915
789 1.359171233E+07 2.95416 3.53604 5.00571 13.37521 4.65918
790 1.359174441E+07 2.95431 3.53600 5.00589 13.37516 4.65923
791 1.359177662E+07 2.95446 3.53597 5.00606 13.37510 4.65932
792 1.359180974E+07 2.95461 3.53594 5.00624 13.37504 4.65938
793 1.359184508E+07 2.95476 3.53591 5.00641 13.37498 4.65935
794 1.359188609E+07 2.95492 3.53588 5.00660 13.37491 4.65934
795 1.359193530E+07 2.95507 3.53585 5.00681 13.37482 4.65935
795 1.359192546E+07 2.95505 3.53586 5.00676 13.37484 4.65934
795 1.359191758E+07 2.95502 3.53586 5.00673 13.37485 4.65934
795 1.359191129E+07 2.95500 3.53586 5.00671 13.37486 4.65934
795 1.359190625E+07 2.95499 3.53587 5.00669 13.37487 4.65934
796 1.359192640E+07 2.95505 3.53586 5.00677 13.37483 4.65935
796 1.359192237E+07 2.95504 3.53586 5.00675 13.37484 4.65935
796 1.359191915E+07 2.95503 3.53586 5.00674 13.37485 4.65935
797 1.359193205E+07 2.95507 3.53585 5.00680 13.37482 4.65935
798 1.359194495E+07 2.95511 3.53585 5.00685 13.37480 4.65936
799 1.359195785E+07 2.95514 3.53584 5.00689 13.37478 4.65936
800 1.359197075E+07 2.95518 3.53584 5.00694 13.37475 4.65937
800 1.359196817E+07 2.95517 3.53584 5.00693 13.37476 4.65936
800 1.359196611E+07 2.95516 3.53584 5.00692 13.37476 4.65936
801 1.359197436E+07 2.95519 3.53584 5.00695 13.37475 4.65937
802 1.359198262E+07 2.95521 3.53583 5.00698 13.37473 4.65937
803 1.359199088E+07 2.95522 3.53583 5.00701 13.37472 4.65937
804 1.359199913E+07 2.95524 3.53583 5.00704 13.37470 4.65937
805 1.359200904E+07 2.95526 3.53582 5.00707 13.37469 4.65938
806 1.359202093E+07 2.95529 3.53582 5.00711 13.37467 4.65938
807 1.359203520E+07 2.95532 3.53582 5.00715 13.37464 4.65939
808 1.359205232E+07 2.95536 3.53581 5.00720 13.37461 4.65940
809 1.359207286E+07 2.95541 3.53580 5.00727 13.37457 4.65943
809 1.359206875E+07 2.95540 3.53580 5.00725 13.37458 4.65942
810 1.359208519E+07 2.95545 3.53579 5.00731 13.37455 4.65944
810 1.359208190E+07 2.95544 3.53579 5.00730 13.37456 4.65944
810 1.359207927E+07 2.95543 3.53580 5.00729 13.37456 4.65943
811 1.359208979E+07 2.95546 3.53579 5.00733 13.37454 4.65945
811 1.359208769E+07 2.95546 3.53579 5.00732 13.37455 4.65945
812 1.359209610E+07 2.95549 3.53579 5.00736 13.37453 4.65946
813 1.359210452E+07 2.95552 3.53578 5.00740 13.37452 4.65947
814 1.359211293E+07 2.95555 3.53578 5.00744 13.37450 4.65948
815 1.359212135E+07 2.95558 3.53577 5.00748 13.37449 4.65949
816 1.359213145E+07 2.95562 3.53576 5.00753 13.37447 4.65951
817 1.359214356E+07 2.95568 3.53575 5.00760 13.37445 4.65954
818 1.359215810E+07 2.95575 3.53574 5.00768 13.37442 4.65959
819 1.359217555E+07 2.95585 3.53571 5.00779 13.37439 4.65958
820 1.359219649E+07 2.95599 3.53568 5.00794 13.37435 4.65956
821 1.359222129E+07 2.95620 3.53563 5.00817 13.37431 4.65955
822 1.359224026E+07 2.95640 3.53558 5.00837 13.37427 4.65957
823 1.359225510E+07 2.95657 3.53554 5.00853 13.37425 4.65960
824 1.359226698E+07 2.95672 3.53549 5.00865 13.37423 4.65966
825 1.359227670E+07 2.95686 3.53545 5.00875 13.37421 4.65973
826 1.359228488E+07 2.95698 3.53541 5.00882 13.37419 4.65981
827 1.359229210E+07 2.95709 3.53537 5.00889 13.37418 4.65979
828 1.359229866E+07 2.95720 3.53533 5.00895 13.37417 4.65978
829 1.359230476E+07 2.95730 3.53529 5.00900 13.37416 4.65978
830 1.359231050E+07 2.95741 3.53525 5.00905 13.37415 4.65979
831 1.359231597E+07 2.95751 3.53521 5.00909 13.37414 4.65982
832 1.359232122E+07 2.95762 3.53516 5.00913 13.37413 4.65985
833 1.359232632E+07 2.95772 3.53512 5.00917 13.37412 4.65989
834 1.359233129E+07 2.95783 3.53508 5.00920 13.37411 4.65995
835 1.359233617E+07 2.95793 3.53503 5.00924 13.37410 4.66002
836 1.359234098E+07 2.95804 3.53499 5.00927 13.37409 4.66007
837 1.359234577E+07 2.95817 3.53494 5.00933 13.37408 4.66005
838 1.359235057E+07 2.95831 3.53489 5.00941 13.37408 4.66005
839 1.359235541E+07 2.95846 3.53483 5.00949 13.37407 4.66005
840 1.359236033E+07 2.95860 3.53478 5.00957 13.37406 4.66006
841 1.359236540E+07 2.95875 3.53473 5.00966 13.37405 4.66008
842 1.359237068E+07 2.95891 3.53467 5.00975 13.37404 4.66011
843 1.359237622E+07 2.95906 3.53462 5.00984 13.37403 4.66016
844 1.359238209E+07 2.95922 3.53457 5.00996 13.37402 4.66020
844 1.359238092E+07 2.95919 3.53458 5.00993 13.37402 4.66019
845 1.359238562E+07 2.95930 3.53455 5.01003 13.37401 4.66022
845 1.359238468E+07 2.95928 3.53455 5.01001 13.37402 4.66022
845 1.359238393E+07 2.95926 3.53455 5.00999 13.37402 4.66021
845 1.359238333E+07 2.95925 3.53456 5.00997 13.37402 4.66021
846 1.359238573E+07 2.95931 3.53454 5.01003 13.37401 4.66023
846 1.359238525E+07 2.95930 3.53454 5.01001 13.37401 4.66022
846 1.359238487E+07 2.95929 3.53455 5.01001 13.37401 4.66022
847 1.359238641E+07 2.95933 3.53454 5.01004 13.37401 4.66023
848 1.359238795E+07 2.95936 3.53453 5.01008 13.37401 4.66024
849 1.359238949E+07 2.95940 3.53452 5.01012 13.37401 4.66025
850 1.359239103E+07 2.95943 3.53452 5.01016 13.37400 4.66026
851 1.359239288E+07 2.95947 3.53451 5.01021 13.37400 4.66027
852 1.359239509E+07 2.95951 3.53450 5.01026 13.37400 4.66028
853 1.359239776E+07 2.95955 3.53449 5.01032 13.37399 4.66029
853 1.359239722E+07 2.95954 3.53449 5.01031 13.37399 4.66028
854 1.359239935E+07 2.95957 3.53450 5.01038 13.37399 4.66028
855 1.359240148E+07 2.95960 3.53450 5.01043 13.37398 4.66028
856 1.359240361E+07 2.95963 3.53449 5.01047 13.37398 4.66028
857 1.359240574E+07 2.95965 3.53449 5.01051 13.37398 4.66029
858 1.359240829E+07 2.95968 3.53448 5.01054 13.37397 4.66030
859 1.359241136E+07 2.95971 3.53448 5.01056 13.37397 4.66032
860 1.359241504E+07 2.95974 3.53446 5.01057 13.37396 4.66034
861 1.359241945E+07 2.95977 3.53444 5.01056 13.37395 4.66038
862 1.359242475E+07 2.95980 3.53441 5.01051 13.37394 4.66038
863 1.359243111E+07 2.95984 3.53437 5.01042 13.37393 4.66037
864 1.359243752E+07 2.95989 3.53431 5.01028 13.37392 4.66037
864 1.359243623E+07 2.95988 3.53433 5.01031 13.37392 4.66037
864 1.359243521E+07 2.95987 3.53434 5.01034 13.37392 4.66037
865 1.359243931E+07 2.95990 3.53430 5.01024 13.37392 4.66037
866 1.359244341E+07 2.95994 3.53425 5.01012 13.37391 4.66039
866 1.359244259E+07 2.95993 3.53426 5.01014 13.37391 4.66038
867 1.359244587E+07 2.95996 3.53422 5.01003 13.37391 4.66040
868 1.359244915E+07 2.95999 3.53417 5.00991 13.37390 4.66043
869 1.359245243E+07 2.96003 3.53412 5.00978 13.37389 4.66047
870 1.359245571E+07 2.96009 3.53406 5.00965 13.37389 4.66053
871 1.359245836E+07 2.96015 3.53400 5.00956 13.37388 4.66059
872 1.359246083E+07 2.96022 3.53395 5.00946 13.37388 4.66066
873 1.359246307E+07 2.96029 3.53389 5.00938 13.37387 4.66067
874 1.359246513E+07 2.96036 3.53383 5.00929 13.37387 4.66066
875 1.359246703E+07 2.96042 3.53378 5.00921 13.37387 4.66066
876 1.359246880E+07 2.96049 3.53373 5.00913 13.37386 4.66067
877 1.359247047E+07 2.96055 3.53368 5.00905 13.37386 4.66068
878 1.359247207E+07 2.96062 3.53363 5.00898 13.37386 4.66071
879 1.359247362E+07 2.96068 3.53358 5.00890 13.37386 4.66074
880 1.359247513E+07 2.96074 3.53353 5.00883 13.37385 4.66078
880 1.359247483E+07 2.96073 3.53354 5.00884 13.37385 4.66077
881 1.359247604E+07 2.96077 3.53350 5.00880 13.37385 4.66081
882 1.359247724E+07 2.96082 3.53347 5.00876 13.37385 4.66086
882 1.359247700E+07 2.96081 3.53347 5.00877 13.37385 4.66084
883 1.359247797E+07 2.96085 3.53345 5.00874 13.37385 4.66088
884 1.359247894E+07 2.96088 3.53343 5.00873 13.37385 4.66092
885 1.359247990E+07 2.96092 3.53341 5.00872 13.37385 4.66095
886 1.359248087E+07 2.96095 3.53339 5.00872 13.37384 4.66098
887 1.359248203E+07 2.96098 3.53338 5.00875 13.37384 4.66099
888 1.359248342E+07 2.96102 3.53337 5.00878 13.37384 4.66099
889 1.359248509E+07 2.96107 3.53336 5.00882 13.37384 4.66098
890 1.359248709E+07 2.96113 3.53333 5.00882 13.37383 4.66098
891 1.359248950E+07 2.96120 3.53328 5.00876 13.37383 4.66097
891 1.359248901E+07 2.96118 3.53329 5.00878 13.37383 4.66098
891 1.359248863E+07 2.96117 3.53330 5.00880 13.37383 4.66098
891 1.359248832E+07 2.96116 3.53331 5.00881 13.37383 4.66098
892 1.359248955E+07 2.96120 3.53328 5.00878 13.37383 4.66098
893 1.359249078E+07 2.96124 3.53325 5.00873 13.37383 4.66098
894 1.359249202E+07 2.96129 3.53321 5.00868 13.37382 4.66099
895 1.359249325E+07 2.96135 3.53317 5.00861 13.37382 4.66101
896 1.359249437E+07 2.96141 3.53312 5.00853 13.37382 4.66103
897 1.359249529E+07 2.96146 3.53307 5.00846 13.37382 4.66107
898 1.359249608E+07 2.96151 3.53303 5.00839 13.37382 4.66112
899 1.359249677E+07 2.96156 3.53299 5.00832 13.37382 4.66118
