1 3.627725000E+04 0.71287 4.50028 4.38009 15.99967 0.00003
2 6.758101482E+04 0.71333 4.50019 4.38068 15.99939 0.00003
3 1.051455326E+05 0.71402 4.50005 4.38149 15.99905 0.00003
4 1.502229539E+05 0.71488 4.49987 4.38249 15.99864 0.00003
5 2.043158596E+05 0.71593 4.49965 4.38371 15.99815 0.00003
6 2.692273463E+05 0.71720 4.49938 4.38517 15.99756 0.00003
7 3.471211304E+05 0.71871 4.49907 4.38695 15.99684 0.00003
8 4.405936713E+05 0.72050 4.49872 4.38910 15.99597 0.00003
9 5.527607203E+05 0.72261 4.49831 4.39170 15.99491 0.00003
10 6.873611792E+05 0.72512 4.49784 4.39486 15.99363 0.00003
11 8.488817299E+05 0.72809 4.49732 4.39869 15.99207 0.00003
12 1.042706391E+06 0.73162 4.49672 4.40336 15.99016 0.00003
13 1.243656947E+06 0.73526 4.49613 4.40828 15.98814 0.00003
14 1.446688433E+06 0.73897 4.49553 4.41331 15.98605 0.00003
15 1.649492320E+06 0.74272 4.49493 4.41841 15.98393 0.00003
16 1.850725325E+06 0.74646 4.49434 4.42354 15.98177 0.00003
17 2.051043226E+06 0.75022 4.49376 4.42873 15.97957 0.00003
18 2.250439224E+06 0.75399 4.49318 4.43396 15.97734 0.00003
19 2.448531702E+06 0.75779 4.49260 4.43924 15.97506 0.00003
20 2.644965097E+06 0.76160 4.49202 4.44454 15.97276 0.00002
21 2.839444711E+06 0.76544 4.49144 4.44987 15.97043 0.00002
22 3.031729926E+06 0.76930 4.49084 4.45521 15.96807 0.00002
23 3.221603981E+06 0.77318 4.49024 4.46056 15.96569 0.00002
24 3.408889105E+06 0.77709 4.48962 4.46591 15.96328 0.00002
25 3.593431179E+06 0.78102 4.48899 4.47125 15.96086 0.00002
26 3.775018692E+06 0.78497 4.48834 4.47657 15.95843 0.00002
27 3.953375459E+06 0.78896 4.48767 4.48185 15.95598 0.00002
28 4.128057991E+06 0.79299 4.48697 4.48709 15.95354 0.00002
29 4.298468337E+06 0.79702 4.48624 4.49225 15.95110 0.00002
30 4.465054719E+06 0.80106 4.48550 4.49736 15.94867 0.00002
31 4.628666895E+06 0.80511 4.48475 4.50245 15.94624 0.00002
32 4.789399822E+06 0.80918 4.48398 4.50751 15.94380 0.00002
33 4.947211325E+06 0.81328 4.48319 4.51255 15.94136 0.00002
34 5.102071337E+06 0.81739 4.48238 4.51755 15.93892 0.00002
35 5.253998491E+06 0.82152 4.48156 4.52252 15.93649 0.00002
36 5.403003454E+06 0.82568 4.48071 4.52745 15.93405 0.00002
37 5.549104401E+06 0.82985 4.47985 4.53235 15.93162 0.00002
38 5.692311918E+06 0.83404 4.47897 4.53721 15.92920 0.00002
39 5.832625741E+06 0.83826 4.47806 4.54202 15.92678 0.00002
40 5.969991698E+06 0.84250 4.47714 4.54679 15.92438 0.00002
41 6.104290415E+06 0.84677 4.47618 4.55149 15.92199 0.00002
42 6.235263530E+06 0.85106 4.47518 4.55611 15.91962 0.00002
43 6.362625620E+06 0.85537 4.47417 4.56066 15.91729 0.00002
44 6.486835291E+06 0.85968 4.47314 4.56517 15.91498 0.00002
45 6.608329454E+06 0.86401 4.47209 4.56963 15.91269 0.00002
46 6.727416098E+06 0.86836 4.47103 4.57406 15.91042 0.00002
47 6.844168807E+06 0.87272 4.46994 4.57844 15.90816 0.00002
48 6.958625202E+06 0.87711 4.46883 4.58279 15.90592 0.00002
49 7.070840069E+06 0.88151 4.46771 4.58709 15.90370 0.00002
50 7.180863595E+06 0.88594 4.46656 4.59136 15.90150 0.00002
51 7.288720958E+06 0.89039 4.46539 4.59559 15.89931 0.00003
52 7.394406611E+06 0.89486 4.46420 4.59977 15.89715 0.00003
53 7.497924751E+06 0.89935 4.46299 4.60391 15.89501 0.00003
54 7.599278409E+06 0.90386 4.46176 4.60800 15.89289 0.00003
55 7.698444982E+06 0.90839 4.46050 4.61204 15.89080 0.00003
56 7.795364900E+06 0.91295 4.45922 4.61601 15.88874 0.00003
57 7.889849188E+06 0.91752 4.45790 4.61990 15.88672 0.00003
58 7.981813687E+06 0.92208 4.45658 4.62372 15.88474 0.00003
59 8.071801477E+06 0.92665 4.45524 4.62750 15.88279 0.00003
60 8.160070266E+06 0.93124 4.45388 4.63123 15.88086 0.00003
61 8.246657450E+06 0.93585 4.45250 4.63493 15.87896 0.00003
62 8.331561881E+06 0.94048 4.45110 4.63859 15.87709 0.00003
63 8.414800480E+06 0.94512 4.44968 4.64222 15.87524 0.00003
64 8.496394136E+06 0.94979 4.44825 4.64581 15.87343 0.00003
65 8.576370086E+06 0.95448 4.44679 4.64936 15.87164 0.00004
66 8.654716108E+06 0.95921 4.44531 4.65290 15.86989 0.00004
67 8.731275173E+06 0.96394 4.44382 4.65639 15.86817 0.00004
68 8.806279495E+06 0.96869 4.44230 4.65984 15.86648 0.00004
69 8.879787208E+06 0.97345 4.44077 4.66324 15.86482 0.00004
70 8.951792876E+06 0.97824 4.43922 4.66660 15.86317 0.00004
71 9.022261533E+06 0.98304 4.43764 4.66988 15.86124 0.00004
72 9.091052453E+06 0.98785 4.43604 4.67309 15.85902 0.00004
73 9.158080133E+06 0.99265 4.43442 4.67622 15.85654 0.00004
74 9.223523264E+06 0.99746 4.43278 4.67929 15.85379 0.00005
75 9.287629526E+06 1.00227 4.43113 4.68230 15.85076 0.00005
76 9.350470561E+06 1.00710 4.42946 4.68527 15.84747 0.00005
77 9.412061596E+06 1.01194 4.42777 4.68819 15.84390 0.00005
78 9.472425414E+06 1.01680 4.42606 4.69107 15.84006 0.00005
79 9.531590355E+06 1.02167 4.42433 4.69390 15.83596 0.00005
80 9.589588097E+06 1.02655 4.42258 4.69668 15.83160 0.00006
81 9.646449235E+06 1.03145 4.42082 4.69941 15.82699 0.00006
82 9.702191585E+06 1.03636 4.41904 4.70211 15.82212 0.00006
83 9.756842902E+06 1.04129 4.41724 4.70475 15.81700 0.00006
84 9.810412300E+06 1.04622 4.41542 4.70736 15.81164 0.00006
85 9.862913538E+06 1.05117 4.41358 4.70991 15.80605 0.00007
86 9.914362320E+06 1.05616 4.41172 4.71244 15.80022 0.00007
87 9.964544378E+06 1.06116 4.40984 4.71492 15.79418 0.00007
88 1.001345666E+07 1.06616 4.40795 4.71734 15.78796 0.00008
89 1.006121544E+07 1.07115 4.40604 4.71971 15.78156 0.00008
90 1.010790020E+07 1.07613 4.40413 4.72202 15.77496 0.00008
91 1.015367728E+07 1.08112 4.40221 4.72431 15.76816 0.00009
92 1.019863731E+07 1.08612 4.40027 4.72656 15.76115 0.00009
93 1.024279807E+07 1.09113 4.39832 4.72878 15.75394 0.00009
94 1.028617452E+07 1.09614 4.39636 4.73098 15.74653 0.00010
95 1.032878771E+07 1.10117 4.39439 4.73314 15.73892 0.00010
96 1.037066253E+07 1.10620 4.39241 4.73528 15.73112 0.00011
97 1.041182440E+07 1.11124 4.39042 4.73740 15.72314 0.00012
98 1.045225972E+07 1.11628 4.38842 4.73948 15.71497 0.00012
99 1.049196511E+07 1.12132 4.38642 4.74155 15.70664 4.53100
100 1.053095048E+07 1.12575 4.38466 4.74337 15.69818 4.52928
101 1.055044316E+07 1.12805 4.38373 4.74426 15.69388 4.54696
102 1.057383437E+07 1.13106 4.38252 4.74545 15.68860 4.54496
103 1.060190383E+07 1.13474 4.38105 4.74692 15.68210 4.53919
104 1.063558719E+07 1.13920 4.37926 4.74870 15.67406 4.53220
105 1.067600721E+07 1.14461 4.37710 4.75086 15.66405 4.52494
106 1.071616891E+07 1.15002 4.37494 4.75303 15.65374 4.51883
107 1.075575132E+07 1.15537 4.37281 4.75521 15.64321 4.51389
108 1.079475063E+07 1.16063 4.37072 4.75739 15.63250 4.50999
109 1.083321392E+07 1.16576 4.36870 4.75958 15.62158 4.50699
110 1.087122039E+07 1.17073 4.36677 4.76179 15.61046 4.50473
111 1.090883626E+07 1.17547 4.36497 4.76405 15.59912 4.50305
112 1.094612078E+07 1.17987 4.36335 4.76637 15.58758 4.50178
113 1.098299843E+07 1.18376 4.36200 4.76877 15.57586 4.50074
114 1.101866387E+07 1.18682 4.36109 4.77124 15.56429 4.49975
115 1.105105240E+07 1.18858 4.36082 4.77369 15.55361 4.49868
116 1.107796163E+07 1.18892 4.36122 4.77597 15.54466 4.49762
117 1.109917079E+07 1.18810 4.36215 4.77803 15.53759 4.49668
118 1.111487569E+07 1.18652 4.36338 4.77980 15.53236 4.49593
119 1.112679267E+07 1.18448 4.36479 4.78134 15.52841 4.49531
120 1.113613234E+07 1.18218 4.36629 4.78274 15.52533 4.49478
121 1.114367025E+07 1.17969 4.36785 4.78405 15.52286 4.49455
122 1.114988387E+07 1.17710 4.36946 4.78529 15.52085 4.49461
123 1.115508408E+07 1.17442 4.37110 4.78650 15.51919 4.49468
124 1.115948158E+07 1.17169 4.37277 4.78769 15.51779 4.49474
125 1.116323215E+07 1.16893 4.37444 4.78888 15.51662 4.49481
126 1.116644913E+07 1.16617 4.37612 4.79008 15.51562 4.49488
127 1.116922002E+07 1.16341 4.37781 4.79130 15.51477 4.49495
128 1.117161197E+07 1.16068 4.37949 4.79254 15.51405 4.49501
129 1.117368481E+07 1.15799 4.38115 4.79382 15.51343 4.49508
130 1.117548347E+07 1.15536 4.38279 4.79514 15.51290 4.49515
131 1.117704678E+07 1.15280 4.38442 4.79650 15.51245 4.49522
132 1.117840817E+07 1.15031 4.38601 4.79790 15.51206 4.49529
133 1.117959666E+07 1.14792 4.38756 4.79932 15.51173 4.49536
134 1.118063616E+07 1.14562 4.38907 4.80078 15.51144 4.49543
135 1.118154678E+07 1.14343 4.39054 4.80227 15.51119 4.49550
136 1.118234478E+07 1.14135 4.39196 4.80379 15.51097 4.49557
137 1.118304325E+07 1.13937 4.39334 4.80535 15.51079 4.49564
138 1.118365475E+07 1.13752 4.39467 4.80694 15.51062 4.49564
139 1.118418954E+07 1.13577 4.39594 4.80855 15.51049 4.49545
140 1.118465685E+07 1.13415 4.39716 4.81016 15.51036 4.49491
141 1.118506492E+07 1.13264 4.39831 4.81177 15.51026 4.49430
142 1.118542167E+07 1.13123 4.39941 4.81336 15.51017 4.49367
143 1.118573348E+07 1.12993 4.40046 4.81493 15.51009 4.49301
144 1.118600593E+07 1.12873 4.40144 4.81647 15.51003 4.49234
145 1.118624407E+07 1.12761 4.40237 4.81796 15.50997 4.49165
146 1.118645236E+07 1.12659 4.40325 4.81941 15.50992 4.49094
147 1.118663434E+07 1.12564 4.40407 4.82080 15.50987 4.49019
148 1.118679325E+07 1.12477 4.40483 4.82210 15.50984 4.48943
149 1.118693468E+07 1.12398 4.40553 4.82330 15.50980 4.48869
150 1.118705887E+07 1.12329 4.40613 4.82432 15.50977 4.48798
151 1.118717900E+07 1.12264 4.40668 4.82525 15.50975 4.48723
152 1.118729833E+07 1.12202 4.40721 4.82610 15.50972 4.48644
153 1.118741793E+07 1.12142 4.40769 4.82686 15.50969 4.48561
154 1.118753834E+07 1.12086 4.40814 4.82753 15.50966 4.48476
155 1.118766075E+07 1.12032 4.40855 4.82810 15.50964 4.48390
156 1.118778600E+07 1.11982 4.40892 4.82855 15.50961 4.48307
157 1.118791467E+07 1.11936 4.40923 4.82888 15.50958 4.48218
158 1.118804759E+07 1.11895 4.40948 4.82907 15.50955 4.48115
159 1.118818540E+07 1.11859 4.40967 4.82911 15.50952 4.47995
160 1.118832864E+07 1.11829 4.40979 4.82898 15.50949 4.47856
161 1.118847796E+07 1.11807 4.40982 4.82866 15.50946 4.47699
162 1.118863372E+07 1.11794 4.40975 4.82813 15.50942 4.47524
163 1.118879613E+07 1.11792 4.40958 4.82739 15.50939 4.47340
164 1.118896534E+07 1.11801 4.40929 4.82643 15.50935 4.47157
165 1.118914045E+07 1.11823 4.40889 4.82526 15.50931 4.46968
166 1.118932009E+07 1.11860 4.40836 4.82388 15.50927 4.46686
167 1.118950370E+07 1.11914 4.40770 4.82232 15.50923 4.46388
168 1.118969120E+07 1.11987 4.40690 4.82059 15.50919 4.46084
169 1.118988083E+07 1.12078 4.40598 4.81872 15.50914 4.45794
170 1.119007170E+07 1.12190 4.40493 4.81677 15.50910 4.45535
171 1.119026309E+07 1.12324 4.40376 4.81477 15.50906 4.45281
172 1.119045464E+07 1.12481 4.40248 4.81277 15.50901 4.44892
173 1.119064643E+07 1.12664 4.40107 4.81081 15.50896 4.44526
174 1.119083932E+07 1.12875 4.39954 4.80892 15.50892 4.44190
175 1.119103199E+07 1.13116 4.39790 4.80715 15.50887 4.43893
176 1.119122423E+07 1.13386 4.39614 4.80554 15.50882 4.43641
177 1.119141593E+07 1.13687 4.39429 4.80413 15.50877 4.43290
178 1.119160699E+07 1.14017 4.39234 4.80294 15.50872 4.42348
179 1.119179765E+07 1.14378 4.39030 4.80199 15.50867 4.41561
180 1.119198821E+07 1.14768 4.38817 4.80128 15.50861 4.40913
181 1.119217672E+07 1.15181 4.38599 4.80080 15.50856 4.40393
182 1.119236296E+07 1.15614 4.38375 4.80054 15.50850 4.39983
183 1.119254698E+07 1.16065 4.38149 4.80048 15.50844 4.39667
184 1.119272896E+07 1.16531 4.37919 4.80060 15.50839 4.39432
185 1.119290903E+07 1.17011 4.37686 4.80089 15.50833 4.38818
186 1.119308736E+07 1.17502 4.37451 4.80133 15.50827 4.37933
187 1.119326406E+07 1.18003 4.37214 4.80188 15.50821 4.37167
188 1.119343892E+07 1.18511 4.36976 4.80252 15.50815 4.36514
189 1.119361231E+07 1.19026 4.36737 4.80324 15.50808 4.35962
190 1.119378446E+07 1.19546 4.36497 4.80403 15.50802 4.35502
191 1.119395558E+07 1.20072 4.36255 4.80488 15.50795 4.35124
192 1.119412589E+07 1.20601 4.36013 4.80576 15.50789 4.34822
193 1.119429574E+07 1.21135 4.35769 4.80668 15.50782 4.34587
194 1.119446506E+07 1.21672 4.35524 4.80762 15.50775 4.34415
195 1.119463398E+07 1.22213 4.35277 4.80858 15.50768 4.33793
196 1.119480260E+07 1.22757 4.35030 4.80956 15.50761 4.33205
197 1.119496987E+07 1.23300 4.34783 4.81054 15.50754 4.32681
198 1.119513690E+07 1.23845 4.34534 4.81152 15.50747 4.32218
199 1.119530382E+07 1.24394 4.34285 4.81250 15.50740 4.31811
200 1.119547065E+07 1.24944 4.34034 4.81346 15.50733 4.31459
201 1.119563746E+07 1.25496 4.33781 4.81442 15.50725 4.31159
202 1.119580428E+07 1.26051 4.33528 4.81537 15.50718 4.30909
203 1.119597117E+07 1.26608 4.33273 4.81630 15.50711 4.30706
204 1.119613814E+07 1.27166 4.33016 4.81722 15.50704 4.30549
205 1.119630532E+07 1.27726 4.32759 4.81812 15.50697 4.30191
206 1.119647292E+07 1.28289 4.32500 4.81901 15.50690 4.29748
207 1.119663994E+07 1.28851 4.32241 4.81988 15.50683 4.29345
208 1.119680669E+07 1.29413 4.31980 4.82073 15.50677 4.28980
209 1.119697357E+07 1.29978 4.31719 4.82155 15.50670 4.28653
210 1.119714055E+07 1.30545 4.31456 4.82236 15.50663 4.28362
211 1.119730762E+07 1.31113 4.31191 4.82314 15.50656 4.28108
212 1.119747478E+07 1.31684 4.30925 4.82390 15.50649 4.27888
213 1.119764200E+07 1.32257 4.30657 4.82464 15.50642 4.27703
214 1.119780927E+07 1.32831 4.30387 4.82536 15.50635 4.27550
215 1.119797656E+07 1.33409 4.30116 4.82605 15.50628 4.27400
216 1.119814385E+07 1.33986 4.29844 4.82672 15.50622 4.27053
217 1.119831144E+07 1.34565 4.29571 4.82738 15.50615 4.26729
218 1.119847825E+07 1.35144 4.29297 4.82801 15.50608 4.26432
219 1.119864504E+07 1.35725 4.29022 4.82862 15.50601 4.26161
220 1.119881174E+07 1.36308 4.28745 4.82921 15.50595 4.25914
221 1.119897832E+07 1.36894 4.28466 4.82977 15.50588 4.25693
222 1.119914476E+07 1.37481 4.28186 4.83031 15.50581 4.25496
223 1.119931100E+07 1.38071 4.27904 4.83083 15.50575 4.25323
224 1.119947703E+07 1.38663 4.27621 4.83133 15.50568 4.25173
225 1.119964281E+07 1.39258 4.27335 4.83181 15.50562 4.25045
226 1.119980832E+07 1.39855 4.27048 4.83226 15.50555 4.24908
227 1.119997352E+07 1.40452 4.26761 4.83270 15.50549 4.24646
228 1.120013873E+07 1.41051 4.26472 4.83313 15.50542 4.24398
229 1.120030305E+07 1.41650 4.26182 4.83353 15.50536 4.24168
230 1.120046703E+07 1.42252 4.25891 4.83391 15.50530 4.23955
231 1.120063062E+07 1.42856 4.25598 4.83427 15.50524 4.23759
232 1.120079377E+07 1.43463 4.25303 4.83461 15.50517 4.23580
233 1.120095646E+07 1.44072 4.25006 4.83493 15.50511 4.23416
234 1.120111867E+07 1.44684 4.24708 4.83523 15.50505 4.23268
235 1.120128036E+07 1.45298 4.24408 4.83550 15.50499 4.23135
236 1.120144151E+07 1.45915 4.24105 4.83576 15.50493 4.23016
237 1.120160206E+07 1.46535 4.23802 4.83601 15.50487 4.22912
238 1.120176205E+07 1.47153 4.23498 4.83623 15.50481 4.22766
239 1.120192228E+07 1.47776 4.23192 4.83643 15.50476 4.22568
240 1.120208151E+07 1.48400 4.22884 4.83661 15.50470 4.22381
241 1.120223955E+07 1.49025 4.22576 4.83678 15.50464 4.22206
242 1.120239686E+07 1.49653 4.22265 4.83692 15.50459 4.22042
243 1.120255339E+07 1.50284 4.21953 4.83705 15.50453 4.21888
244 1.120270911E+07 1.50916 4.21640 4.83715 15.50448 4.21745
245 1.120286399E+07 1.51552 4.21324 4.83724 15.50442 4.21612
246 1.120301800E+07 1.52190 4.21006 4.83730 15.50437 4.21488
247 1.120317111E+07 1.52831 4.20687 4.83735 15.50432 4.21373
248 1.120332330E+07 1.53470 4.20368 4.83737 15.50427 4.21267
249 1.120347532E+07 1.54113 4.20047 4.83738 15.50421 4.21168
250 1.120362684E+07 1.54760 4.19723 4.83736 15.50416 4.21077
251 1.120377743E+07 1.55410 4.19397 4.83732 15.50411 4.20970
252 1.120392704E+07 1.56063 4.19069 4.83727 15.50406 4.20822
253 1.120407533E+07 1.56718 4.18740 4.83720 15.50402 4.20681
254 1.120422198E+07 1.57372 4.18410 4.83711 15.50397 4.20548
255 1.120436746E+07 1.58030 4.18079 4.83700 15.50392 4.20421
256 1.120451171E+07 1.58690 4.17746 4.83687 15.50388 4.20301
257 1.120465469E+07 1.59352 4.17411 4.83673 15.50383 4.20187
258 1.120479632E+07 1.60011 4.17077 4.83656 15.50379 4.20079
259 1.120493738E+07 1.60672 4.16743 4.83638 15.50374 4.19976
260 1.120507763E+07 1.61337 4.16405 4.83617 15.50370 4.19878
261 1.120521648E+07 1.62004 4.16066 4.83595 15.50366 4.19785
262 1.120535385E+07 1.62672 4.15726 4.83571 15.50362 4.19697
263 1.120548968E+07 1.63342 4.15384 4.83546 15.50358 4.19614
264 1.120562391E+07 1.64013 4.15042 4.83519 15.50354 4.19535
265 1.120575650E+07 1.64685 4.14699 4.83490 15.50350 4.19460
266 1.120588742E+07 1.65359 4.14355 4.83461 15.50346 4.19389
267 1.120601668E+07 1.66033 4.14010 4.83429 15.50342 4.19321
268 1.120614431E+07 1.66698 4.13669 4.83396 15.50339 4.19232
269 1.120627183E+07 1.67371 4.13324 4.83362 15.50335 4.19138
270 1.120639759E+07 1.68044 4.12978 4.83326 15.50332 4.19047
271 1.120652174E+07 1.68718 4.12632 4.83288 15.50328 4.18960
272 1.120664441E+07 1.69394 4.12285 4.83249 15.50325 4.18877
273 1.120676563E+07 1.70071 4.11936 4.83209 15.50321 4.18796
274 1.120688540E+07 1.70751 4.11585 4.83167 15.50318 4.18719
275 1.120700373E+07 1.71433 4.11234 4.83124 15.50315 4.18645
276 1.120712065E+07 1.72117 4.10880 4.83080 15.50312 4.18573
277 1.120723616E+07 1.72795 4.10530 4.83034 15.50309 4.18504
278 1.120735144E+07 1.73477 4.10177 4.82986 15.50306 4.18436
279 1.120746601E+07 1.74165 4.09821 4.82937 15.50303 4.18370
280 1.120757929E+07 1.74855 4.09463 4.82886 15.50301 4.18306
281 1.120769125E+07 1.75549 4.09103 4.82834 15.50298 4.18244
282 1.120780187E+07 1.76245 4.08741 4.82780 15.50295 4.18184
283 1.120791111E+07 1.76945 4.08378 4.82726 15.50292 4.18126
284 1.120801895E+07 1.77646 4.08013 4.82670 15.50290 4.18070
285 1.120812537E+07 1.78351 4.07647 4.82613 15.50287 4.18016
286 1.120823034E+07 1.79049 4.07283 4.82556 15.50285 4.17963
287 1.120833486E+07 1.79748 4.06919 4.82496 15.50282 4.17911
288 1.120843886E+07 1.80455 4.06550 4.82435 15.50279 4.17860
289 1.120854147E+07 1.81164 4.06180 4.82373 15.50277 4.17810
290 1.120864265E+07 1.81875 4.05809 4.82309 15.50274 4.17762
291 1.120874240E+07 1.82588 4.05436 4.82245 15.50272 4.17715
292 1.120884067E+07 1.83302 4.05063 4.82180 15.50269 4.17670
293 1.120893744E+07 1.84019 4.04688 4.82113 15.50267 4.17626
294 1.120903265E+07 1.84737 4.04312 4.82046 15.50264 4.17583
295 1.120912633E+07 1.85446 4.03941 4.81979 15.50261 4.17541
296 1.120921972E+07 1.86157 4.03568 4.81910 15.50259 4.17499
297 1.120931259E+07 1.86876 4.03191 4.81839 15.50256 4.17458
298 1.120940420E+07 1.87597 4.02812 4.81767 15.50253 4.17418
299 1.120949455E+07 1.88321 4.02432 4.81694 15.50251 4.17379
300 1.120958370E+07 1.89047 4.02050 4.81620 15.50248 4.17336
301 1.120967166E+07 1.89777 4.01666 4.81544 15.50245 4.17294
302 1.120975832E+07 1.90511 4.01281 4.81468 15.50242 4.17253
303 1.120984366E+07 1.91247 4.00893 4.81391 15.50239 4.17213
304 1.120992775E+07 1.91971 4.00512 4.81315 15.50236 4.17173
305 1.121001215E+07 1.92705 4.00125 4.81235 15.50233 4.17134
306 1.121009601E+07 1.93448 3.99733 4.81153 15.50230 4.17095
307 1.121017884E+07 1.94194 3.99340 4.81070 15.50227 4.17057
308 1.121026072E+07 1.94944 3.98943 4.80986 15.50223 4.17020
309 1.121034176E+07 1.95700 3.98544 4.80900 15.50220 4.16984
310 1.121042207E+07 1.96463 3.98140 4.80812 15.50217 4.16948
311 1.121050156E+07 1.97235 3.97732 4.80723 15.50214 4.16913
312 1.121058027E+07 1.98015 3.97320 4.80633 15.50210 4.16878
313 1.121065833E+07 1.98786 3.96912 4.80543 15.50207 4.16843
314 1.121073734E+07 1.99576 3.96493 4.80448 15.50204 4.16808
315 1.121081654E+07 2.00381 3.96066 4.80349 15.50200 4.16772
316 1.121089561E+07 2.01201 3.95630 4.80247 15.50197 4.16736
317 1.121097473E+07 2.02035 3.95187 4.80142 15.50193 4.16700
318 1.121105420E+07 2.02886 3.94734 4.80033 15.50189 4.16664
319 1.121113438E+07 2.03763 3.94267 4.79920 15.50185 4.16627
320 1.121121534E+07 2.04666 3.93786 4.79801 15.50182 4.16589
321 1.121129737E+07 2.05601 3.93288 4.79676 15.50178 4.16549
322 1.121138100E+07 2.06571 3.92769 4.79544 15.50173 4.16508
323 1.121146721E+07 2.07582 3.92229 4.79404 15.50169 4.16463
324 1.121155791E+07 2.08658 3.91653 4.79250 15.50164 4.16414
325 1.121165458E+07 2.09829 3.91023 4.79077 15.50159 4.16357
326 1.121175737E+07 2.11104 3.90337 4.78881 15.50153 4.16293
327 1.121184764E+07 2.12243 3.89722 4.78696 15.50148 4.16231
328 1.121191900E+07 2.13143 3.89233 4.78543 15.50144 4.16180
329 1.121197762E+07 2.13881 3.88831 4.78411 15.50141 4.16136
330 1.121202814E+07 2.14522 3.88481 4.78291 15.50138 4.16098
331 1.121207276E+07 2.15097 3.88165 4.78178 15.50135 4.16064
332 1.121211312E+07 2.15624 3.87875 4.78072 15.50133 4.16033
333 1.121215038E+07 2.16112 3.87606 4.77974 15.50130 4.16005
334 1.121218572E+07 2.16579 3.87349 4.77877 15.50128 4.15970
335 1.121221935E+07 2.17029 3.87100 4.77781 15.50126 4.15935
336 1.121225161E+07 2.17469 3.86856 4.77685 15.50124 4.15902
337 1.121228258E+07 2.17887 3.86627 4.77608 15.50122 4.15871
338 1.121231381E+07 2.18307 3.86396 4.77521 15.50120 4.15840
339 1.121234429E+07 2.18723 3.86165 4.77430 15.50118 4.15811
340 1.121237373E+07 2.19131 3.85938 4.77338 15.50117 4.15784
341 1.121240241E+07 2.19529 3.85717 4.77250 15.50115 4.15758
342 1.121243092E+07 2.19929 3.85494 4.77159 15.50113 4.15732
343 1.121245890E+07 2.20328 3.85272 4.77066 15.50111 4.15708
344 1.121248626E+07 2.20727 3.85049 4.76972 15.50109 4.15685
345 1.121251303E+07 2.21117 3.84834 4.76896 15.50108 4.15664
346 1.121254040E+07 2.21514 3.84615 4.76813 15.50106 4.15642
347 1.121256779E+07 2.21917 3.84391 4.76721 15.50104 4.15622
348 1.121259467E+07 2.22313 3.84170 4.76630 15.50102 4.15597
349 1.121262161E+07 2.22712 3.83948 4.76538 15.50100 4.15570
350 1.121264871E+07 2.23118 3.83720 4.76442 15.50099 4.15544
351 1.121267562E+07 2.23530 3.83490 4.76341 15.50097 4.15518
352 1.121270224E+07 2.23946 3.83256 4.76238 15.50095 4.15493
353 1.121272857E+07 2.24361 3.83027 4.76153 15.50093 4.15470
354 1.121275564E+07 2.24787 3.82791 4.76064 15.50091 4.15447
355 1.121278298E+07 2.25221 3.82549 4.75963 15.50089 4.15424
356 1.121281010E+07 2.25649 3.82310 4.75864 15.50088 4.15403
357 1.121283771E+07 2.26088 3.82065 4.75759 15.50086 4.15382
358 1.121286534E+07 2.26534 3.81814 4.75649 15.50084 4.15361
359 1.121289285E+07 2.26986 3.81559 4.75534 15.50082 4.15342
360 1.121292020E+07 2.27445 3.81300 4.75416 15.50080 4.15323
361 1.121294734E+07 2.27907 3.81043 4.75312 15.50078 4.15305
362 1.121297502E+07 2.28378 3.80783 4.75210 15.50076 4.15286
363 1.121300316E+07 2.28854 3.80516 4.75095 15.50074 4.15262
364 1.121303132E+07 2.29329 3.80250 4.74981 15.50072 4.15239
365 1.121306013E+07 2.29818 3.79974 4.74857 15.50070 4.15216
366 1.121308904E+07 2.30318 3.79692 4.74727 15.50067 4.15193
367 1.121311795E+07 2.30828 3.79403 4.74590 15.50065 4.15172
368 1.121314677E+07 2.31348 3.79107 4.74449 15.50063 4.15150
369 1.121317547E+07 2.31877 3.78807 4.74307 15.50061 4.15130
370 1.121320408E+07 2.32411 3.78511 4.74188 15.50059 4.15110
371 1.121323354E+07 2.32959 3.78202 4.74050 15.50057 4.15090
372 1.121326293E+07 2.33503 3.77895 4.73913 15.50054 4.15071
373 1.121329279E+07 2.34059 3.77580 4.73763 15.50052 4.15052
374 1.121332263E+07 2.34619 3.77261 4.73606 15.50050 4.15034
375 1.121335232E+07 2.35184 3.76937 4.73441 15.50048 4.15017
376 1.121338182E+07 2.35752 3.76610 4.73271 15.50045 4.14999
377 1.121341102E+07 2.36320 3.76283 4.73095 15.50043 4.14983
378 1.121343979E+07 2.36883 3.75960 4.72932 15.50041 4.14963
379 1.121346844E+07 2.37443 3.75641 4.72776 15.50039 4.14943
380 1.121349708E+07 2.37997 3.75324 4.72613 15.50036 4.14924
381 1.121352562E+07 2.38548 3.75006 4.72445 15.50034 4.14905
382 1.121355441E+07 2.39109 3.74681 4.72264 15.50032 4.14886
383 1.121358320E+07 2.39675 3.74350 4.72074 15.50030 4.14867
384 1.121361189E+07 2.40243 3.74016 4.71875 15.50027 4.14849
385 1.121364045E+07 2.40812 3.73680 4.71669 15.50025 4.14832
386 1.121366890E+07 2.41383 3.73341 4.71455 15.50023 4.14815
387 1.121369732E+07 2.41957 3.73000 4.71236 15.50021 4.14798
388 1.121372570E+07 2.42532 3.72663 4.71042 15.50018 4.14782
389 1.121375467E+07 2.43103 3.72324 4.70827 15.50016 4.14767
390 1.121378366E+07 2.43678 3.71982 4.70609 15.50014 4.14752
391 1.121381375E+07 2.44284 3.71620 4.70373 15.50011 4.14737
392 1.121384520E+07 2.44925 3.71235 4.70114 15.50009 4.14722
393 1.121387799E+07 2.45571 3.70842 4.69833 15.50006 4.14707
394 1.121391138E+07 2.46223 3.70442 4.69536 15.50004 4.14692
395 1.121394537E+07 2.46939 3.70005 4.69223 15.50001 4.14677
396 1.121398281E+07 2.47742 3.69514 4.68865 15.49998 4.14662
397 1.121402265E+07 2.48550 3.69011 4.68470 15.49995 4.14646
398 1.121406001E+07 2.49350 3.68514 4.68081 15.49992 4.14638
399 1.121409665E+07 2.50155 3.68012 4.67682 15.49989 4.14638
400 1.121413174E+07 2.50832 3.67574 4.67283 15.49987 4.14638
401 1.121416280E+07 2.51395 3.67200 4.66915 15.49984 4.14638
402 1.121419167E+07 2.51945 3.66838 4.66567 15.49982 4.14637
403 1.121422063E+07 2.52454 3.66494 4.66209 15.49980 4.14637
404 1.121424908E+07 2.52946 3.66156 4.65840 15.49978 4.14637
405 1.121427724E+07 2.53469 3.65799 4.65456 15.49976 4.14636
406 1.121430546E+07 2.53985 3.65440 4.65056 15.49974 4.14636
407 1.121433348E+07 2.54440 3.65112 4.64651 15.49972 4.14636
408 1.121436117E+07 2.54843 3.64812 4.64258 15.49970 4.14635
409 1.121438854E+07 2.55189 3.64538 4.63853 15.49968 4.14635
410 1.121441555E+07 2.55466 3.64296 4.63440 15.49966 4.14635
411 1.121444224E+07 2.55685 3.64081 4.63020 15.49964 4.14636
412 1.121446897E+07 2.55881 3.63875 4.62586 15.49962 4.14636
413 1.121449578E+07 2.56065 3.63671 4.62140 15.49960 4.14636
414 1.121452271E+07 2.56248 3.63464 4.61679 15.49958 4.14636
415 1.121454965E+07 2.56434 3.63254 4.61206 15.49957 4.14636
416 1.121457662E+07 2.56616 3.63045 4.60738 15.49955 4.14637
417 1.121460386E+07 2.56784 3.62842 4.60259 15.49953 4.14637
418 1.121463124E+07 2.56932 3.62645 4.59769 15.49951 4.14634
419 1.121465870E+07 2.57064 3.62456 4.59275 15.49950 4.14628
420 1.121468619E+07 2.57185 3.62272 4.58782 15.49948 4.14620
421 1.121471373E+07 2.57294 3.62098 4.58304 15.49946 4.14610
422 1.121474143E+07 2.57396 3.61938 4.57867 15.49945 4.14601
423 1.121476951E+07 2.57514 3.61797 4.57539 15.49943 4.14591
424 1.121479861E+07 2.57705 3.61678 4.57447 15.49941 4.14584
425 1.121483016E+07 2.57875 3.61565 4.57335 15.49939 4.14574
426 1.121486217E+07 2.57995 3.61462 4.57162 15.49937 4.14561
427 1.121489411E+07 2.58080 3.61366 4.56949 15.49936 4.14548
428 1.121492580E+07 2.58142 3.61276 4.56711 15.49934 4.14535
429 1.121495715E+07 2.58222 3.61188 4.56521 15.49932 4.14523
430 1.121498839E+07 2.58292 3.61104 4.56326 15.49930 4.14510
431 1.121501932E+07 2.58349 3.61024 4.56120 15.49928 4.14497
432 1.121504985E+07 2.58400 3.60947 4.55913 15.49927 4.14484
433 1.121507995E+07 2.58484 3.60870 4.55773 15.49925 4.14472
434 1.121510988E+07 2.58564 3.60794 4.55630 15.49923 4.14459
435 1.121513940E+07 2.58640 3.60720 4.55485 15.49921 4.14447
436 1.121516847E+07 2.58738 3.60645 4.55382 15.49920 4.14436
437 1.121519725E+07 2.58857 3.60569 4.55314 15.49918 4.14425
438 1.121522573E+07 2.58977 3.60493 4.55250 15.49917 4.14414
439 1.121525381E+07 2.59115 3.60416 4.55217 15.49915 4.14404
440 1.121528158E+07 2.59284 3.60336 4.55236 15.49913 4.14395
441 1.121530915E+07 2.59459 3.60256 4.55264 15.49912 4.14386
442 1.121533637E+07 2.59657 3.60174 4.55333 15.49910 4.14380
443 1.121536335E+07 2.59887 3.60089 4.55453 15.49909 4.14378
444 1.121539014E+07 2.60124 3.60004 4.55587 15.49907 4.14375
445 1.121541663E+07 2.60400 3.59915 4.55785 15.49906 4.14375
446 1.121544302E+07 2.60698 3.59825 4.56020 15.49904 4.14376
447 1.121546921E+07 2.61016 3.59733 4.56288 15.49902 4.14376
448 1.121549521E+07 2.61376 3.59637 4.56627 15.49901 4.14376
449 1.121552117E+07 2.61751 3.59541 4.56989 15.49899 4.14376
450 1.121554693E+07 2.62173 3.59440 4.57431 15.49898 4.14376
451 1.121557271E+07 2.62617 3.59337 4.57908 15.49896 4.14377
452 1.121559837E+07 2.63101 3.59231 4.58453 15.49895 4.14377
453 1.121562402E+07 2.63615 3.59123 4.59046 15.49893 4.14377
454 1.121564957E+07 2.64165 3.59012 4.59700 15.49891 4.14377
455 1.121567499E+07 2.64744 3.58899 4.60406 15.49890 4.14377
456 1.121570017E+07 2.65350 3.58784 4.61161 15.49888 4.14377
457 1.121572499E+07 2.65979 3.58669 4.61958 15.49886 4.14378
458 1.121574930E+07 2.66617 3.58555 4.62779 15.49884 4.14378
459 1.121577310E+07 2.67271 3.58442 4.63635 15.49883 4.14378
460 1.121579632E+07 2.67916 3.58332 4.64484 15.49881 4.14378
461 1.121581938E+07 2.68587 3.58221 4.65381 15.49879 4.14379
462 1.121584195E+07 2.69242 3.58113 4.66262 15.49877 4.14379
463 1.121586457E+07 2.69913 3.58006 4.67172 15.49876 4.14379
464 1.121588700E+07 2.70579 3.57900 4.68082 15.49874 4.14379
465 1.121590952E+07 2.71237 3.57797 4.68986 15.49872 4.14380
466 1.121593229E+07 2.71912 3.57692 4.69918 15.49870 4.14380
467 1.121595511E+07 2.72570 3.57591 4.70830 15.49868 4.14380
468 1.121597841E+07 2.73228 3.57491 4.71746 15.49866 4.14381
469 1.121600223E+07 2.73889 3.57392 4.72670 15.49864 4.14381
470 1.121602656E+07 2.74535 3.57295 4.73574 15.49861 4.14381
471 1.121605179E+07 2.75182 3.57198 4.74482 15.49859 4.14382
472 1.121607795E+07 2.75825 3.57103 4.75386 15.49856 4.14382
473 1.121610518E+07 2.76453 3.57010 4.76271 15.49854 4.14383
474 1.121613390E+07 2.77078 3.56918 4.77154 15.49851 4.14383
475 1.121616420E+07 2.77696 3.56828 4.78028 15.49848 4.14383
476 1.121619638E+07 2.78297 3.56740 4.78878 15.49844 4.14384
477 1.121623097E+07 2.78895 3.56653 4.79725 15.49840 4.14384
478 1.121626820E+07 2.79478 3.56568 4.80553 15.49836 4.14385
479 1.121630867E+07 2.80045 3.56486 4.81357 15.49832 4.14385
480 1.121635314E+07 2.80606 3.56404 4.82154 15.49826 4.14386
481 1.121640213E+07 2.81146 3.56326 4.82921 15.49821 4.14387
482 1.121645694E+07 2.81673 3.56250 4.83672 15.49814 4.14387
483 1.121651870E+07 2.82181 3.56177 4.84395 15.49806 4.14388
484 1.121658929E+07 2.82669 3.56107 4.85092 15.49798 4.14389
485 1.121667104E+07 2.83136 3.56041 4.85759 15.49787 4.14391
486 1.121676739E+07 2.83577 3.55978 4.86389 15.49775 4.14392
487 1.121688300E+07 2.83987 3.55920 4.86977 15.49760 4.14394
488 1.121702173E+07 2.84352 3.55868 4.87500 15.49741 4.14396
489 1.121718820E+07 2.84664 3.55824 4.87949 15.49719 4.14399
490 1.121738798E+07 2.84916 3.55789 4.88312 15.49692 4.14402
491 1.121762771E+07 2.85113 3.55762 4.88597 15.49659 4.14406
492 1.121791538E+07 2.85267 3.55741 4.88821 15.49619 4.14409
493 1.121826059E+07 2.85394 3.55723 4.89006 15.49572 4.14413
494 1.121867484E+07 2.85512 3.55707 4.89175 15.49514 4.14418
495 1.121917194E+07 2.85632 3.55690 4.89349 15.49445 4.14425
496 1.121976846E+07 2.85757 3.55673 4.89529 15.49361 4.14435
497 1.122048428E+07 2.85882 3.55655 4.89709 15.49261 4.14449
498 1.122134327E+07 2.86005 3.55638 4.89887 15.49139 4.14468
499 1.122237406E+07 2.86117 3.55623 4.90049 15.48993 4.14493
500 1.122361100E+07 2.86215 3.55609 4.90191 15.48817 4.14533
501 1.122509533E+07 2.86294 3.55598 4.90306 15.48605 4.14593
502 1.122687653E+07 2.86346 3.55591 4.90382 15.48350 4.14707
503 1.122901397E+07 2.86360 3.55590 4.90403 15.48044 4.14885
504 1.123157890E+07 2.86326 3.55595 4.90356 15.47678 4.15224
505 1.123465681E+07 2.86242 3.55607 4.90236 15.47239 4.15752
506 1.123817607E+07 2.86115 3.55625 4.90055 15.46739 4.16596
507 1.124189973E+07 2.85964 3.55647 4.89839 15.46214 4.17649
508 1.124585532E+07 2.85797 3.55670 4.89601 15.45659 4.18827
509 1.125010535E+07 2.85620 3.55696 4.89347 15.45067 4.20235
510 1.125466731E+07 2.85432 3.55723 4.89079 15.44436 4.21799
511 1.125954298E+07 2.85235 3.55751 4.88797 15.43766 4.23443
512 1.126469452E+07 2.85028 3.55780 4.88501 15.43063 4.25139
513 1.127009336E+07 2.84813 3.55811 4.88193 15.42333 4.26865
514 1.127572409E+07 2.84591 3.55843 4.87878 15.41577 4.28607
515 1.128159706E+07 2.84365 3.55875 4.87555 15.40795 4.30359
516 1.128773653E+07 2.84134 3.55909 4.87226 15.39984 4.32123
517 1.129413548E+07 2.83897 3.55943 4.86890 15.39146 4.33892
518 1.130079162E+07 2.83655 3.55978 4.86546 15.38282 4.35660
519 1.130767070E+07 2.83406 3.56014 4.86193 15.37397 4.37416
520 1.131474462E+07 2.83151 3.56051 4.85832 15.36495 4.39151
521 1.132199377E+07 2.82889 3.56090 4.85461 15.35579 4.40857
522 1.132938009E+07 2.82622 3.56129 4.85085 15.34655 4.42528
523 1.133693689E+07 2.82351 3.56170 4.84704 15.33718 4.44169
524 1.134465345E+07 2.82077 3.56210 4.84321 15.32770 4.45780
525 1.135257989E+07 2.81801 3.56252 4.83935 15.31806 4.47370
526 1.136066899E+07 2.81523 3.56294 4.83547 15.30832 4.48930
527 1.136893527E+07 2.81242 3.56337 4.83158 15.29845 4.50462
528 1.137731198E+07 2.80961 3.56381 4.82768 15.28855 4.51956
529 1.138581130E+07 2.80679 3.56425 4.82380 15.27860 4.53414
530 1.139439439E+07 2.80397 3.56469 4.81994 15.26865 4.54832
531 1.140309463E+07 2.80118 3.56513 4.81613 15.25866 4.56215
532 1.141192676E+07 2.79841 3.56558 4.81236 15.24860 4.57567
533 1.142091837E+07 2.79566 3.56602 4.80865 15.23846 4.58893
534 1.143011994E+07 2.79295 3.56647 4.80502 15.22817 4.60200
535 1.143949554E+07 2.79029 3.56691 4.80147 15.21778 4.61483
536 1.144910648E+07 2.78767 3.56735 4.79800 15.20722 4.62751
537 1.145893283E+07 2.78510 3.56779 4.79462 15.19650 4.63999
538 1.146889189E+07 2.78259 3.56823 4.79134 15.18573 4.65219
539 1.147902853E+07 2.78014 3.56866 4.78817 15.17485 4.66416
540 1.148933410E+07 2.77776 3.56909 4.78512 15.16387 4.67589
541 1.149973786E+07 2.77547 3.56951 4.78224 15.15286 4.68732
542 1.151034678E+07 2.77328 3.56992 4.77949 15.14171 4.69856
543 1.152125334E+07 2.77117 3.57033 4.77689 15.13032 4.70972
544 1.153249075E+07 2.76917 3.57072 4.77446 15.11865 4.72082
545 1.154389208E+07 2.76727 3.57110 4.77219 15.10687 4.73170
546 1.155556140E+07 2.76546 3.57148 4.77007 15.09488 4.74245
547 1.156748008E+07 2.76374 3.57184 4.76809 15.08268 4.75306
548 1.157961655E+07 2.76212 3.57220 4.76628 15.07032 4.76352
549 1.159171941E+07 2.76061 3.57255 4.76464 15.05803 4.77361
550 1.160394813E+07 2.75919 3.57288 4.76315 15.04566 4.78349
551 1.161634366E+07 2.75787 3.57320 4.76180 15.03316 4.79320
552 1.162899549E+07 2.75666 3.57351 4.76062 15.02044 4.80283
553 1.164183534E+07 2.75556 3.57381 4.75961 15.00755 4.81234
554 1.165496099E+07 2.75455 3.57410 4.75874 14.99440 4.82181
555 1.166851146E+07 2.75364 3.57437 4.75800 14.98085 4.83135
556 1.168249312E+07 2.75282 3.57463 4.75739 14.96688 4.84098
557 1.169687304E+07 2.75207 3.57489 4.75693 14.95252 4.85070
558 1.171129695E+07 2.75141 3.57513 4.75657 14.93813 4.85952
559 1.172591460E+07 2.75081 3.57536 4.75632 14.92354 4.86806
560 1.174080085E+07 2.75028 3.57559 4.75615 14.90869 4.87642
561 1.175597848E+07 2.74983 3.57579 4.75607 14.89355 4.88459
562 1.177163667E+07 2.74946 3.57599 4.75613 14.87792 4.89270
563 1.178764472E+07 2.74918 3.57617 4.75627 14.86193 4.90068
564 1.180434124E+07 2.74899 3.57632 4.75651 14.84523 4.90870
565 1.182196305E+07 2.74888 3.57645 4.75682 14.82759 4.91687
566 1.184057814E+07 2.74887 3.57656 4.75722 14.80893 4.92523
567 1.186019739E+07 2.74893 3.57664 4.75767 14.78924 4.93380
568 1.188068629E+07 2.74908 3.57670 4.75818 14.76864 4.94261
569 1.190178468E+07 2.74931 3.57672 4.75875 14.74740 4.95169
570 1.192323311E+07 2.74963 3.57671 4.75933 14.72577 4.96065
571 1.194518795E+07 2.75007 3.57664 4.75993 14.70359 4.96802
572 1.196794256E+07 2.75064 3.57651 4.76056 14.68057 4.97517
573 1.199198326E+07 2.75136 3.57632 4.76123 14.65621 4.98228
574 1.201615972E+07 2.75220 3.57607 4.76193 14.63168 4.98915
575 1.203903030E+07 2.75310 3.57579 4.76261 14.60845 4.99557
576 1.205987730E+07 2.75400 3.57551 4.76328 14.58724 5.00160
577 1.207889819E+07 2.75492 3.57522 4.76394 14.56787 5.00751
578 1.209631313E+07 2.75583 3.57492 4.76459 14.55011 5.01251
579 1.211241507E+07 2.75675 3.57464 4.76528 14.53366 5.01583
580 1.212772273E+07 2.75769 3.57434 4.76600 14.51801 5.01883
581 1.214240873E+07 2.75866 3.57405 4.76675 14.50297 5.02162
582 1.215643522E+07 2.75964 3.57375 4.76753 14.48858 5.02423
583 1.216984820E+07 2.76066 3.57345 4.76835 14.47480 5.02670
584 1.218262526E+07 2.76170 3.57314 4.76922 14.46165 5.02909
585 1.219478138E+07 2.76278 3.57283 4.77013 14.44912 5.03152
586 1.220640910E+07 2.76388 3.57252 4.77109 14.43711 5.03406
587 1.221755444E+07 2.76501 3.57221 4.77210 14.42557 5.03681
588 1.222826027E+07 2.76615 3.57190 4.77315 14.41446 5.03858
589 1.223856287E+07 2.76733 3.57159 4.77426 14.40374 5.03976
590 1.224853034E+07 2.76854 3.57128 4.77544 14.39335 5.04084
591 1.225820371E+07 2.76979 3.57096 4.77667 14.38323 5.04186
592 1.226753182E+07 2.77105 3.57065 4.77795 14.37345 5.04285
593 1.227652981E+07 2.77234 3.57034 4.77928 14.36399 5.04385
594 1.228521565E+07 2.77365 3.57003 4.78065 14.35483 5.04489
595 1.229359349E+07 2.77498 3.56971 4.78206 14.34597 5.04600
596 1.230165730E+07 2.77633 3.56940 4.78352 14.33741 5.04720
597 1.230941374E+07 2.77771 3.56909 4.78503 14.32914 5.04853
598 1.231685026E+07 2.77911 3.56878 4.78659 14.32120 5.05002
599 1.232396791E+07 2.78054 3.56847 4.78819 14.31356 5.05148
600 1.233075934E+07 2.78199 3.56816 4.78984 14.30625 5.05209
601 1.233726790E+07 2.78347 3.56784 4.79156 14.29921 5.05263
602 1.234350438E+07 2.78500 3.56753 4.79334 14.29244 5.05316
603 1.234942254E+07 2.78655 3.56721 4.79517 14.28599 5.05367
604 1.235502993E+07 2.78814 3.56688 4.79706 14.27985 5.05419
605 1.236032438E+07 2.78975 3.56656 4.79899 14.27402 5.05473
606 1.236530093E+07 2.79140 3.56623 4.80098 14.26853 5.05530
607 1.236996216E+07 2.79308 3.56591 4.80302 14.26335 5.05591
608 1.237430949E+07 2.79479 3.56557 4.80513 14.25850 5.05658
609 1.237834309E+07 2.79655 3.56524 4.80729 14.25398 5.05732
610 1.238206730E+07 2.79833 3.56490 4.80951 14.24978 5.05814
611 1.238548903E+07 2.80016 3.56456 4.81180 14.24590 5.05906
612 1.238862196E+07 2.80203 3.56421 4.81415 14.24233 5.05926
613 1.239146644E+07 2.80394 3.56386 4.81657 14.23907 5.05938
614 1.239405120E+07 2.80590 3.56350 4.81906 14.23609 5.05947
615 1.239636684E+07 2.80791 3.56314 4.82162 14.23341 5.05953
616 1.239842515E+07 2.80995 3.56277 4.82424 14.23101 5.05958
617 1.240024305E+07 2.81203 3.56240 4.82691 14.22887 5.05962
618 1.240183738E+07 2.81414 3.56203 4.82962 14.22699 5.05967
619 1.240323076E+07 2.81627 3.56165 4.83238 14.22533 5.05974
620 1.240444467E+07 2.81842 3.56127 4.83518 14.22388 5.05986
621 1.240549506E+07 2.82058 3.56089 4.83798 14.22261 5.06004
622 1.240639807E+07 2.82274 3.56052 4.84079 14.22152 5.06030
623 1.240716983E+07 2.82488 3.56014 4.84358 14.22057 5.06014
624 1.240782589E+07 2.82700 3.55977 4.84634 14.21977 5.05980
625 1.240838599E+07 2.82911 3.55941 4.84908 14.21907 5.05946
626 1.240886176E+07 2.83118 3.55905 4.85179 14.21848 5.05913
627 1.240926301E+07 2.83318 3.55870 4.85440 14.21798 5.05884
628 1.240959972E+07 2.83511 3.55836 4.85689 14.21755 5.05861
629 1.240988009E+07 2.83692 3.55804 4.85924 14.21720 5.05847
630 1.241011161E+07 2.83861 3.55774 4.86142 14.21690 5.05843
631 1.241030304E+07 2.84019 3.55746 4.86344 14.21666 5.05837
632 1.241046826E+07 2.84171 3.55719 4.86540 14.21645 5.05798
633 1.241062973E+07 2.84341 3.55689 4.86760 14.21624 5.05763
634 1.241078791E+07 2.84533 3.55655 4.87010 14.21603 5.05732
635 1.241094048E+07 2.84745 3.55618 4.87287 14.21583 5.05708
636 1.241108713E+07 2.84976 3.55579 4.87591 14.21564 5.05692
637 1.241122903E+07 2.85221 3.55537 4.87913 14.21545 5.05684
638 1.241136718E+07 2.85476 3.55494 4.88250 14.21527 5.05683
639 1.241150239E+07 2.85742 3.55449 4.88603 14.21508 5.05688
640 1.241163564E+07 2.86013 3.55403 4.88963 14.21490 5.05670
641 1.241176768E+07 2.86287 3.55357 4.89327 14.21472 5.05648
642 1.241189959E+07 2.86567 3.55310 4.89699 14.21454 5.05630
643 1.241203159E+07 2.86847 3.55263 4.90072 14.21435 5.05616
644 1.241216400E+07 2.87126 3.55216 4.90442 14.21417 5.05605
645 1.241229703E+07 2.87407 3.55169 4.90815 14.21398 5.05598
646 1.241243096E+07 2.87687 3.55122 4.91186 14.21378 5.05594
647 1.241256600E+07 2.87965 3.55075 4.91555 14.21359 5.05595
648 1.241270222E+07 2.88244 3.55028 4.91924 14.21339 5.05600
649 1.241283988E+07 2.88520 3.54981 4.92290 14.21319 5.05607
650 1.241297910E+07 2.88799 3.54934 4.92660 14.21298 5.05594
651 1.241312024E+07 2.89084 3.54887 4.93039 14.21277 5.05584
652 1.241326448E+07 2.89372 3.54839 4.93422 14.21255 5.05576
653 1.241341210E+07 2.89650 3.54792 4.93792 14.21232 5.05570
654 1.241356322E+07 2.89924 3.54746 4.94157 14.21209 5.05568
655 1.241371739E+07 2.90191 3.54702 4.94513 14.21185 5.05569
656 1.241387460E+07 2.90453 3.54658 4.94863 14.21160 5.05573
657 1.241403473E+07 2.90710 3.54615 4.95205 14.21135 5.05580
658 1.241419791E+07 2.90961 3.54574 4.95540 14.21109 5.05591
659 1.241436434E+07 2.91204 3.54533 4.95867 14.21082 5.05600
660 1.241453417E+07 2.91442 3.54494 4.96186 14.21054 5.05598
661 1.241470774E+07 2.91669 3.54457 4.96492 14.21026 5.05599
662 1.241488614E+07 2.91889 3.54422 4.96788 14.20997 5.05601
663 1.241506807E+07 2.92098 3.54388 4.97071 14.20966 5.05607
664 1.241525341E+07 2.92296 3.54356 4.97341 14.20936 5.05615
665 1.241544217E+07 2.92484 3.54326 4.97596 14.20904 5.05625
666 1.241563435E+07 2.92662 3.54298 4.97838 14.20871 5.05639
667 1.241583002E+07 2.92829 3.54271 4.98066 14.20838 5.05656
668 1.241602937E+07 2.92984 3.54247 4.98279 14.20804 5.05676
669 1.241623242E+07 2.93129 3.54224 4.98477 14.20769 5.05688
670 1.241643930E+07 2.93262 3.54203 4.98660 14.20733 5.05697
671 1.241665228E+07 2.93384 3.54184 4.98828 14.20696 5.05709
672 1.241687121E+07 2.93492 3.54167 4.98976 14.20658 5.05723
673 1.241709639E+07 2.93583 3.54153 4.99102 14.20619 5.05740
674 1.241732839E+07 2.93654 3.54142 4.99200 14.20578 5.05761
675 1.241756738E+07 2.93703 3.54134 4.99266 14.20536 5.05786
676 1.241781292E+07 2.93726 3.54130 4.99297 14.20493 5.05816
677 1.241806394E+07 2.93723 3.54130 4.99290 14.20449 5.05843
678 1.241831826E+07 2.93693 3.54134 4.99245 14.20404 5.05861
679 1.241857377E+07 2.93639 3.54141 4.99166 14.20359 5.05880
680 1.241882977E+07 2.93565 3.54151 4.99058 14.20315 5.05902
681 1.241908303E+07 2.93477 3.54163 4.98931 14.20271 5.05925
682 1.241933294E+07 2.93380 3.54177 4.98791 14.20227 5.05954
683 1.241957919E+07 2.93277 3.54191 4.98642 14.20185 5.05984
684 1.241982175E+07 2.93173 3.54205 4.98492 14.20143 5.05992
685 1.242006172E+07 2.93072 3.54220 4.98346 14.20102 5.06001
686 1.242030277E+07 2.92976 3.54233 4.98208 14.20061 5.06013
687 1.242054219E+07 2.92889 3.54245 4.98083 14.20020 5.06033
688 1.242077983E+07 2.92815 3.54255 4.97976 14.19980 5.06051
689 1.242101532E+07 2.92755 3.54264 4.97889 14.19940 5.06044
690 1.242124866E+07 2.92712 3.54270 4.97826 14.19900 5.06042
691 1.242148283E+07 2.92685 3.54273 4.97787 14.19861 5.06051
692 1.242171360E+07 2.92675 3.54275 4.97773 14.19822 5.06063
693 1.242194017E+07 2.92682 3.54274 4.97784 14.19784 5.06046
694 1.242216363E+07 2.92706 3.54271 4.97818 14.19746 5.06038
695 1.242238758E+07 2.92746 3.54265 4.97876 14.19708 5.06045
696 1.242260691E+07 2.92801 3.54258 4.97956 14.19671 5.06039
697 1.242282059E+07 2.92868 3.54249 4.98055 14.19635 5.06021
698 1.242303229E+07 2.92948 3.54238 4.98171 14.19599 5.06016
699 1.242324203E+07 2.93040 3.54225 4.98305 14.19563 5.06027
700 1.242344683E+07 2.93140 3.54212 4.98452 14.19528 5.06001
701 1.242364654E+07 2.93247 3.54198 4.98608 14.19493 5.05988
702 1.242384688E+07 2.93362 3.54182 4.98778 14.19458 5.05991
703 1.242404305E+07 2.93483 3.54166 4.98956 14.19424 5.05982
704 1.242423432E+07 2.93607 3.54150 4.99139 14.19391 5.05963
705 1.242442390E+07 2.93736 3.54133 4.99328 14.19357 5.05959
706 1.242461169E+07 2.93868 3.54116 4.99523 14.19324 5.05965
707 1.242479547E+07 2.94001 3.54098 4.99720 14.19291 5.05942
708 1.242497561E+07 2.94135 3.54081 4.99918 14.19259 5.05932
709 1.242515571E+07 2.94271 3.54063 5.00120 14.19227 5.05938
710 1.242533232E+07 2.94406 3.54046 5.00322 14.19195 5.05926
711 1.242550489E+07 2.94540 3.54029 5.00521 14.19163 5.05912
712 1.242567636E+07 2.94674 3.54012 5.00721 14.19132 5.05911
713 1.242584554E+07 2.94808 3.53995 5.00920 14.19101 5.05915
714 1.242601106E+07 2.94938 3.53979 5.01115 14.19070 5.05897
715 1.242617372E+07 2.95067 3.53962 5.01308 14.19040 5.05891
716 1.242633536E+07 2.95195 3.53946 5.01500 14.19010 5.05899
717 1.242649364E+07 2.95320 3.53931 5.01688 14.18980 5.05888
718 1.242664823E+07 2.95442 3.53916 5.01871 14.18951 5.05877
719 1.242680140E+07 2.95563 3.53901 5.02053 14.18922 5.05879
720 1.242695182E+07 2.95681 3.53886 5.02230 14.18893 5.05884
721 1.242709864E+07 2.95795 3.53872 5.02403 14.18865 5.05870
722 1.242724235E+07 2.95907 3.53859 5.02572 14.18837 5.05866
723 1.242738413E+07 2.96016 3.53845 5.02738 14.18810 5.05874
724 1.242752235E+07 2.96122 3.53833 5.02899 14.18783 5.05869
725 1.242765681E+07 2.96225 3.53820 5.03055 14.18756 5.05860
726 1.242778873E+07 2.96325 3.53808 5.03207 14.18730 5.05861
727 1.242791760E+07 2.96421 3.53797 5.03354 14.18705 5.05874
728 1.242804276E+07 2.96515 3.53786 5.03497 14.18680 5.05861
729 1.242816412E+07 2.96605 3.53775 5.03634 14.18656 5.05856
730 1.242828330E+07 2.96693 3.53765 5.03769 14.18632 5.05860
731 1.242839890E+07 2.96777 3.53755 5.03898 14.18609 5.05869
732 1.242851083E+07 2.96859 3.53745 5.04023 14.18587 5.05859
733 1.242861940E+07 2.96937 3.53736 5.04144 14.18565 5.05856
734 1.242872539E+07 2.97013 3.53727 5.04260 14.18543 5.05862
735 1.242882792E+07 2.97086 3.53719 5.04372 14.18522 5.05870
736 1.242892697E+07 2.97155 3.53711 5.04479 14.18502 5.05861
737 1.242902287E+07 2.97222 3.53703 5.04582 14.18482 5.05860
738 1.242911620E+07 2.97287 3.53696 5.04682 14.18463 5.05865
739 1.242920632E+07 2.97349 3.53689 5.04777 14.18445 5.05877
740 1.242929329E+07 2.97408 3.53682 5.04869 14.18427 5.05868
741 1.242937723E+07 2.97464 3.53676 5.04956 14.18409 5.05866
742 1.242945881E+07 2.97519 3.53670 5.05040 14.18392 5.05870
743 1.242953749E+07 2.97571 3.53664 5.05121 14.18376 5.05880
744 1.242961332E+07 2.97620 3.53658 5.05198 14.18360 5.05880
745 1.242968639E+07 2.97668 3.53653 5.05272 14.18345 5.05875
746 1.242975700E+07 2.97713 3.53648 5.05342 14.18330 5.05877
747 1.242982501E+07 2.97757 3.53643 5.05409 14.18316 5.05884
748 1.242989030E+07 2.97798 3.53638 5.05473 14.18302 5.05896
749 1.242995288E+07 2.97837 3.53634 5.05534 14.18289 5.05890
750 1.243001284E+07 2.97874 3.53630 5.05591 14.18276 5.05888
751 1.243007058E+07 2.97910 3.53625 5.05646 14.18264 5.05890
752 1.243012582E+07 2.97944 3.53622 5.05698 14.18252 5.05897
753 1.243017865E+07 2.97977 3.53618 5.05749 14.18241 5.05910
754 1.243022917E+07 2.98009 3.53614 5.05798 14.18230 5.05905
755 1.243027748E+07 2.98038 3.53610 5.05843 14.18220 5.05903
756 1.243032382E+07 2.98066 3.53607 5.05885 14.18210 5.05905
757 1.243036810E+07 2.98092 3.53604 5.05925 14.18201 5.05911
758 1.243041041E+07 2.98117 3.53601 5.05962 14.18191 5.05920
759 1.243045082E+07 2.98141 3.53598 5.05997 14.18183 5.05924
760 1.243048942E+07 2.98163 3.53595 5.06030 14.18175 5.05921
761 1.243052639E+07 2.98184 3.53592 5.06061 14.18167 5.05921
762 1.243056181E+07 2.98204 3.53590 5.06091 14.18159 5.05925
763 1.243059570E+07 2.98223 3.53587 5.06118 14.18152 5.05931
764 1.243062814E+07 2.98241 3.53584 5.06144 14.18145 5.05941
765 1.243065926E+07 2.98259 3.53582 5.06169 14.18138 5.05945
766 1.243068913E+07 2.98275 3.53579 5.06192 14.18132 5.05942
767 1.243071791E+07 2.98291 3.53577 5.06213 14.18125 5.05942
768 1.243074570E+07 2.98306 3.53574 5.06234 14.18119 5.05945
769 1.243077250E+07 2.98322 3.53572 5.06254 14.18114 5.05950
770 1.243079843E+07 2.98338 3.53569 5.06276 14.18108 5.05958
771 1.243082360E+07 2.98353 3.53566 5.06296 14.18103 5.05969
772 1.243084817E+07 2.98368 3.53564 5.06314 14.18097 5.05966
773 1.243087241E+07 2.98382 3.53561 5.06331 14.18092 5.05965
774 1.243089684E+07 2.98395 3.53558 5.06348 14.18087 5.05966
775 1.243092197E+07 2.98408 3.53556 5.06364 14.18081 5.05968
776 1.243094888E+07 2.98421 3.53553 5.06380 14.18076 5.05973
777 1.243097988E+07 2.98435 3.53551 5.06396 14.18069 5.05979
778 1.243101675E+07 2.98448 3.53548 5.06412 14.18061 5.05988
778 1.243100938E+07 2.98446 3.53548 5.06409 14.18062 5.05985
778 1.243100348E+07 2.98444 3.53549 5.06407 14.18064 5.05984
778 1.243099876E+07 2.98442 3.53549 5.06405 14.18065 5.05983
779 1.243101763E+07 2.98449 3.53548 5.06413 14.18061 5.05989
779 1.243101386E+07 2.98448 3.53548 5.06411 14.18062 5.05987
779 1.243101084E+07 2.98447 3.53548 5.06410 14.18062 5.05986
779 1.243100842E+07 2.98446 3.53548 5.06409 14.18063 5.05985
779 1.243100649E+07 2.98445 3.53548 5.06408 14.18063 5.05985
780 1.243101422E+07 2.98448 3.53548 5.06412 14.18061 5.05987
780 1.243101268E+07 2.98447 3.53548 5.06411 14.18062 5.05987
781 1.243101886E+07 2.98450 3.53548 5.06414 14.18060 5.05988
782 1.243102505E+07 2.98452 3.53547 5.06417 14.18059 5.05990
783 1.243103123E+07 2.98454 3.53547 5.06419 14.18058 5.05992
784 1.243103742E+07 2.98455 3.53547 5.06421 14.18056 5.05993
785 1.243104484E+07 2.98458 3.53546 5.06424 14.18055 5.05994
786 1.243105374E+07 2.98460 3.53546 5.06427 14.18053 5.05993
787 1.243106443E+07 2.98462 3.53545 5.06430 14.18051 5.05993
788 1.243107726E+07 2.98465 3.53545 5.06433 14.18048 5.05992
789 1.243109265E+07 2.98468 3.53544 5.06437 14.18044 5.05991
789 1.243108957E+07 2.98468 3.53544 5.06436 14.18045 5.05991
789 1.243108711E+07 2.98467 3.53544 5.06435 14.18046 5.05991
790 1.243109696E+07 2.98469 3.53544 5.06437 14.18044 5.05991
790 1.243109499E+07 2.98469 3.53544 5.06437 14.18044 5.05991
790 1.243109341E+07 2.98469 3.53544 5.06437 14.18044 5.05991
791 1.243109971E+07 2.98470 3.53543 5.06438 14.18043 5.05991
791 1.243109845E+07 2.98470 3.53543 5.06438 14.18043 5.05991
792 1.243110350E+07 2.98471 3.53543 5.06439 14.18042 5.05991
793 1.243110854E+07 2.98472 3.53543 5.06440 14.18041 5.05991
794 1.243111358E+07 2.98473 3.53543 5.06441 14.18040 5.05991
795 1.243111863E+07 2.98474 3.53542 5.06443 14.18039 5.05991
796 1.243112468E+07 2.98476 3.53542 5.06444 14.18038 5.05991
797 1.243113194E+07 2.98478 3.53542 5.06446 14.18036 5.05991
798 1.243114065E+07 2.98480 3.53541 5.06447 14.18034 5.05992
799 1.243115111E+07 2.98483 3.53540 5.06450 14.18032 5.05993
800 1.243116366E+07 2.98488 3.53538 5.06452 14.18029 5.05996
801 1.243117872E+07 2.98495 3.53536 5.06456 14.18026 5.06002
802 1.243119068E+07 2.98502 3.53533 5.06460 14.18023 5.06009
803 1.243120018E+07 2.98508 3.53530 5.06461 14.18021 5.06019
804 1.243120789E+07 2.98516 3.53527 5.06464 14.18019 5.06019
805 1.243121433E+07 2.98524 3.53524 5.06468 14.18018 5.06018
806 1.243121999E+07 2.98532 3.53521 5.06472 14.18017 5.06018
807 1.243122512E+07 2.98539 3.53518 5.06476 14.18016 5.06019
808 1.243122987E+07 2.98547 3.53515 5.06479 14.18015 5.06022
809 1.243123433E+07 2.98555 3.53512 5.06482 14.18014 5.06026
810 1.243123859E+07 2.98562 3.53509 5.06484 14.18013 5.06031
811 1.243124268E+07 2.98570 3.53505 5.06486 14.18012 5.06037
812 1.243124667E+07 2.98578 3.53502 5.06488 14.18011 5.06045
813 1.243125059E+07 2.98586 3.53499 5.06490 14.18010 5.06049
814 1.243125448E+07 2.98594 3.53495 5.06492 14.18009 5.06048
815 1.243125837E+07 2.98602 3.53492 5.06494 14.18009 5.06047
816 1.243126230E+07 2.98610 3.53488 5.06497 14.18008 5.06048
817 1.243126633E+07 2.98619 3.53484 5.06500 14.18007 5.06049
818 1.243127048E+07 2.98628 3.53481 5.06503 14.18006 5.06051
819 1.243127482E+07 2.98638 3.53477 5.06508 14.18005 5.06055
819 1.243127395E+07 2.98636 3.53477 5.06506 14.18005 5.06054
819 1.243127326E+07 2.98635 3.53478 5.06506 14.18005 5.06054
820 1.243127603E+07 2.98641 3.53476 5.06509 14.18005 5.06056
821 1.243127881E+07 2.98647 3.53473 5.06512 14.18004 5.06059
821 1.243127825E+07 2.98646 3.53474 5.06511 14.18004 5.06058
822 1.243128047E+07 2.98651 3.53472 5.06515 14.18004 5.06061
822 1.243128003E+07 2.98650 3.53472 5.06514 14.18004 5.06060
823 1.243128180E+07 2.98654 3.53471 5.06517 14.18003 5.06062
823 1.243128145E+07 2.98653 3.53471 5.06516 14.18004 5.06062
824 1.243128287E+07 2.98657 3.53471 5.06520 14.18003 5.06063
825 1.243128429E+07 2.98660 3.53470 5.06523 14.18003 5.06064
826 1.243128571E+07 2.98663 3.53469 5.06526 14.18003 5.06065
827 1.243128713E+07 2.98666 3.53468 5.06530 14.18002 5.06066
828 1.243128883E+07 2.98670 3.53467 5.06534 14.18002 5.06067
828 1.243128849E+07 2.98669 3.53468 5.06533 14.18002 5.06067
829 1.243128986E+07 2.98672 3.53467 5.06536 14.18002 5.06068
830 1.243129122E+07 2.98675 3.53467 5.06541 14.18001 5.06069
831 1.243129258E+07 2.98678 3.53466 5.06545 14.18001 5.06069
832 1.243129395E+07 2.98681 3.53466 5.06550 14.18001 5.06069
833 1.243129558E+07 2.98684 3.53465 5.06554 14.18001 5.06070
833 1.243129526E+07 2.98683 3.53466 5.06553 14.18001 5.06070
833 1.243129499E+07 2.98683 3.53466 5.06553 14.18001 5.06069
833 1.243129478E+07 2.98682 3.53466 5.06552 14.18001 5.06069
834 1.243129562E+07 2.98684 3.53465 5.06555 14.18000 5.06070
835 1.243129646E+07 2.98686 3.53465 5.06556 14.18000 5.06070
836 1.243129730E+07 2.98688 3.53465 5.06558 14.18000 5.06071
837 1.243129813E+07 2.98689 3.53464 5.06560 14.18000 5.06072
838 1.243129914E+07 2.98692 3.53464 5.06562 14.18000 5.06073
839 1.243130035E+07 2.98694 3.53463 5.06564 14.17999 5.06074
840 1.243130179E+07 2.98697 3.53462 5.06567 14.17999 5.06076
841 1.243130353E+07 2.98701 3.53461 5.06569 14.17999 5.06078
842 1.243130562E+07 2.98706 3.53459 5.06572 14.17998 5.06081
843 1.243130812E+07 2.98712 3.53457 5.06575 14.17998 5.06084
844 1.243131112E+07 2.98720 3.53454 5.06578 14.17997 5.06083
845 1.243131472E+07 2.98729 3.53449 5.06580 14.17996 5.06082
845 1.243131400E+07 2.98727 3.53450 5.06579 14.17997 5.06082
846 1.243131688E+07 2.98735 3.53447 5.06580 14.17996 5.06082
847 1.243131977E+07 2.98743 3.53442 5.06579 14.17995 5.06082
848 1.243132265E+07 2.98751 3.53437 5.06576 14.17995 5.06084
849 1.243132553E+07 2.98760 3.53432 5.06572 14.17994 5.06086
850 1.243132791E+07 2.98768 3.53427 5.06568 14.17994 5.06090
851 1.243133006E+07 2.98775 3.53422 5.06561 14.17993 5.06095
852 1.243133196E+07 2.98782 3.53416 5.06554 14.17993 5.06102
853 1.243133365E+07 2.98789 3.53411 5.06546 14.17992 5.06109
854 1.243133520E+07 2.98795 3.53406 5.06538 14.17992 5.06116
855 1.243133664E+07 2.98800 3.53401 5.06529 14.17992 5.06114
856 1.243133799E+07 2.98805 3.53396 5.06520 14.17991 5.06113
857 1.243133930E+07 2.98811 3.53391 5.06511 14.17991 5.06114
858 1.243134057E+07 2.98816 3.53387 5.06503 14.17991 5.06115
858 1.243134032E+07 2.98815 3.53388 5.06504 14.17991 5.06114
859 1.243134133E+07 2.98819 3.53384 5.06498 14.17991 5.06116
860 1.243134235E+07 2.98825 3.53380 5.06492 14.17990 5.06118
861 1.243134337E+07 2.98830 3.53376 5.06487 14.17990 5.06121
862 1.243134439E+07 2.98836 3.53371 5.06481 14.17990 5.06125
863 1.243134558E+07 2.98843 3.53366 5.06475 14.17990 5.06131
864 1.243134675E+07 2.98850 3.53363 5.06474 14.17989 5.06136
865 1.243134816E+07 2.98857 3.53359 5.06472 14.17989 5.06143
865 1.243134788E+07 2.98856 3.53359 5.06472 14.17989 5.06141
865 1.243134765E+07 2.98854 3.53360 5.06472 14.17989 5.06140
866 1.243134855E+07 2.98859 3.53357 5.06472 14.17989 5.06145
866 1.243134837E+07 2.98858 3.53358 5.06471 14.17989 5.06144
867 1.243134909E+07 2.98862 3.53357 5.06474 14.17989 5.06147
868 1.243134981E+07 2.98865 3.53355 5.06476 14.17989 5.06149
869 1.243135053E+07 2.98868 3.53354 5.06477 14.17989 5.06150
870 1.243135125E+07 2.98871 3.53353 5.06477 14.17988 5.06149
870 1.243135110E+07 2.98871 3.53353 5.06477 14.17989 5.06149
870 1.243135099E+07 2.98870 3.53353 5.06477 14.17989 5.06149
870 1.243135090E+07 2.98870 3.53353 5.06478 14.17989 5.06149
870 1.243135082E+07 2.98870 3.53354 5.06478 14.17989 5.06149
871 1.243135112E+07 2.98871 3.53353 5.06478 14.17989 5.06149
871 1.243135106E+07 2.98871 3.53353 5.06478 14.17989 5.06149
872 1.243135130E+07 2.98872 3.53353 5.06478 14.17988 5.06149
873 1.243135153E+07 2.98873 3.53352 5.06478 14.17988 5.06149
874 1.243135177E+07 2.98874 3.53352 5.06478 14.17988 5.06149
875 1.243135200E+07 2.98875 3.53351 5.06478 14.17988 5.06149
876 1.243135229E+07 2.98876 3.53350 5.06477 14.17988 5.06149
877 1.243135262E+07 2.98878 3.53349 5.06477 14.17988 5.06149
878 1.243135303E+07 2.98879 3.53348 5.06475 14.17988 5.06148
878 1.243135295E+07 2.98879 3.53348 5.06476 14.17988 5.06149
878 1.243135289E+07 2.98879 3.53349 5.06476 14.17988 5.06149
878 1.243135283E+07 2.98879 3.53349 5.06476 14.17988 5.06149
878 1.243135279E+07 2.98878 3.53349 5.06476 14.17988 5.06149
879 1.243135296E+07 2.98879 3.53348 5.06476 14.17988 5.06149
880 1.243135313E+07 2.98880 3.53348 5.06476 14.17988 5.06149
881 1.243135329E+07 2.98880 3.53348 5.06477 14.17988 5.06149
882 1.243135346E+07 2.98881 3.53348 5.06478 14.17988 5.06149
883 1.243135366E+07 2.98882 3.53347 5.06478 14.17988 5.06149
884 1.243135390E+07 2.98883 3.53347 5.06479 14.17988 5.06149
885 1.243135419E+07 2.98884 3.53347 5.06479 14.17988 5.06149
886 1.243135453E+07 2.98886 3.53346 5.06478 14.17988 5.06149
887 1.243135495E+07 2.98887 3.53345 5.06478 14.17988 5.06149
888 1.243135545E+07 2.98890 3.53343 5.06476 14.17988 5.06149
889 1.243135604E+07 2.98893 3.53341 5.06473 14.17987 5.06149
890 1.243135676E+07 2.98896 3.53337 5.06466 14.17987 5.06150
890 1.243135662E+07 2.98895 3.53338 5.06468 14.17987 5.06150
891 1.243135719E+07 2.98898 3.53335 5.06462 14.17987 5.06150
892 1.243135777E+07 2.98902 3.53332 5.06455 14.17987 5.06152
893 1.243135834E+07 2.98905 3.53328 5.06445 14.17987 5.06154
894 1.243135891E+07 2.98909 3.53323 5.06433 14.17987 5.06157
