1 3.914666000E+04 0.72846 4.51111 4.45461 16.99949 0.00003
2 7.360621257E+04 0.72905 4.51100 4.45535 16.99904 0.00003
3 1.149576756E+05 0.72993 4.51080 4.45632 16.99850 0.00003
4 1.645794313E+05 0.73100 4.51057 4.45751 16.99784 0.00003
5 2.241255382E+05 0.73227 4.51030 4.45897 16.99705 0.00003
6 2.955808664E+05 0.73378 4.50998 4.46072 16.99610 0.00003
7 3.813272602E+05 0.73557 4.50961 4.46284 16.99494 0.00003
8 4.842229328E+05 0.73769 4.50920 4.46541 16.99354 0.00003
9 6.076977400E+05 0.74020 4.50872 4.46852 16.99184 0.00003
10 7.558675085E+05 0.74317 4.50818 4.47231 16.98977 0.00003
11 9.336712308E+05 0.74669 4.50758 4.47693 16.98723 0.00003
12 1.117934411E+06 0.75032 4.50697 4.48178 16.98455 0.00003
13 1.304581736E+06 0.75400 4.50638 4.48677 16.98177 0.00003
14 1.491926264E+06 0.75770 4.50580 4.49185 16.97892 0.00003
15 1.679202245E+06 0.76142 4.50523 4.49700 16.97601 0.00003
16 1.865853366E+06 0.76516 4.50466 4.50220 16.97304 0.00003
17 2.051405085E+06 0.76892 4.50409 4.50745 16.97002 0.00003
18 2.235448192E+06 0.77271 4.50352 4.51273 16.96696 0.00002
19 2.417579586E+06 0.77652 4.50293 4.51801 16.96386 0.00002
20 2.597375690E+06 0.78036 4.50233 4.52330 16.96073 0.00002
21 2.774284244E+06 0.78424 4.50171 4.52855 16.95758 0.00002
22 2.947643668E+06 0.78813 4.50107 4.53376 16.95442 0.00002
23 3.117719365E+06 0.79202 4.50041 4.53894 16.95126 0.00002
24 3.285349295E+06 0.79593 4.49975 4.54411 16.94807 0.00002
25 3.450552891E+06 0.79986 4.49908 4.54927 16.94486 0.00002
26 3.613247189E+06 0.80382 4.49839 4.55442 16.94163 0.00002
27 3.773366261E+06 0.80780 4.49768 4.55956 16.93839 0.00002
28 3.930834534E+06 0.81180 4.49696 4.56467 16.93513 0.00002
29 4.085584559E+06 0.81582 4.49622 4.56977 16.93187 0.00002
30 4.237569367E+06 0.81987 4.49546 4.57483 16.92859 0.00002
31 4.386761855E+06 0.82393 4.49469 4.57986 16.92532 0.00002
32 4.533073675E+06 0.82802 4.49389 4.58485 16.92204 0.00002
33 4.676395965E+06 0.83215 4.49307 4.58982 16.91877 0.00002
34 4.816335274E+06 0.83631 4.49222 4.59473 16.91551 0.00002
35 4.952659269E+06 0.84049 4.49133 4.59955 16.91228 0.00002
36 5.085264891E+06 0.84466 4.49043 4.60429 16.90909 0.00002
37 5.215010147E+06 0.84884 4.48951 4.60898 16.90591 0.00002
38 5.342261606E+06 0.85305 4.48858 4.61364 16.90274 0.00002
39 5.467092101E+06 0.85727 4.48762 4.61826 16.89958 0.00002
40 5.589529111E+06 0.86151 4.48665 4.62285 16.89643 0.00002
41 5.709604502E+06 0.86577 4.48565 4.62739 16.89330 0.00002
42 5.827382473E+06 0.87005 4.48464 4.63190 16.89018 0.00002
43 5.942883087E+06 0.87436 4.48360 4.63637 16.88708 0.00002
44 6.056102224E+06 0.87868 4.48255 4.64080 16.88399 0.00002
45 6.167028825E+06 0.88304 4.48147 4.64519 16.88092 0.00002
46 6.275670906E+06 0.88741 4.48037 4.64953 16.87788 0.00002
47 6.382006605E+06 0.89181 4.47924 4.65382 16.87487 0.00002
48 6.485994114E+06 0.89623 4.47809 4.65804 16.87188 0.00002
49 6.587475331E+06 0.90067 4.47690 4.66219 16.86894 0.00002
50 6.686285941E+06 0.90511 4.47570 4.66626 16.86604 0.00002
51 6.782876919E+06 0.90955 4.47448 4.67027 16.86318 0.00002
52 6.877625838E+06 0.91402 4.47324 4.67425 16.86035 0.00003
53 6.970594113E+06 0.91850 4.47199 4.67819 16.85754 0.00003
54 7.061778750E+06 0.92301 4.47071 4.68209 16.85476 0.00003
55 7.151171682E+06 0.92753 4.46941 4.68596 16.85202 0.00003
56 7.238811310E+06 0.93211 4.46809 4.68981 16.84931 0.00003
57 7.324449705E+06 0.93670 4.46675 4.69362 16.84663 0.00003
58 7.408293593E+06 0.94130 4.46539 4.69739 16.84400 0.00003
59 7.490498212E+06 0.94592 4.46401 4.70112 16.84140 0.00003
60 7.571127106E+06 0.95056 4.46261 4.70480 16.83884 0.00003
61 7.650163510E+06 0.95522 4.46119 4.70845 16.83631 0.00003
62 7.727582983E+06 0.95990 4.45975 4.71204 16.83382 0.00003
63 7.803330008E+06 0.96460 4.45828 4.71557 16.83138 0.00003
64 7.877262971E+06 0.96931 4.45679 4.71903 16.82898 0.00003
65 7.949311626E+06 0.97402 4.45528 4.72242 16.82664 0.00003
66 8.019793269E+06 0.97874 4.45376 4.72578 16.82434 0.00004
67 8.088909398E+06 0.98347 4.45223 4.72909 16.82209 0.00004
68 8.156704030E+06 0.98822 4.45067 4.73237 16.81987 0.00004
69 8.223291164E+06 0.99298 4.44910 4.73562 16.81769 0.00004
70 8.288578322E+06 0.99776 4.44752 4.73883 16.81555 0.00004
71 8.352630852E+06 1.00255 4.44591 4.74201 16.81345 0.00004
72 8.415496106E+06 1.00736 4.44429 4.74515 16.81139 0.00004
73 8.477201963E+06 1.01219 4.44266 4.74826 16.80937 0.00004
74 8.537763707E+06 1.01703 4.44101 4.75133 16.80739 0.00005
75 8.597210503E+06 1.02189 4.43934 4.75437 16.80545 0.00005
76 8.655534209E+06 1.02678 4.43764 4.75736 16.80314 0.00005
77 8.712560946E+06 1.03171 4.43591 4.76031 16.80047 0.00005
78 8.768132268E+06 1.03662 4.43418 4.76319 16.79745 0.00005
79 8.822505303E+06 1.04155 4.43241 4.76600 16.79409 0.00005
80 8.875489701E+06 1.04648 4.43063 4.76873 16.79039 0.00006
81 8.927201722E+06 1.05139 4.42885 4.77141 16.78638 0.00006
82 8.977889835E+06 1.05631 4.42704 4.77404 16.78203 0.00006
83 9.027636345E+06 1.06125 4.42522 4.77663 16.77734 0.00006
84 9.076462515E+06 1.06620 4.42339 4.77917 16.77233 0.00006
85 9.124390618E+06 1.07116 4.42153 4.78168 16.76699 0.00007
86 9.171436924E+06 1.07614 4.41966 4.78415 16.76134 0.00007
87 9.217595945E+06 1.08113 4.41777 4.78658 16.75537 0.00007
88 9.262875256E+06 1.08613 4.41586 4.78896 16.74909 0.00008
89 9.307299558E+06 1.09115 4.41394 4.79131 16.74252 0.00008
90 9.350875173E+06 1.09617 4.41201 4.79362 16.73566 0.00008
91 9.393611111E+06 1.10121 4.41006 4.79589 16.72852 0.00009
92 9.435520498E+06 1.10625 4.40810 4.79812 16.72110 0.00009
93 9.476609472E+06 1.11130 4.40612 4.80031 16.71342 0.00010
94 9.516876049E+06 1.11634 4.40413 4.80246 16.70549 0.00010
95 9.556343756E+06 1.12143 4.40212 4.80458 16.69731 0.00011
96 9.594779835E+06 1.12651 4.40010 4.80667 16.68894 0.00011
97 9.632258873E+06 1.13156 4.39809 4.80872 16.68039 4.19403
98 9.669013315E+06 1.13619 4.39625 4.81063 16.67165 4.86536
99 9.687390535E+06 1.13852 4.39531 4.81151 16.66719 4.88670
100 9.709443200E+06 1.14150 4.39411 4.81270 16.66170 4.90025
101 9.735906397E+06 1.14514 4.39266 4.81414 16.65490 4.91228
102 9.767662235E+06 1.14954 4.39089 4.81589 16.64645 4.92322
103 9.805769239E+06 1.15490 4.38874 4.81801 16.63587 4.93264
104 9.844738395E+06 1.16043 4.38652 4.82020 16.62457 4.93884
105 9.883021257E+06 1.16592 4.38433 4.82238 16.61301 4.94193
106 9.920567388E+06 1.17130 4.38217 4.82453 16.60122 4.94208
107 9.957401602E+06 1.17654 4.38009 4.82668 16.58922 4.93934
108 9.993595885E+06 1.18160 4.37809 4.82882 16.57700 4.93530
109 1.002925626E+07 1.18653 4.37618 4.83101 16.56455 4.93184
110 1.006401715E+07 1.19115 4.37442 4.83324 16.55202 4.92892
111 1.009822074E+07 1.19536 4.37289 4.83551 16.53934 4.92641
112 1.013175838E+07 1.19897 4.37167 4.83786 16.52658 4.92417
113 1.016373771E+07 1.20168 4.37092 4.84026 16.51415 4.92214
114 1.019195884E+07 1.20309 4.37079 4.84259 16.50303 4.91910
115 1.021542220E+07 1.20315 4.37130 4.84474 16.49372 4.91621
116 1.023386252E+07 1.20205 4.37233 4.84667 16.48641 4.91414
117 1.024741188E+07 1.20028 4.37363 4.84831 16.48106 4.91278
118 1.025772534E+07 1.19810 4.37508 4.84976 16.47702 4.91190
119 1.026580800E+07 1.19568 4.37662 4.85108 16.47389 4.91134
120 1.027231759E+07 1.19310 4.37822 4.85232 16.47140 4.91137
121 1.027766614E+07 1.19042 4.37986 4.85350 16.46937 4.91142
122 1.028213054E+07 1.18767 4.38152 4.85466 16.46771 4.91147
123 1.028590464E+07 1.18489 4.38319 4.85579 16.46632 4.91151
124 1.028913346E+07 1.18212 4.38486 4.85692 16.46515 4.91155
125 1.029191938E+07 1.17937 4.38652 4.85805 16.46416 4.91159
126 1.029433777E+07 1.17665 4.38817 4.85921 16.46332 4.91163
127 1.029644352E+07 1.17396 4.38981 4.86041 16.46259 4.91167
128 1.029828110E+07 1.17132 4.39144 4.86163 16.46197 4.91172
129 1.029988704E+07 1.16874 4.39305 4.86290 16.46144 4.91177
130 1.030129141E+07 1.16621 4.39463 4.86421 16.46098 4.91179
131 1.030251957E+07 1.16376 4.39620 4.86555 16.46058 4.91137
132 1.030359205E+07 1.16140 4.39773 4.86695 16.46025 4.91100
133 1.030453006E+07 1.15913 4.39922 4.86838 16.45996 4.91067
134 1.030534939E+07 1.15697 4.40067 4.86986 16.45971 4.91041
135 1.030606520E+07 1.15492 4.40207 4.87137 16.45950 4.91021
136 1.030669061E+07 1.15297 4.40343 4.87289 16.45932 4.91016
137 1.030723703E+07 1.15115 4.40472 4.87443 16.45916 4.91021
138 1.030771462E+07 1.14943 4.40597 4.87597 16.45902 4.90981
139 1.030813206E+07 1.14783 4.40716 4.87752 16.45891 4.90918
140 1.030849698E+07 1.14632 4.40830 4.87907 16.45881 4.90848
141 1.030881567E+07 1.14492 4.40938 4.88060 16.45872 4.90774
142 1.030909395E+07 1.14362 4.41040 4.88210 16.45865 4.90695
143 1.030933752E+07 1.14242 4.41137 4.88357 16.45859 4.90612
144 1.030955073E+07 1.14130 4.41229 4.88500 16.45853 4.90464
145 1.030973742E+07 1.14027 4.41315 4.88639 16.45849 4.90277
146 1.030990099E+07 1.13931 4.41396 4.88772 16.45845 4.90069
147 1.031004430E+07 1.13844 4.41471 4.88897 16.45841 4.89853
148 1.031017362E+07 1.13764 4.41540 4.89012 16.45838 4.89602
149 1.031028778E+07 1.13694 4.41599 4.89109 16.45835 4.89372
150 1.031040071E+07 1.13627 4.41655 4.89200 16.45833 4.89141
151 1.031051277E+07 1.13563 4.41708 4.89282 16.45830 4.88910
152 1.031062519E+07 1.13501 4.41757 4.89356 16.45828 4.88677
153 1.031073886E+07 1.13443 4.41803 4.89420 16.45825 4.88443
154 1.031085454E+07 1.13387 4.41844 4.89475 16.45822 4.88208
155 1.031097295E+07 1.13335 4.41881 4.89519 16.45820 4.87973
156 1.031109475E+07 1.13288 4.41913 4.89551 16.45817 4.87737
157 1.031122066E+07 1.13245 4.41939 4.89570 16.45814 4.87503
158 1.031135127E+07 1.13209 4.41958 4.89573 16.45811 4.87273
159 1.031148723E+07 1.13179 4.41970 4.89561 16.45809 4.87051
160 1.031162905E+07 1.13158 4.41973 4.89531 16.45805 4.86847
161 1.031177694E+07 1.13146 4.41966 4.89481 16.45802 4.86671
162 1.031193108E+07 1.13145 4.41950 4.89412 16.45799 4.86165
163 1.031209162E+07 1.13157 4.41921 4.89322 16.45795 4.85615
164 1.031225882E+07 1.13184 4.41879 4.89210 16.45792 4.85078
165 1.031243054E+07 1.13226 4.41825 4.89077 16.45788 4.84576
166 1.031260561E+07 1.13286 4.41758 4.88927 16.45784 4.84129
167 1.031278308E+07 1.13364 4.41677 4.88762 16.45780 4.83757
168 1.031296204E+07 1.13462 4.41584 4.88585 16.45776 4.83443
169 1.031314168E+07 1.13580 4.41479 4.88401 16.45772 4.82319
170 1.031332155E+07 1.13722 4.41361 4.88214 16.45767 4.81230
171 1.031350387E+07 1.13890 4.41230 4.88025 16.45763 4.80303
172 1.031368618E+07 1.14086 4.41086 4.87841 16.45758 4.79591
173 1.031386812E+07 1.14310 4.40930 4.87666 16.45753 4.79036
174 1.031404948E+07 1.14565 4.40763 4.87505 16.45748 4.78630
175 1.031423026E+07 1.14850 4.40584 4.87362 16.45743 4.77828
176 1.031441037E+07 1.15166 4.40396 4.87239 16.45738 4.75921
177 1.031459071E+07 1.15515 4.40196 4.87139 16.45733 4.74161
178 1.031477166E+07 1.15897 4.39986 4.87061 16.45727 4.72614
179 1.031495043E+07 1.16303 4.39769 4.87006 16.45722 4.71342
180 1.031512674E+07 1.16731 4.39547 4.86974 16.45716 4.70309
181 1.031530065E+07 1.17178 4.39321 4.86963 16.45710 4.69480
182 1.031547236E+07 1.17640 4.39092 4.86971 16.45704 4.68834
183 1.031564213E+07 1.18116 4.38860 4.86995 16.45697 4.68354
184 1.031581008E+07 1.18605 4.38625 4.87035 16.45691 4.68024
185 1.031597636E+07 1.19104 4.38388 4.87086 16.45684 4.67235
186 1.031614092E+07 1.19612 4.38150 4.87147 16.45678 4.66124
187 1.031630378E+07 1.20126 4.37911 4.87218 16.45671 4.65127
188 1.031646504E+07 1.20645 4.37670 4.87296 16.45664 4.64249
189 1.031662517E+07 1.21169 4.37429 4.87379 16.45657 4.63479
190 1.031678438E+07 1.21697 4.37187 4.87466 16.45649 4.62811
191 1.031694285E+07 1.22230 4.36943 4.87558 16.45642 4.62242
192 1.031710072E+07 1.22766 4.36699 4.87652 16.45634 4.61767
193 1.031725813E+07 1.23306 4.36453 4.87748 16.45626 4.61384
194 1.031741512E+07 1.23849 4.36206 4.87845 16.45618 4.61087
195 1.031757175E+07 1.24394 4.35958 4.87942 16.45610 4.60875
196 1.031772828E+07 1.24941 4.35709 4.88040 16.45601 4.60223
197 1.031788491E+07 1.25491 4.35458 4.88139 16.45593 4.59496
198 1.031804050E+07 1.26039 4.35208 4.88237 16.45584 4.58834
199 1.031819581E+07 1.26589 4.34958 4.88334 16.45575 4.58235
200 1.031835116E+07 1.27141 4.34706 4.88430 16.45566 4.57698
201 1.031850659E+07 1.27695 4.34453 4.88526 16.45557 4.57222
202 1.031866213E+07 1.28251 4.34198 4.88620 16.45549 4.56806
203 1.031881775E+07 1.28809 4.33942 4.88712 16.45540 4.56452
204 1.031897343E+07 1.29369 4.33685 4.88803 16.45531 4.56156
205 1.031912924E+07 1.29930 4.33427 4.88892 16.45522 4.55920
206 1.031928518E+07 1.30494 4.33167 4.88979 16.45513 4.55741
207 1.031944128E+07 1.31058 4.32906 4.89064 16.45505 4.55321
208 1.031959768E+07 1.31624 4.32644 4.89149 16.45496 4.54777
209 1.031975385E+07 1.32189 4.32382 4.89231 16.45487 4.54274
210 1.031990979E+07 1.32755 4.32119 4.89311 16.45479 4.53816
211 1.032006591E+07 1.33323 4.31855 4.89389 16.45470 4.53400
212 1.032022217E+07 1.33892 4.31589 4.89465 16.45461 4.53028
213 1.032037849E+07 1.34463 4.31322 4.89539 16.45453 4.52699
214 1.032053490E+07 1.35036 4.31053 4.89611 16.45444 4.52412
215 1.032069139E+07 1.35611 4.30783 4.89680 16.45435 4.52168
216 1.032084795E+07 1.36188 4.30512 4.89748 16.45427 4.51965
217 1.032100457E+07 1.36767 4.30239 4.89814 16.45418 4.51803
218 1.032116125E+07 1.37348 4.29964 4.89878 16.45410 4.51574
219 1.032131797E+07 1.37928 4.29690 4.89941 16.45401 4.51156
220 1.032147495E+07 1.38511 4.29414 4.90002 16.45393 4.50765
221 1.032163126E+07 1.39093 4.29138 4.90060 16.45384 4.50406
222 1.032178752E+07 1.39676 4.28860 4.90117 16.45376 4.50077
223 1.032194373E+07 1.40262 4.28581 4.90172 16.45368 4.49779
224 1.032209987E+07 1.40850 4.28300 4.90225 16.45359 4.49510
225 1.032225590E+07 1.41439 4.28018 4.90276 16.45351 4.49271
226 1.032241182E+07 1.42031 4.27734 4.90325 16.45343 4.49061
227 1.032256760E+07 1.42625 4.27449 4.90372 16.45335 4.48880
228 1.032272323E+07 1.43222 4.27162 4.90417 16.45326 4.48728
229 1.032287865E+07 1.43820 4.26874 4.90460 16.45318 4.48602
230 1.032303384E+07 1.44417 4.26586 4.90501 16.45310 4.48359
231 1.032318960E+07 1.45018 4.26295 4.90541 16.45302 4.48055
232 1.032334458E+07 1.45619 4.26004 4.90579 16.45294 4.47772
233 1.032349894E+07 1.46221 4.25712 4.90615 16.45287 4.47509
234 1.032365302E+07 1.46825 4.25419 4.90649 16.45279 4.47265
235 1.032380680E+07 1.47431 4.25124 4.90681 16.45271 4.47042
236 1.032396023E+07 1.48040 4.24827 4.90711 16.45263 4.46838
237 1.032411325E+07 1.48652 4.24528 4.90739 16.45256 4.46654
238 1.032426584E+07 1.49265 4.24228 4.90765 16.45248 4.46488
239 1.032441798E+07 1.49882 4.23925 4.90789 16.45241 4.46340
240 1.032456963E+07 1.50499 4.23622 4.90811 16.45233 4.46211
241 1.032472102E+07 1.51115 4.23319 4.90832 16.45226 4.46097
242 1.032487272E+07 1.51737 4.23013 4.90850 16.45219 4.45970
243 1.032502393E+07 1.52361 4.22705 4.90866 16.45211 4.45749
244 1.032517438E+07 1.52987 4.22396 4.90881 16.45204 4.45539
245 1.032532345E+07 1.53613 4.22086 4.90894 16.45197 4.45343
246 1.032547185E+07 1.54241 4.21775 4.90905 16.45190 4.45158
247 1.032561956E+07 1.54872 4.21461 4.90914 16.45183 4.44985
248 1.032576652E+07 1.55506 4.21146 4.90921 16.45177 4.44824
249 1.032591271E+07 1.56142 4.20829 4.90926 16.45170 4.44674
250 1.032605810E+07 1.56781 4.20511 4.90929 16.45163 4.44536
251 1.032620266E+07 1.57417 4.20193 4.90930 16.45157 4.44407
252 1.032634733E+07 1.58058 4.19872 4.90929 16.45150 4.44288
253 1.032649153E+07 1.58702 4.19549 4.90926 16.45144 4.44178
254 1.032663489E+07 1.59350 4.19224 4.90921 16.45138 4.44078
255 1.032677734E+07 1.60001 4.18897 4.90914 16.45131 4.43987
256 1.032691880E+07 1.60655 4.18568 4.90905 16.45125 4.43893
257 1.032705922E+07 1.61312 4.18237 4.90895 16.45119 4.43746
258 1.032719842E+07 1.61971 4.17904 4.90883 16.45113 4.43605
259 1.032733581E+07 1.62630 4.17571 4.90869 16.45108 4.43472
260 1.032747197E+07 1.63291 4.17237 4.90853 16.45102 4.43346
261 1.032760682E+07 1.63948 4.16904 4.90836 16.45096 4.43225
262 1.032774115E+07 1.64607 4.16570 4.90817 16.45091 4.43110
263 1.032787483E+07 1.65271 4.16233 4.90795 16.45085 4.43001
264 1.032800715E+07 1.65936 4.15894 4.90773 16.45080 4.42897
265 1.032813803E+07 1.66604 4.15554 4.90749 16.45075 4.42799
266 1.032826741E+07 1.67273 4.15213 4.90723 16.45070 4.42706
267 1.032839525E+07 1.67943 4.14871 4.90696 16.45065 4.42619
268 1.032852149E+07 1.68615 4.14528 4.90668 16.45060 4.42537
269 1.032864613E+07 1.69288 4.14185 4.90638 16.45055 4.42458
270 1.032876917E+07 1.69963 4.13840 4.90608 16.45050 4.42384
271 1.032889064E+07 1.70628 4.13499 4.90576 16.45046 4.42314
272 1.032901198E+07 1.71300 4.13154 4.90542 16.45041 4.42246
273 1.032913222E+07 1.71975 4.12808 4.90507 16.45037 4.42180
274 1.032925104E+07 1.72653 4.12460 4.90470 16.45033 4.42118
275 1.032936844E+07 1.73332 4.12111 4.90433 16.45028 4.42059
276 1.032948442E+07 1.74014 4.11760 4.90394 16.45024 4.41984
277 1.032959901E+07 1.74699 4.11408 4.90355 16.45020 4.41908
278 1.032971190E+07 1.75384 4.11055 4.90314 16.45016 4.41835
279 1.032982335E+07 1.76072 4.10701 4.90272 16.45012 4.41765
280 1.032993344E+07 1.76754 4.10349 4.90230 16.45009 4.41696
281 1.033004309E+07 1.77437 4.09997 4.90186 16.45005 4.41629
282 1.033015245E+07 1.78128 4.09640 4.90140 16.45001 4.41564
283 1.033026055E+07 1.78822 4.09281 4.90093 16.44998 4.41502
284 1.033036736E+07 1.79520 4.08920 4.90046 16.44994 4.41441
285 1.033047286E+07 1.80220 4.08558 4.89997 16.44991 4.41383
286 1.033057704E+07 1.80923 4.08194 4.89947 16.44987 4.41326
287 1.033067990E+07 1.81629 4.07829 4.89896 16.44984 4.41272
288 1.033078141E+07 1.82337 4.07462 4.89845 16.44980 4.41220
289 1.033088157E+07 1.83042 4.07096 4.89792 16.44977 4.41169
290 1.033098105E+07 1.83742 4.06733 4.89739 16.44974 4.41119
291 1.033108049E+07 1.84453 4.06363 4.89683 16.44970 4.41070
292 1.033117859E+07 1.85167 4.05992 4.89627 16.44967 4.41023
293 1.033127530E+07 1.85883 4.05620 4.89570 16.44964 4.40978
294 1.033137062E+07 1.86601 4.05246 4.89512 16.44960 4.40934
295 1.033146453E+07 1.87321 4.04872 4.89453 16.44957 4.40892
296 1.033155703E+07 1.88043 4.04496 4.89394 16.44953 4.40851
297 1.033164813E+07 1.88767 4.04119 4.89334 16.44950 4.40812
298 1.033173788E+07 1.89483 4.03746 4.89274 16.44946 4.40774
299 1.033182728E+07 1.90198 4.03373 4.89212 16.44943 4.40736
300 1.033191663E+07 1.90924 4.02994 4.89148 16.44939 4.40698
301 1.033200473E+07 1.91653 4.02613 4.89084 16.44935 4.40662
302 1.033209158E+07 1.92386 4.02231 4.89018 16.44932 4.40627
303 1.033217718E+07 1.93121 4.01846 4.88952 16.44928 4.40594
304 1.033226157E+07 1.93860 4.01460 4.88885 16.44924 4.40561
305 1.033234477E+07 1.94602 4.01073 4.88818 16.44920 4.40529
306 1.033242683E+07 1.95347 4.00683 4.88750 16.44916 4.40501
307 1.033250778E+07 1.96077 4.00301 4.88682 16.44911 4.40473
308 1.033258935E+07 1.96819 3.99912 4.88612 16.44907 4.40447
309 1.033267050E+07 1.97572 3.99518 4.88540 16.44903 4.40424
310 1.033275056E+07 1.98329 3.99121 4.88466 16.44898 4.40404
311 1.033282959E+07 1.99091 3.98721 4.88392 16.44894 4.40387
312 1.033290768E+07 1.99859 3.98319 4.88316 16.44889 4.40375
313 1.033298493E+07 2.00633 3.97912 4.88240 16.44885 4.40368
314 1.033306148E+07 2.01414 3.97502 4.88162 16.44880 4.40364
315 1.033313746E+07 2.02202 3.97089 4.88083 16.44876 4.40364
316 1.033321313E+07 2.02976 3.96683 4.88006 16.44871 4.40362
317 1.033329060E+07 2.03781 3.96259 4.87921 16.44866 4.40363
318 1.033336783E+07 2.04601 3.95827 4.87834 16.44861 4.40368
319 1.033344481E+07 2.05434 3.95388 4.87745 16.44857 4.40374
320 1.033352170E+07 2.06285 3.94940 4.87653 16.44851 4.40379
321 1.033359875E+07 2.07154 3.94482 4.87558 16.44846 4.40384
322 1.033367615E+07 2.08044 3.94012 4.87460 16.44841 4.40389
323 1.033375442E+07 2.08960 3.93529 4.87358 16.44836 4.40394
324 1.033383390E+07 2.09905 3.93029 4.87251 16.44830 4.40400
325 1.033391544E+07 2.10874 3.92517 4.87140 16.44824 4.40397
326 1.033400133E+07 2.11907 3.91970 4.87018 16.44818 4.40382
327 1.033409228E+07 2.13024 3.91377 4.86881 16.44811 4.40352
328 1.033419090E+07 2.14262 3.90719 4.86724 16.44803 4.40310
329 1.033429983E+07 2.15662 3.89973 4.86542 16.44794 4.40258
330 1.033439940E+07 2.16970 3.89274 4.86361 16.44786 4.40204
331 1.033447357E+07 2.17959 3.88742 4.86212 16.44780 4.40161
332 1.033453141E+07 2.18726 3.88330 4.86096 16.44775 4.40125
333 1.033458089E+07 2.19371 3.87982 4.85995 16.44771 4.40094
334 1.033462565E+07 2.19956 3.87665 4.85897 16.44767 4.40066
335 1.033466664E+07 2.20497 3.87371 4.85802 16.44764 4.40035
336 1.033470474E+07 2.21009 3.87092 4.85710 16.44760 4.40002
337 1.033474059E+07 2.21501 3.86823 4.85619 16.44757 4.39970
338 1.033477457E+07 2.21979 3.86562 4.85529 16.44754 4.39940
339 1.033480685E+07 2.22446 3.86306 4.85439 16.44751 4.39911
340 1.033483765E+07 2.22884 3.86069 4.85369 16.44748 4.39884
341 1.033486896E+07 2.23320 3.85834 4.85301 16.44745 4.39858
342 1.033490067E+07 2.23760 3.85594 4.85220 16.44742 4.39832
343 1.033493167E+07 2.24197 3.85355 4.85136 16.44740 4.39807
344 1.033496186E+07 2.24631 3.85116 4.85050 16.44737 4.39783
345 1.033499122E+07 2.25065 3.84877 4.84962 16.44734 4.39760
346 1.033501974E+07 2.25499 3.84638 4.84872 16.44731 4.39738
347 1.033504743E+07 2.25926 3.84403 4.84787 16.44729 4.39717
348 1.033507497E+07 2.26345 3.84177 4.84722 16.44726 4.39698
349 1.033510368E+07 2.26775 3.83944 4.84652 16.44723 4.39679
350 1.033513289E+07 2.27213 3.83705 4.84568 16.44720 4.39660
351 1.033516183E+07 2.27654 3.83462 4.84480 16.44718 4.39642
352 1.033519038E+07 2.28100 3.83216 4.84387 16.44715 4.39626
353 1.033521850E+07 2.28551 3.82967 4.84292 16.44712 4.39609
354 1.033524615E+07 2.29004 3.82716 4.84198 16.44709 4.39590
355 1.033527371E+07 2.29457 3.82468 4.84108 16.44707 4.39572
356 1.033530175E+07 2.29917 3.82219 4.84035 16.44704 4.39554
357 1.033533089E+07 2.30390 3.81962 4.83953 16.44701 4.39536
358 1.033536046E+07 2.30873 3.81697 4.83859 16.44698 4.39518
359 1.033538991E+07 2.31362 3.81428 4.83758 16.44695 4.39500
360 1.033541914E+07 2.31859 3.81153 4.83652 16.44692 4.39482
361 1.033544809E+07 2.32362 3.80874 4.83543 16.44689 4.39465
362 1.033547676E+07 2.32861 3.80599 4.83441 16.44686 4.39448
363 1.033550597E+07 2.33372 3.80317 4.83334 16.44683 4.39432
364 1.033553527E+07 2.33887 3.80036 4.83241 16.44680 4.39416
365 1.033556543E+07 2.34418 3.79746 4.83145 16.44676 4.39400
366 1.033559621E+07 2.34963 3.79446 4.83034 16.44673 4.39384
367 1.033562699E+07 2.35519 3.79138 4.82914 16.44670 4.39369
368 1.033565766E+07 2.36085 3.78823 4.82787 16.44667 4.39354
369 1.033568809E+07 2.36658 3.78505 4.82659 16.44663 4.39340
370 1.033571840E+07 2.37232 3.78187 4.82537 16.44660 4.39326
371 1.033574913E+07 2.37819 3.77861 4.82406 16.44657 4.39313
372 1.033577980E+07 2.38413 3.77532 4.82277 16.44653 4.39300
373 1.033581061E+07 2.39015 3.77202 4.82163 16.44650 4.39286
374 1.033584212E+07 2.39628 3.76862 4.82030 16.44646 4.39272
375 1.033587359E+07 2.40245 3.76518 4.81887 16.44643 4.39257
376 1.033590481E+07 2.40862 3.76172 4.81735 16.44639 4.39243
377 1.033593559E+07 2.41472 3.75829 4.81583 16.44636 4.39230
378 1.033596595E+07 2.42068 3.75494 4.81436 16.44632 4.39217
379 1.033599623E+07 2.42661 3.75159 4.81282 16.44629 4.39204
380 1.033602600E+07 2.43251 3.74824 4.81122 16.44626 4.39191
381 1.033605553E+07 2.43848 3.74487 4.80968 16.44622 4.39178
382 1.033608534E+07 2.44458 3.74146 4.80823 16.44619 4.39166
383 1.033611571E+07 2.45076 3.73796 4.80660 16.44615 4.39153
384 1.033614611E+07 2.45695 3.73443 4.80485 16.44612 4.39141
385 1.033617651E+07 2.46317 3.73086 4.80300 16.44609 4.39129
386 1.033620698E+07 2.46940 3.72727 4.80113 16.44605 4.39118
387 1.033623770E+07 2.47557 3.72372 4.79927 16.44602 4.39107
388 1.033626879E+07 2.48169 3.72017 4.79728 16.44598 4.39096
389 1.033630009E+07 2.48799 3.71649 4.79520 16.44594 4.39086
390 1.033633262E+07 2.49473 3.71257 4.79297 16.44591 4.39075
391 1.033636690E+07 2.50192 3.70837 4.79055 16.44587 4.39064
392 1.033640300E+07 2.50913 3.70411 4.78794 16.44583 4.39054
393 1.033643978E+07 2.51681 3.69959 4.78522 16.44579 4.39044
394 1.033647888E+07 2.52549 3.69450 4.78225 16.44574 4.39034
395 1.033652203E+07 2.53486 3.68896 4.77878 16.44569 4.39036
396 1.033656377E+07 2.54360 3.68372 4.77534 16.44565 4.39038
397 1.033660174E+07 2.55208 3.67866 4.77206 16.44561 4.39040
398 1.033663838E+07 2.55958 3.67409 4.76876 16.44557 4.39042
399 1.033667163E+07 2.56540 3.67040 4.76562 16.44553 4.39043
400 1.033670202E+07 2.57130 3.66669 4.76261 16.44550 4.39045
401 1.033673265E+07 2.57732 3.66289 4.75945 16.44547 4.39047
402 1.033676293E+07 2.58278 3.65936 4.75625 16.44543 4.39049
403 1.033679273E+07 2.58829 3.65582 4.75310 16.44540 4.39050
404 1.033682246E+07 2.59402 3.65213 4.74980 16.44537 4.39052
405 1.033685203E+07 2.59932 3.64863 4.74639 16.44534 4.39054
406 1.033688142E+07 2.60358 3.64562 4.74289 16.44531 4.39056
407 1.033691063E+07 2.60706 3.64298 4.73929 16.44528 4.39058
408 1.033693946E+07 2.61014 3.64053 4.73563 16.44525 4.39059
409 1.033696825E+07 2.61298 3.63816 4.73185 16.44523 4.39061
410 1.033699727E+07 2.61560 3.63588 4.72796 16.44520 4.39062
411 1.033702657E+07 2.61815 3.63359 4.72391 16.44517 4.39064
412 1.033705602E+07 2.62078 3.63125 4.71983 16.44514 4.39066
413 1.033708559E+07 2.62341 3.62892 4.71573 16.44512 4.39067
414 1.033711549E+07 2.62598 3.62656 4.71145 16.44509 4.39069
415 1.033714550E+07 2.62841 3.62425 4.70707 16.44506 4.39070
416 1.033717573E+07 2.63057 3.62207 4.70266 16.44503 4.39072
417 1.033720629E+07 2.63243 3.62002 4.69818 16.44501 4.39073
418 1.033723700E+07 2.63401 3.61812 4.69372 16.44498 4.39075
419 1.033726784E+07 2.63536 3.61635 4.68935 16.44495 4.39076
420 1.033729881E+07 2.63656 3.61473 4.68526 16.44493 4.39078
421 1.033733006E+07 2.63769 3.61327 4.68170 16.44490 4.39079
422 1.033736188E+07 2.63926 3.61204 4.67991 16.44488 4.39080
423 1.033739557E+07 2.64111 3.61096 4.67931 16.44485 4.39082
424 1.033743117E+07 2.64271 3.60995 4.67846 16.44482 4.39083
425 1.033746722E+07 2.64400 3.60901 4.67728 16.44479 4.39085
426 1.033750342E+07 2.64499 3.60812 4.67572 16.44476 4.39085
427 1.033753952E+07 2.64578 3.60727 4.67389 16.44473 4.39085
428 1.033757536E+07 2.64674 3.60642 4.67240 16.44470 4.39085
429 1.033761107E+07 2.64771 3.60557 4.67095 16.44467 4.39086
430 1.033764658E+07 2.64857 3.60475 4.66937 16.44464 4.39086
431 1.033768174E+07 2.64938 3.60393 4.66774 16.44462 4.39086
432 1.033771652E+07 2.65056 3.60310 4.66679 16.44459 4.39088
433 1.033775118E+07 2.65170 3.60229 4.66579 16.44456 4.39089
434 1.033778550E+07 2.65280 3.60148 4.66476 16.44453 4.39090
435 1.033781941E+07 2.65417 3.60066 4.66421 16.44451 4.39092
436 1.033785310E+07 2.65570 3.59982 4.66393 16.44448 4.39093
437 1.033788654E+07 2.65723 3.59899 4.66367 16.44446 4.39094
438 1.033791960E+07 2.65901 3.59815 4.66384 16.44443 4.39095
439 1.033795244E+07 2.66103 3.59728 4.66441 16.44440 4.39097
440 1.033798509E+07 2.66307 3.59641 4.66504 16.44438 4.39098
441 1.033801741E+07 2.66544 3.59553 4.66622 16.44435 4.39099
442 1.033804965E+07 2.66802 3.59462 4.66777 16.44433 4.39100
443 1.033808172E+07 2.67065 3.59372 4.66942 16.44430 4.39101
444 1.033811352E+07 2.67374 3.59278 4.67185 16.44427 4.39103
445 1.033814542E+07 2.67694 3.59184 4.67448 16.44425 4.39104
446 1.033817718E+07 2.68036 3.59089 4.67752 16.44422 4.39105
447 1.033820890E+07 2.68413 3.58991 4.68114 16.44420 4.39106
448 1.033824069E+07 2.68796 3.58894 4.68491 16.44417 4.39107
449 1.033827239E+07 2.69229 3.58792 4.68951 16.44414 4.39108
450 1.033830435E+07 2.69672 3.58691 4.69433 16.44412 4.39109
451 1.033833631E+07 2.70148 3.58588 4.69972 16.44409 4.39111
452 1.033836841E+07 2.70647 3.58484 4.70552 16.44406 4.39112
453 1.033840060E+07 2.71162 3.58379 4.71165 16.44403 4.39113
454 1.033843283E+07 2.71709 3.58273 4.71834 16.44400 4.39114
455 1.033846503E+07 2.72252 3.58170 4.72507 16.44397 4.39116
456 1.033849731E+07 2.72835 3.58063 4.73247 16.44394 4.39117
457 1.033852922E+07 2.73405 3.57961 4.73978 16.44391 4.39118
458 1.033856128E+07 2.73991 3.57859 4.74741 16.44388 4.39119
459 1.033859312E+07 2.74576 3.57759 4.75511 16.44385 4.39121
460 1.033862500E+07 2.75149 3.57662 4.76273 16.44382 4.39122
461 1.033865727E+07 2.75745 3.57565 4.77072 16.44378 4.39123
462 1.033868952E+07 2.76320 3.57471 4.77849 16.44375 4.39125
463 1.033872247E+07 2.76898 3.57379 4.78636 16.44371 4.39126
464 1.033875605E+07 2.77479 3.57287 4.79431 16.44368 4.39128
465 1.033879032E+07 2.78042 3.57199 4.80205 16.44364 4.39129
466 1.033882585E+07 2.78613 3.57111 4.80994 16.44360 4.39131
467 1.033886241E+07 2.79174 3.57025 4.81772 16.44355 4.39132
468 1.033890049E+07 2.79720 3.56942 4.82531 16.44351 4.39134
469 1.033894061E+07 2.80275 3.56858 4.83305 16.44346 4.39136
470 1.033898250E+07 2.80811 3.56777 4.84057 16.44341 4.39138
471 1.033902707E+07 2.81336 3.56699 4.84792 16.44335 4.39140
472 1.033907480E+07 2.81864 3.56621 4.85535 16.44329 4.39142
473 1.033912573E+07 2.82372 3.56545 4.86249 16.44322 4.39144
474 1.033918118E+07 2.82872 3.56472 4.86955 16.44315 4.39146
475 1.033924166E+07 2.83364 3.56400 4.87650 16.44307 4.39148
476 1.033930818E+07 2.83836 3.56330 4.88318 16.44297 4.39151
477 1.033938256E+07 2.84304 3.56262 4.88982 16.44287 4.39154
478 1.033946604E+07 2.84750 3.56198 4.89615 16.44275 4.39157
479 1.033956196E+07 2.85183 3.56135 4.90231 16.44261 4.39161
480 1.033967347E+07 2.85593 3.56076 4.90815 16.44245 4.39166
481 1.033980660E+07 2.85981 3.56021 4.91368 16.44225 4.39172
482 1.033996635E+07 2.86331 3.55971 4.91869 16.44200 4.39180
483 1.034015805E+07 2.86632 3.55928 4.92301 16.44171 4.39189
484 1.034038810E+07 2.86878 3.55894 4.92655 16.44135 4.39201
485 1.034066415E+07 2.87066 3.55868 4.92927 16.44092 4.39215
486 1.034099541E+07 2.87208 3.55849 4.93134 16.44040 4.39234
487 1.034139293E+07 2.87317 3.55834 4.93293 16.43977 4.39258
488 1.034186994E+07 2.87406 3.55822 4.93424 16.43901 4.39288
489 1.034244237E+07 2.87488 3.55811 4.93544 16.43810 4.39328
490 1.034312927E+07 2.87570 3.55800 4.93664 16.43701 4.39383
491 1.034395356E+07 2.87649 3.55789 4.93779 16.43569 4.39466
492 1.034494270E+07 2.87723 3.55779 4.93887 16.43410 4.39581
493 1.034612968E+07 2.87789 3.55771 4.93984 16.43219 4.39738
494 1.034755404E+07 2.87838 3.55764 4.94056 16.42989 4.39952
495 1.034926329E+07 2.87867 3.55761 4.94100 16.42713 4.40283
496 1.035131437E+07 2.87868 3.55761 4.94105 16.42382 4.40775
497 1.035377568E+07 2.87841 3.55766 4.94069 16.41985 4.41426
498 1.035672925E+07 2.87788 3.55774 4.93997 16.41510 4.42266
499 1.036027353E+07 2.87714 3.55786 4.93894 16.40940 4.43451
500 1.036452667E+07 2.87624 3.55799 4.93768 16.40260 4.44934
501 1.036963044E+07 2.87517 3.55815 4.93617 16.39446 4.46719
502 1.037546010E+07 2.87399 3.55832 4.93451 16.38521 4.48729
503 1.038178471E+07 2.87279 3.55849 4.93280 16.37522 4.50859
504 1.038864436E+07 2.87158 3.55867 4.93107 16.36443 4.53098
505 1.039604818E+07 2.87034 3.55884 4.92930 16.35284 4.55428
506 1.040396580E+07 2.86907 3.55902 4.92747 16.34051 4.57825
507 1.041234028E+07 2.86774 3.55921 4.92556 16.32754 4.60261
508 1.042108064E+07 2.86634 3.55941 4.92355 16.31407 4.62701
509 1.043018374E+07 2.86490 3.55961 4.92147 16.30012 4.65140
510 1.043966193E+07 2.86341 3.55982 4.91933 16.28568 4.67579
511 1.044950464E+07 2.86188 3.56003 4.91713 16.27077 4.70011
512 1.045969735E+07 2.86028 3.56026 4.91484 16.25542 4.72431
513 1.047016104E+07 2.85862 3.56049 4.91246 16.23976 4.74820
514 1.048081577E+07 2.85688 3.56074 4.90998 16.22393 4.77159
515 1.049163434E+07 2.85508 3.56100 4.90741 16.20795 4.79445
516 1.050258865E+07 2.85321 3.56127 4.90475 16.19189 4.81672
517 1.051370798E+07 2.85129 3.56155 4.90204 16.17571 4.83850
518 1.052504282E+07 2.84933 3.56184 4.89929 16.15933 4.85988
519 1.053655909E+07 2.84734 3.56214 4.89648 16.14280 4.88080
520 1.054822851E+07 2.84529 3.56245 4.89362 16.12618 4.90123
521 1.055991597E+07 2.84321 3.56277 4.89073 16.10966 4.92095
522 1.057162468E+07 2.84111 3.56309 4.88782 16.09324 4.93999
523 1.058333172E+07 2.83901 3.56342 4.88493 16.07693 4.95835
524 1.059513014E+07 2.83692 3.56375 4.88207 16.06062 4.97621
525 1.060714646E+07 2.83483 3.56408 4.87923 16.04413 4.99375
526 1.061929200E+07 2.83277 3.56441 4.87644 16.02758 5.01085
527 1.063164400E+07 2.83072 3.56475 4.87369 16.01086 5.02763
528 1.064416353E+07 2.82870 3.56509 4.87098 15.99403 5.04404
529 1.065669408E+07 2.82670 3.56542 4.86834 15.97730 5.05989
530 1.066923263E+07 2.82475 3.56576 4.86578 15.96066 5.07520
531 1.068179768E+07 2.82287 3.56609 4.86333 15.94409 5.09003
532 1.069448763E+07 2.82106 3.56641 4.86100 15.92745 5.10451
533 1.070735194E+07 2.81935 3.56672 4.85881 15.91068 5.11872
534 1.072054452E+07 2.81770 3.56702 4.85673 15.89356 5.13284
535 1.073407673E+07 2.81612 3.56732 4.85474 15.87608 5.14686
536 1.074782339E+07 2.81460 3.56761 4.85288 15.85841 5.16069
537 1.076159039E+07 2.81317 3.56789 4.85115 15.84079 5.17415
538 1.077545601E+07 2.81181 3.56816 4.84952 15.82311 5.18738
538 1.077268289E+07 2.81207 3.56811 4.84983 15.82664 5.18478
539 1.078377538E+07 2.81102 3.56833 4.84858 15.81252 5.19524
540 1.079486788E+07 2.81004 3.56853 4.84743 15.79845 5.20506
541 1.080596038E+07 2.80914 3.56872 4.84640 15.78441 5.21441
542 1.081705287E+07 2.80831 3.56890 4.84547 15.77039 5.22348
543 1.083036387E+07 2.80743 3.56910 4.84449 15.75362 5.23397
544 1.084563554E+07 2.80654 3.56930 4.84354 15.73441 5.24554
545 1.086143431E+07 2.80575 3.56949 4.84270 15.71458 5.25703
546 1.087765922E+07 2.80504 3.56967 4.84197 15.69425 5.26837
547 1.089424613E+07 2.80439 3.56983 4.84136 15.67349 5.27951
548 1.091083964E+07 2.80384 3.56998 4.84085 15.65274 5.29026
549 1.092765479E+07 2.80338 3.57011 4.84045 15.63173 5.30080
550 1.094493838E+07 2.80304 3.57022 4.84019 15.61015 5.31134
551 1.096290670E+07 2.80282 3.57029 4.84005 15.58771 5.32207
552 1.098173545E+07 2.80272 3.57034 4.84004 15.56420 5.33318
553 1.100142893E+07 2.80275 3.57036 4.84016 15.53960 5.34413
554 1.102172089E+07 2.80290 3.57034 4.84041 15.51423 5.35390
555 1.104209534E+07 2.80315 3.57030 4.84075 15.48874 5.36313
556 1.106248196E+07 2.80352 3.57023 4.84120 15.46320 5.37188
557 1.108264520E+07 2.80401 3.57012 4.84175 15.43791 5.38017
558 1.110267481E+07 2.80464 3.56997 4.84241 15.41276 5.38820
559 1.112209500E+07 2.80537 3.56980 4.84317 15.38832 5.39601
560 1.114066976E+07 2.80618 3.56960 4.84401 15.36491 5.40371
561 1.115837214E+07 2.80706 3.56939 4.84490 15.34255 5.41075
562 1.117511832E+07 2.80798 3.56916 4.84584 15.32136 5.41602
563 1.119098742E+07 2.80893 3.56893 4.84682 15.30124 5.42074
564 1.120620871E+07 2.80994 3.56868 4.84784 15.28189 5.42510
565 1.122056623E+07 2.81097 3.56843 4.84891 15.26360 5.42913
566 1.123407288E+07 2.81202 3.56818 4.85000 15.24635 5.43294
567 1.124681095E+07 2.81309 3.56793 4.85113 15.23004 5.43667
568 1.125882692E+07 2.81418 3.56767 4.85229 15.21462 5.44041
569 1.127022040E+07 2.81529 3.56742 4.85349 15.19996 5.44430
570 1.128102844E+07 2.81641 3.56716 4.85472 15.18601 5.44770
571 1.129129588E+07 2.81755 3.56691 4.85597 15.17272 5.45002
572 1.130116105E+07 2.81874 3.56664 4.85729 15.15992 5.45210
573 1.131066970E+07 2.81998 3.56637 4.85867 15.14754 5.45402
574 1.131976789E+07 2.82124 3.56609 4.86010 15.13565 5.45582
575 1.132846950E+07 2.82254 3.56581 4.86158 15.12424 5.45756
576 1.133679738E+07 2.82386 3.56553 4.86310 15.11329 5.45928
577 1.134477098E+07 2.82521 3.56525 4.86466 15.10276 5.46102
578 1.135240033E+07 2.82658 3.56497 4.86626 15.09265 5.46283
579 1.135969496E+07 2.82798 3.56468 4.86791 15.08295 5.46475
580 1.136666044E+07 2.82940 3.56439 4.86961 15.07365 5.46682
581 1.137330316E+07 2.83085 3.56410 4.87134 15.06474 5.46870
582 1.137963147E+07 2.83231 3.56381 4.87311 15.05622 5.46986
583 1.138567591E+07 2.83382 3.56352 4.87494 15.04804 5.47093
584 1.139145747E+07 2.83537 3.56322 4.87685 15.04019 5.47195
585 1.139692782E+07 2.83695 3.56291 4.87880 15.03272 5.47291
586 1.140208282E+07 2.83857 3.56261 4.88081 15.02565 5.47384
587 1.140692823E+07 2.84022 3.56230 4.88287 15.01897 5.47476
588 1.141146225E+07 2.84191 3.56198 4.88499 15.01269 5.47569
589 1.141568821E+07 2.84363 3.56166 4.88716 15.00680 5.47665
590 1.141961294E+07 2.84539 3.56134 4.88939 15.00131 5.47765
591 1.142324688E+07 2.84717 3.56102 4.89167 14.99619 5.47871
592 1.142659625E+07 2.84900 3.56069 4.89400 14.99145 5.47986
593 1.142967010E+07 2.85087 3.56036 4.89640 14.98707 5.48090
594 1.143248307E+07 2.85277 3.56002 4.89887 14.98304 5.48137
595 1.143504255E+07 2.85473 3.55968 4.90141 14.97934 5.48176
596 1.143736316E+07 2.85675 3.55932 4.90403 14.97598 5.48208
597 1.143944393E+07 2.85880 3.55897 4.90671 14.97293 5.48236
598 1.144130313E+07 2.86088 3.55861 4.90944 14.97020 5.48261
599 1.144295544E+07 2.86301 3.55824 4.91222 14.96775 5.48284
600 1.144441604E+07 2.86517 3.55787 4.91507 14.96557 5.48307
601 1.144569827E+07 2.86736 3.55750 4.91796 14.96365 5.48332
602 1.144681500E+07 2.86958 3.55712 4.92088 14.96196 5.48360
603 1.144778124E+07 2.87180 3.55674 4.92382 14.96048 5.48394
604 1.144861301E+07 2.87404 3.55637 4.92679 14.95920 5.48429
605 1.144932666E+07 2.87627 3.55599 4.92974 14.95810 5.48411
606 1.144993752E+07 2.87848 3.55562 4.93266 14.95715 5.48389
607 1.145046221E+07 2.88068 3.55525 4.93558 14.95632 5.48365
608 1.145090737E+07 2.88284 3.55488 4.93844 14.95562 5.48341
609 1.145128318E+07 2.88494 3.55452 4.94122 14.95502 5.48320
610 1.145159875E+07 2.88696 3.55418 4.94389 14.95451 5.48305
611 1.145186163E+07 2.88890 3.55385 4.94644 14.95409 5.48297
612 1.145207895E+07 2.89071 3.55354 4.94880 14.95373 5.48301
613 1.145225727E+07 2.89237 3.55325 4.95096 14.95344 5.48284
614 1.145240826E+07 2.89393 3.55297 4.95300 14.95320 5.48251
615 1.145255577E+07 2.89568 3.55267 4.95528 14.95295 5.48220
616 1.145270032E+07 2.89764 3.55234 4.95786 14.95271 5.48194
617 1.145284072E+07 2.89980 3.55197 4.96071 14.95248 5.48174
618 1.145297661E+07 2.90211 3.55158 4.96376 14.95225 5.48163
619 1.145310846E+07 2.90456 3.55116 4.96702 14.95202 5.48159
620 1.145323717E+07 2.90711 3.55073 4.97041 14.95180 5.48163
621 1.145336377E+07 2.90973 3.55030 4.97388 14.95158 5.48162
622 1.145348903E+07 2.91240 3.54985 4.97744 14.95136 5.48141
623 1.145361389E+07 2.91508 3.54940 4.98101 14.95114 5.48123
624 1.145373918E+07 2.91783 3.54894 4.98467 14.95092 5.48109
625 1.145386494E+07 2.92064 3.54847 4.98841 14.95069 5.48098
626 1.145399182E+07 2.92355 3.54799 4.99229 14.95046 5.48092
627 1.145412042E+07 2.92636 3.54752 4.99604 14.95023 5.48089
628 1.145425120E+07 2.92911 3.54706 4.99969 14.94999 5.48091
629 1.145438374E+07 2.93182 3.54660 5.00328 14.94974 5.48098
630 1.145451774E+07 2.93449 3.54615 5.00682 14.94948 5.48106
631 1.145465306E+07 2.93715 3.54570 5.01034 14.94923 5.48095
632 1.145478981E+07 2.93977 3.54526 5.01382 14.94896 5.48087
633 1.145492885E+07 2.94238 3.54482 5.01728 14.94869 5.48081
634 1.145506964E+07 2.94494 3.54439 5.02069 14.94842 5.48078
635 1.145521228E+07 2.94747 3.54397 5.02406 14.94813 5.48079
636 1.145535696E+07 2.94996 3.54355 5.02737 14.94785 5.48082
637 1.145550385E+07 2.95241 3.54315 5.03064 14.94755 5.48090
638 1.145565317E+07 2.95479 3.54275 5.03383 14.94725 5.48100
639 1.145580501E+07 2.95712 3.54237 5.03696 14.94694 5.48115
640 1.145595939E+07 2.95938 3.54200 5.04000 14.94662 5.48117
641 1.145611635E+07 2.96157 3.54164 5.04295 14.94629 5.48119
642 1.145627722E+07 2.96369 3.54130 5.04583 14.94595 5.48123
643 1.145644121E+07 2.96574 3.54097 5.04861 14.94560 5.48129
644 1.145660806E+07 2.96769 3.54066 5.05128 14.94525 5.48138
645 1.145677799E+07 2.96955 3.54037 5.05382 14.94488 5.48149
646 1.145695097E+07 2.97132 3.54009 5.05624 14.94451 5.48163
647 1.145712691E+07 2.97299 3.53983 5.05855 14.94412 5.48180
648 1.145730576E+07 2.97458 3.53958 5.06073 14.94373 5.48201
649 1.145748754E+07 2.97607 3.53935 5.06280 14.94333 5.48220
650 1.145767235E+07 2.97748 3.53914 5.06475 14.94292 5.48232
651 1.145786088E+07 2.97880 3.53894 5.06658 14.94250 5.48246
652 1.145805459E+07 2.98001 3.53875 5.06828 14.94206 5.48262
653 1.145825272E+07 2.98111 3.53859 5.06981 14.94162 5.48280
654 1.145845543E+07 2.98208 3.53844 5.07116 14.94116 5.48301
655 1.145866332E+07 2.98289 3.53832 5.07230 14.94069 5.48326
656 1.145887685E+07 2.98352 3.53823 5.07319 14.94020 5.48353
657 1.145909638E+07 2.98396 3.53816 5.07381 14.93970 5.48386
658 1.145932140E+07 2.98418 3.53813 5.07410 14.93919 5.48417
659 1.145955092E+07 2.98416 3.53813 5.07407 14.93866 5.48442
660 1.145978460E+07 2.98389 3.53816 5.07368 14.93813 5.48469
661 1.146001997E+07 2.98338 3.53823 5.07294 14.93760 5.48497
662 1.146025396E+07 2.98267 3.53833 5.07192 14.93707 5.48527
663 1.146048509E+07 2.98180 3.53846 5.07067 14.93654 5.48559
664 1.146071285E+07 2.98081 3.53860 5.06925 14.93603 5.48595
665 1.146093724E+07 2.97975 3.53875 5.06772 14.93553 5.48627
666 1.146115841E+07 2.97865 3.53890 5.06614 14.93504 5.48645
667 1.146137793E+07 2.97753 3.53906 5.06454 14.93455 5.48663
668 1.146159692E+07 2.97643 3.53921 5.06296 14.93407 5.48682
669 1.146181397E+07 2.97538 3.53936 5.06145 14.93359 5.48706
670 1.146202936E+07 2.97440 3.53950 5.06005 14.93312 5.48739
671 1.146224315E+07 2.97352 3.53963 5.05879 14.93265 5.48742
672 1.146245528E+07 2.97276 3.53974 5.05771 14.93219 5.48745
673 1.146267021E+07 2.97210 3.53983 5.05677 14.93173 5.48754
674 1.146288377E+07 2.97156 3.53991 5.05601 14.93126 5.48774
675 1.146309383E+07 2.97117 3.53997 5.05546 14.93081 5.48778
676 1.146329992E+07 2.97091 3.54001 5.05511 14.93037 5.48769
677 1.146350529E+07 2.97080 3.54003 5.05497 14.92992 5.48769
678 1.146370944E+07 2.97082 3.54003 5.05503 14.92948 5.48783
679 1.146390982E+07 2.97098 3.54002 5.05528 14.92905 5.48775
680 1.146410535E+07 2.97124 3.53999 5.05569 14.92863 5.48762
681 1.146429979E+07 2.97163 3.53995 5.05628 14.92821 5.48760
682 1.146449151E+07 2.97212 3.53989 5.05702 14.92779 5.48774
683 1.146467844E+07 2.97271 3.53981 5.05792 14.92739 5.48751
684 1.146486059E+07 2.97337 3.53973 5.05892 14.92699 5.48738
685 1.146504280E+07 2.97412 3.53964 5.06004 14.92659 5.48742
686 1.146522091E+07 2.97492 3.53954 5.06124 14.92620 5.48738
687 1.146539422E+07 2.97577 3.53944 5.06252 14.92582 5.48719
688 1.146556490E+07 2.97666 3.53932 5.06386 14.92544 5.48713
689 1.146573370E+07 2.97760 3.53921 5.06528 14.92506 5.48725
690 1.146589834E+07 2.97857 3.53909 5.06673 14.92470 5.48702
691 1.146605853E+07 2.97955 3.53897 5.06821 14.92434 5.48690
692 1.146621826E+07 2.98057 3.53884 5.06975 14.92398 5.48692
693 1.146637446E+07 2.98160 3.53871 5.07130 14.92362 5.48690
694 1.146652664E+07 2.98263 3.53859 5.07285 14.92327 5.48672
695 1.146667627E+07 2.98367 3.53846 5.07442 14.92293 5.48667
696 1.146682399E+07 2.98471 3.53833 5.07599 14.92259 5.48679
697 1.146696805E+07 2.98574 3.53821 5.07756 14.92226 5.48661
698 1.146710818E+07 2.98676 3.53808 5.07910 14.92193 5.48650
699 1.146724696E+07 2.98778 3.53796 5.08064 14.92161 5.48653
700 1.146738239E+07 2.98879 3.53784 5.08217 14.92129 5.48656
701 1.146751400E+07 2.98977 3.53772 5.08366 14.92098 5.48640
702 1.146764247E+07 2.99073 3.53760 5.08512 14.92068 5.48636
703 1.146776862E+07 2.99168 3.53749 5.08657 14.92038 5.48645
704 1.146789105E+07 2.99260 3.53738 5.08797 14.92008 5.48638
705 1.146800967E+07 2.99350 3.53728 5.08934 14.91980 5.48628
706 1.146812571E+07 2.99437 3.53717 5.09067 14.91952 5.48628
707 1.146823870E+07 2.99523 3.53707 5.09198 14.91924 5.48641
708 1.146834804E+07 2.99605 3.53697 5.09325 14.91898 5.48629
709 1.146845379E+07 2.99685 3.53688 5.09446 14.91872 5.48622
710 1.146855723E+07 2.99762 3.53679 5.09565 14.91847 5.48625
711 1.146865731E+07 2.99837 3.53671 5.09680 14.91822 5.48639
712 1.146875390E+07 2.99908 3.53662 5.09790 14.91798 5.48627
713 1.146884708E+07 2.99977 3.53654 5.09895 14.91775 5.48622
714 1.146893797E+07 3.00044 3.53647 5.09998 14.91752 5.48625
715 1.146902564E+07 3.00108 3.53639 5.10097 14.91730 5.48638
716 1.146911015E+07 3.00169 3.53632 5.10192 14.91709 5.48631
717 1.146919156E+07 3.00227 3.53626 5.10282 14.91689 5.48626
718 1.146927067E+07 3.00284 3.53619 5.10370 14.91669 5.48628
719 1.146934694E+07 3.00338 3.53613 5.10454 14.91650 5.48638
720 1.146942036E+07 3.00390 3.53607 5.10534 14.91631 5.48640
721 1.146949096E+07 3.00440 3.53602 5.10611 14.91613 5.48634
722 1.146955907E+07 3.00487 3.53597 5.10684 14.91596 5.48634
723 1.146962466E+07 3.00532 3.53591 5.10754 14.91579 5.48641
724 1.146968752E+07 3.00575 3.53587 5.10821 14.91563 5.48654
725 1.146974766E+07 3.00616 3.53582 5.10885 14.91547 5.48648
726 1.146980514E+07 3.00655 3.53578 5.10945 14.91533 5.48645
727 1.146986042E+07 3.00691 3.53574 5.11002 14.91518 5.48647
728 1.146991323E+07 3.00726 3.53570 5.11057 14.91505 5.48655
729 1.146996359E+07 3.00761 3.53566 5.11111 14.91492 5.48668
730 1.147001161E+07 3.00794 3.53562 5.11162 14.91479 5.48663
731 1.147005739E+07 3.00824 3.53559 5.11209 14.91467 5.48660
732 1.147010124E+07 3.00853 3.53556 5.11253 14.91456 5.48662
733 1.147014301E+07 3.00880 3.53553 5.11295 14.91445 5.48668
734 1.147018278E+07 3.00906 3.53550 5.11335 14.91435 5.48679
735 1.147022062E+07 3.00930 3.53547 5.11372 14.91425 5.48684
736 1.147025664E+07 3.00952 3.53545 5.11407 14.91416 5.48681
737 1.147029100E+07 3.00973 3.53542 5.11440 14.91407 5.48680
738 1.147032381E+07 3.00994 3.53540 5.11471 14.91398 5.48683
739 1.147035507E+07 3.01013 3.53537 5.11500 14.91390 5.48690
740 1.147038484E+07 3.01031 3.53535 5.11527 14.91382 5.48701
741 1.147041321E+07 3.01048 3.53533 5.11553 14.91375 5.48707
742 1.147044028E+07 3.01064 3.53531 5.11577 14.91367 5.48704
743 1.147046616E+07 3.01079 3.53529 5.11600 14.91361 5.48703
744 1.147049096E+07 3.01094 3.53527 5.11621 14.91354 5.48706
745 1.147051464E+07 3.01108 3.53525 5.11642 14.91348 5.48711
746 1.147053728E+07 3.01124 3.53523 5.11665 14.91342 5.48720
747 1.147055893E+07 3.01139 3.53521 5.11686 14.91336 5.48732
748 1.147057965E+07 3.01152 3.53519 5.11705 14.91331 5.48731
749 1.147059954E+07 3.01165 3.53517 5.11723 14.91325 5.48729
750 1.147061873E+07 3.01177 3.53515 5.11739 14.91320 5.48730
751 1.147063732E+07 3.01188 3.53513 5.11754 14.91315 5.48733
752 1.147065547E+07 3.01200 3.53511 5.11768 14.91311 5.48738
753 1.147067347E+07 3.01210 3.53509 5.11782 14.91306 5.48746
754 1.147069166E+07 3.01221 3.53507 5.11796 14.91301 5.48756
755 1.147071053E+07 3.01232 3.53505 5.11811 14.91296 5.48761
756 1.147073089E+07 3.01244 3.53503 5.11825 14.91291 5.48759
757 1.147075369E+07 3.01256 3.53501 5.11841 14.91285 5.48758
758 1.147077812E+07 3.01267 3.53499 5.11854 14.91278 5.48760
758 1.147077323E+07 3.01265 3.53499 5.11852 14.91279 5.48759
758 1.147076932E+07 3.01264 3.53500 5.11850 14.91281 5.48759
758 1.147076620E+07 3.01262 3.53500 5.11848 14.91281 5.48759
758 1.147076370E+07 3.01261 3.53500 5.11847 14.91282 5.48759
759 1.147077370E+07 3.01266 3.53499 5.11852 14.91279 5.48760
759 1.147077170E+07 3.01265 3.53499 5.11851 14.91280 5.48759
759 1.147077010E+07 3.01264 3.53500 5.11850 14.91280 5.48759
760 1.147077650E+07 3.01267 3.53499 5.11854 14.91279 5.48760
760 1.147077522E+07 3.01266 3.53499 5.11853 14.91279 5.48760
760 1.147077420E+07 3.01266 3.53499 5.11853 14.91279 5.48760
761 1.147077829E+07 3.01268 3.53499 5.11855 14.91278 5.48760
762 1.147078239E+07 3.01270 3.53498 5.11857 14.91277 5.48761
763 1.147078649E+07 3.01272 3.53498 5.11860 14.91276 5.48761
764 1.147079059E+07 3.01273 3.53498 5.11862 14.91275 5.48762
765 1.147079550E+07 3.01275 3.53497 5.11864 14.91274 5.48763
766 1.147080140E+07 3.01278 3.53497 5.11867 14.91272 5.48764
767 1.147080848E+07 3.01280 3.53496 5.11869 14.91270 5.48766
767 1.147080707E+07 3.01280 3.53496 5.11869 14.91271 5.48765
767 1.147080593E+07 3.01279 3.53496 5.11868 14.91271 5.48765
768 1.147081046E+07 3.01281 3.53496 5.11870 14.91270 5.48766
769 1.147081500E+07 3.01282 3.53496 5.11872 14.91268 5.48767
770 1.147081953E+07 3.01284 3.53495 5.11874 14.91267 5.48769
771 1.147082406E+07 3.01285 3.53495 5.11875 14.91266 5.48770
772 1.147082949E+07 3.01287 3.53495 5.11877 14.91265 5.48772
773 1.147083602E+07 3.01289 3.53494 5.11878 14.91263 5.48776
774 1.147084385E+07 3.01291 3.53493 5.11879 14.91261 5.48782
775 1.147085325E+07 3.01293 3.53492 5.11878 14.91258 5.48791
776 1.147086296E+07 3.01298 3.53490 5.11881 14.91256 5.48794
777 1.147087076E+07 3.01303 3.53488 5.11883 14.91254 5.48792
778 1.147087727E+07 3.01307 3.53487 5.11885 14.91252 5.48792
779 1.147088263E+07 3.01311 3.53485 5.11885 14.91250 5.48794
780 1.147088730E+07 3.01315 3.53483 5.11885 14.91249 5.48798
781 1.147089150E+07 3.01318 3.53481 5.11884 14.91248 5.48803
782 1.147089537E+07 3.01321 3.53479 5.11883 14.91247 5.48809
783 1.147089901E+07 3.01324 3.53477 5.11881 14.91246 5.48817
784 1.147090248E+07 3.01327 3.53475 5.11879 14.91245 5.48827
785 1.147090585E+07 3.01330 3.53473 5.11876 14.91244 5.48827
786 1.147090914E+07 3.01333 3.53471 5.11874 14.91243 5.48826
787 1.147091241E+07 3.01336 3.53469 5.11871 14.91243 5.48826
788 1.147091570E+07 3.01339 3.53467 5.11869 14.91242 5.48827
789 1.147091902E+07 3.01342 3.53465 5.11866 14.91241 5.48829
790 1.147092241E+07 3.01345 3.53462 5.11863 14.91240 5.48833
791 1.147092587E+07 3.01348 3.53460 5.11861 14.91239 5.48838
791 1.147092518E+07 3.01348 3.53460 5.11861 14.91239 5.48837
791 1.147092462E+07 3.01347 3.53461 5.11861 14.91239 5.48836
792 1.147092684E+07 3.01350 3.53459 5.11860 14.91239 5.48840
792 1.147092639E+07 3.01349 3.53459 5.11860 14.91239 5.48839
792 1.147092604E+07 3.01349 3.53460 5.11860 14.91239 5.48838
792 1.147092576E+07 3.01348 3.53460 5.11860 14.91239 5.48838
793 1.147092689E+07 3.01350 3.53459 5.11860 14.91239 5.48840
793 1.147092666E+07 3.01349 3.53459 5.11860 14.91239 5.48839
794 1.147092757E+07 3.01351 3.53459 5.11860 14.91239 5.48841
795 1.147092848E+07 3.01352 3.53458 5.11860 14.91238 5.48843
796 1.147092938E+07 3.01353 3.53457 5.11860 14.91238 5.48845
797 1.147093029E+07 3.01355 3.53457 5.11861 14.91238 5.48846
797 1.147093011E+07 3.01355 3.53457 5.11861 14.91238 5.48846
798 1.147093083E+07 3.01356 3.53456 5.11861 14.91238 5.48847
799 1.147093156E+07 3.01357 3.53456 5.11862 14.91238 5.48848
800 1.147093228E+07 3.01358 3.53456 5.11863 14.91237 5.48849
801 1.147093301E+07 3.01359 3.53455 5.11864 14.91237 5.48850
802 1.147093388E+07 3.01361 3.53455 5.11865 14.91237 5.48852
803 1.147093492E+07 3.01362 3.53454 5.11866 14.91237 5.48853
804 1.147093618E+07 3.01364 3.53454 5.11868 14.91236 5.48855
804 1.147093592E+07 3.01364 3.53454 5.11867 14.91236 5.48854
805 1.147093693E+07 3.01366 3.53453 5.11869 14.91236 5.48856
806 1.147093793E+07 3.01367 3.53453 5.11871 14.91236 5.48857
807 1.147093893E+07 3.01368 3.53453 5.11873 14.91236 5.48857
808 1.147093993E+07 3.01370 3.53453 5.11874 14.91235 5.48858
809 1.147094114E+07 3.01372 3.53452 5.11877 14.91235 5.48859
810 1.147094258E+07 3.01374 3.53452 5.11879 14.91235 5.48861
811 1.147094431E+07 3.01377 3.53451 5.11881 14.91234 5.48864
812 1.147094639E+07 3.01381 3.53449 5.11883 14.91234 5.48866
813 1.147094889E+07 3.01386 3.53447 5.11884 14.91233 5.48865
814 1.147095188E+07 3.01393 3.53444 5.11885 14.91232 5.48864
815 1.147095489E+07 3.01401 3.53439 5.11883 14.91231 5.48864
815 1.147095381E+07 3.01398 3.53441 5.11885 14.91232 5.48864
816 1.147095573E+07 3.01404 3.53438 5.11883 14.91231 5.48864
817 1.147095766E+07 3.01410 3.53434 5.11880 14.91231 5.48866
818 1.147095958E+07 3.01416 3.53430 5.11875 14.91230 5.48870
819 1.147096151E+07 3.01423 3.53425 5.11869 14.91230 5.48875
820 1.147096288E+07 3.01428 3.53421 5.11863 14.91229 5.48882
821 1.147096415E+07 3.01433 3.53416 5.11856 14.91229 5.48890
822 1.147096535E+07 3.01438 3.53412 5.11849 14.91229 5.48899
823 1.147096648E+07 3.01443 3.53408 5.11842 14.91228 5.48901
824 1.147096756E+07 3.01447 3.53404 5.11834 14.91228 5.48899
825 1.147096859E+07 3.01451 3.53400 5.11825 14.91228 5.48899
826 1.147096959E+07 3.01456 3.53395 5.11817 14.91227 5.48900
827 1.147097056E+07 3.01461 3.53391 5.11810 14.91227 5.48902
828 1.147097151E+07 3.01466 3.53386 5.11803 14.91227 5.48905
829 1.147097243E+07 3.01472 3.53382 5.11796 14.91227 5.48910
830 1.147097332E+07 3.01478 3.53377 5.11788 14.91227 5.48916
830 1.147097315E+07 3.01477 3.53378 5.11789 14.91227 5.48914
830 1.147097300E+07 3.01476 3.53379 5.11790 14.91227 5.48913
831 1.147097357E+07 3.01480 3.53376 5.11786 14.91226 5.48918
831 1.147097346E+07 3.01479 3.53376 5.11786 14.91226 5.48917
831 1.147097337E+07 3.01478 3.53377 5.11787 14.91226 5.48916
831 1.147097330E+07 3.01478 3.53377 5.11788 14.91227 5.48915
831 1.147097324E+07 3.01477 3.53377 5.11788 14.91227 5.48915
832 1.147097347E+07 3.01479 3.53376 5.11787 14.91226 5.48917
832 1.147097342E+07 3.01479 3.53376 5.11787 14.91226 5.48916
833 1.147097361E+07 3.01480 3.53375 5.11786 14.91226 5.48918
834 1.147097380E+07 3.01481 3.53374 5.11784 14.91226 5.48920
835 1.147097399E+07 3.01482 3.53374 5.11783 14.91226 5.48921
836 1.147097418E+07 3.01484 3.53373 5.11782 14.91226 5.48923
837 1.147097440E+07 3.01485 3.53372 5.11781 14.91226 5.48925
838 1.147097467E+07 3.01487 3.53370 5.11780 14.91226 5.48927
839 1.147097499E+07 3.01489 3.53369 5.11779 14.91226 5.48929
840 1.147097538E+07 3.01491 3.53368 5.11777 14.91226 5.48933
841 1.147097585E+07 3.01494 3.53366 5.11777 14.91226 5.48936
842 1.147097641E+07 3.01497 3.53365 5.11777 14.91226 5.48940
843 1.147097708E+07 3.01501 3.53362 5.11775 14.91226 5.48940
844 1.147097789E+07 3.01505 3.53359 5.11772 14.91225 5.48939
845 1.147097886E+07 3.01511 3.53355 5.11765 14.91225 5.48938
846 1.147097983E+07 3.01517 3.53348 5.11752 14.91225 5.48938
