1 4.933193000E+04 0.74316 4.52108 4.52388 17.99910 0.00003
2 9.290404826E+04 0.74400 4.52093 4.52495 17.99829 0.00003
3 1.451905902E+05 0.74517 4.52068 4.52629 17.99733 0.00003
4 2.079344405E+05 0.74658 4.52038 4.52794 17.99616 0.00003
5 2.832270608E+05 0.74826 4.52004 4.52992 17.99475 0.00003
6 3.735782053E+05 0.75025 4.51965 4.53233 17.99303 0.00003
7 4.819995786E+05 0.75261 4.51920 4.53525 17.99095 0.00003
8 6.121052266E+05 0.75539 4.51869 4.53879 17.98842 0.00003
9 7.682320041E+05 0.75870 4.51811 4.54309 17.98532 0.00003
10 9.392571293E+05 0.76230 4.51751 4.54788 17.98186 0.00003
11 1.112729957E+06 0.76594 4.51692 4.55280 17.97828 0.00003
12 1.287183355E+06 0.76962 4.51633 4.55781 17.97459 0.00003
13 1.461384763E+06 0.77333 4.51575 4.56288 17.97082 0.00003
14 1.634472315E+06 0.77707 4.51515 4.56798 17.96700 0.00002
15 1.805566888E+06 0.78082 4.51454 4.57307 17.96314 0.00002
16 1.974558747E+06 0.78458 4.51394 4.57816 17.95924 0.00002
17 2.142113692E+06 0.78836 4.51333 4.58328 17.95528 0.00002
18 2.308106262E+06 0.79215 4.51272 4.58842 17.95127 0.00002
19 2.472325696E+06 0.79597 4.51210 4.59358 17.94722 0.00002
20 2.634596968E+06 0.79981 4.51147 4.59874 17.94313 0.00002
21 2.794773489E+06 0.80368 4.51083 4.60393 17.93900 0.00002
22 2.952540638E+06 0.80757 4.51018 4.60910 17.93484 0.00002
23 3.107956637E+06 0.81149 4.50951 4.61427 17.93065 0.00002
24 3.260937063E+06 0.81543 4.50883 4.61942 17.92643 0.00002
25 3.411341850E+06 0.81940 4.50812 4.62454 17.92220 0.00002
26 3.558990646E+06 0.82340 4.50739 4.62962 17.91796 0.00002
27 3.703574908E+06 0.82743 4.50664 4.63465 17.91372 0.00002
28 3.844662686E+06 0.83148 4.50585 4.63960 17.90950 0.00002
29 3.982261660E+06 0.83553 4.50505 4.64449 17.90530 0.00002
30 4.117215526E+06 0.83959 4.50423 4.64934 17.90111 0.00002
31 4.249701737E+06 0.84367 4.50339 4.65416 17.89691 0.00002
32 4.379724174E+06 0.84778 4.50254 4.65895 17.89271 0.00002
33 4.507309313E+06 0.85190 4.50166 4.66370 17.88852 0.00002
34 4.632473244E+06 0.85604 4.50077 4.66842 17.88434 0.00002
35 4.755236522E+06 0.86021 4.49986 4.67310 17.88016 0.00002
36 4.875624653E+06 0.86440 4.49893 4.67775 17.87599 0.00002
37 4.993649480E+06 0.86861 4.49797 4.68235 17.87184 0.00002
38 5.109319516E+06 0.87284 4.49700 4.68691 17.86771 0.00002
39 5.222648846E+06 0.87709 4.49600 4.69142 17.86359 0.00002
40 5.333596719E+06 0.88137 4.49497 4.69587 17.85950 0.00002
41 5.442018259E+06 0.88567 4.49392 4.70025 17.85544 0.00002
42 5.547646019E+06 0.88999 4.49283 4.70455 17.85144 0.00002
43 5.650628306E+06 0.89431 4.49173 4.70878 17.84748 0.00002
44 5.751557514E+06 0.89864 4.49061 4.71298 17.84355 0.00002
45 5.850590221E+06 0.90300 4.48947 4.71713 17.83965 0.00002
46 5.947737268E+06 0.90740 4.48831 4.72128 17.83577 0.00002
47 6.042749627E+06 0.91182 4.48713 4.72539 17.83194 0.00002
48 6.135778150E+06 0.91625 4.48593 4.72945 17.82814 0.00002
49 6.227028892E+06 0.92070 4.48471 4.73348 17.82438 0.00002
50 6.316555057E+06 0.92518 4.48347 4.73746 17.82064 0.00002
51 6.404370000E+06 0.92967 4.48220 4.74141 17.81695 0.00002
52 6.490450058E+06 0.93419 4.48092 4.74531 17.81329 0.00003
53 6.574802275E+06 0.93873 4.47962 4.74917 17.80967 0.00003
54 6.657482375E+06 0.94329 4.47829 4.75298 17.80609 0.00003
55 6.738355360E+06 0.94789 4.47693 4.75672 17.80257 0.00003
56 6.817271134E+06 0.95250 4.47554 4.76040 17.79910 0.00003
57 6.894160310E+06 0.95711 4.47414 4.76401 17.79571 0.00003
58 6.969382894E+06 0.96172 4.47272 4.76757 17.79236 0.00003
59 7.043187416E+06 0.96635 4.47129 4.77109 17.78906 0.00003
60 7.115639597E+06 0.97100 4.46983 4.77458 17.78581 0.00003
61 7.186737557E+06 0.97567 4.46836 4.77803 17.78260 0.00003
62 7.256555125E+06 0.98036 4.46687 4.78145 17.77943 0.00003
63 7.325076727E+06 0.98506 4.46537 4.78483 17.77631 0.00003
64 7.392277865E+06 0.98978 4.46384 4.78818 17.77325 0.00003
65 7.458199285E+06 0.99452 4.46230 4.79149 17.77023 0.00003
66 7.522867756E+06 0.99929 4.46074 4.79476 17.76726 0.00004
67 7.586312874E+06 1.00409 4.45915 4.79801 17.76434 0.00004
68 7.648336656E+06 1.00892 4.45754 4.80123 17.76149 0.00004
69 7.708969821E+06 1.01375 4.45591 4.80440 17.75869 0.00004
70 7.768507756E+06 1.01860 4.45427 4.80753 17.75595 0.00004
71 7.826816570E+06 1.02348 4.45260 4.81059 17.75326 0.00004
72 7.883532258E+06 1.02833 4.45092 4.81359 17.75065 0.00004
73 7.939008734E+06 1.03318 4.44924 4.81655 17.74810 0.00004
74 7.993485310E+06 1.03804 4.44754 4.81947 17.74560 0.00005
75 8.047009387E+06 1.04292 4.44582 4.82237 17.74315 0.00005
76 8.099595390E+06 1.04781 4.44409 4.82523 17.74075 0.00005
77 8.151269724E+06 1.05271 4.44235 4.82808 17.73840 0.00005
78 8.202211629E+06 1.05763 4.44061 4.83093 17.73608 0.00005
79 8.252760422E+06 1.06260 4.43884 4.83378 17.73365 0.00005
80 8.302646587E+06 1.06761 4.43703 4.83660 17.73075 0.00006
81 8.351605047E+06 1.07264 4.43521 4.83937 17.72737 0.00006
82 8.399568606E+06 1.07769 4.43337 4.84209 17.72355 0.00006
83 8.446530157E+06 1.08274 4.43150 4.84474 17.71929 0.00006
84 8.492486835E+06 1.08780 4.42962 4.84733 17.71459 0.00006
85 8.537413306E+06 1.09286 4.42772 4.84985 17.70948 0.00007
86 8.581278258E+06 1.09792 4.42580 4.85229 17.70397 0.00007
87 8.624028277E+06 1.10304 4.42384 4.85469 17.69808 0.00007
88 8.665275158E+06 1.10809 4.42190 4.85701 17.69189 0.00008
89 8.705585745E+06 1.11313 4.41995 4.85928 17.68534 0.00008
90 8.745186207E+06 1.11819 4.41798 4.86152 17.67841 0.00008
91 8.784079407E+06 1.12326 4.41599 4.86373 17.67110 0.00009
92 8.822261152E+06 1.12835 4.41399 4.86590 17.66343 0.00009
93 8.859742904E+06 1.13346 4.41197 4.86804 17.65540 0.00010
94 8.896536764E+06 1.13857 4.40994 4.87015 17.64703 0.00010
95 8.932655866E+06 1.14369 4.40790 4.87223 17.63831 0.00011
96 8.968078333E+06 1.14882 4.40585 4.87427 17.62928 0.00012
97 9.002821575E+06 1.15393 4.40380 4.87629 17.61994 5.40489
98 9.036901814E+06 1.15834 4.40204 4.87809 17.61036 5.31565
99 9.053941933E+06 1.16064 4.40110 4.87893 17.60546 5.34028
100 9.074390076E+06 1.16361 4.39990 4.88007 17.59942 5.35414
101 9.098927847E+06 1.16725 4.39843 4.88146 17.59191 5.36258
102 9.128373173E+06 1.17175 4.39661 4.88317 17.58254 5.36768
103 9.163707565E+06 1.17722 4.39439 4.88526 17.57074 5.36966
104 9.199031260E+06 1.18274 4.39216 4.88736 17.55838 5.36593
105 9.233706111E+06 1.18820 4.38995 4.88946 17.54570 5.35769
106 9.267643847E+06 1.19356 4.38779 4.89154 17.53276 5.35052
107 9.300900009E+06 1.19879 4.38570 4.89362 17.51956 5.34437
108 9.333618915E+06 1.20386 4.38369 4.89571 17.50608 5.33911
109 9.365859199E+06 1.20872 4.38179 4.89782 17.49231 5.33460
110 9.397688145E+06 1.21326 4.38005 4.89997 17.47825 5.33070
111 9.429126074E+06 1.21735 4.37856 4.90218 17.46396 5.32724
112 9.459751265E+06 1.22069 4.37746 4.90445 17.44967 5.32402
113 9.488225861E+06 1.22286 4.37694 4.90673 17.43614 5.32102
114 9.512421327E+06 1.22362 4.37710 4.90887 17.42453 5.31856
115 9.532046928E+06 1.22318 4.37781 4.91084 17.41508 5.31661
116 9.546945412E+06 1.22188 4.37889 4.91256 17.40794 5.31519
117 9.558186886E+06 1.22003 4.38019 4.91406 17.40258 5.31419
118 9.566943454E+06 1.21785 4.38162 4.91541 17.39845 5.31348
119 9.573955641E+06 1.21545 4.38313 4.91665 17.39519 5.31326
120 9.579696194E+06 1.21290 4.38470 4.91783 17.39255 5.31331
121 9.584465890E+06 1.21026 4.38630 4.91897 17.39039 5.31335
122 9.588486955E+06 1.20756 4.38793 4.92008 17.38860 5.31338
123 9.591906129E+06 1.20482 4.38958 4.92119 17.38711 5.31340
124 9.594833527E+06 1.20207 4.39123 4.92230 17.38585 5.31341
125 9.597350924E+06 1.19932 4.39289 4.92343 17.38479 5.31342
126 9.599522748E+06 1.19659 4.39454 4.92458 17.38389 5.31343
127 9.601400881E+06 1.19390 4.39618 4.92576 17.38314 5.31345
128 9.603028590E+06 1.19126 4.39780 4.92697 17.38249 5.31346
129 9.604441422E+06 1.18868 4.39941 4.92822 17.38194 5.31348
130 9.605670832E+06 1.18617 4.40098 4.92950 17.38148 5.31350
131 9.606745442E+06 1.18374 4.40252 4.93081 17.38108 5.31352
132 9.607686123E+06 1.18141 4.40402 4.93215 17.38074 5.31355
133 9.608510701E+06 1.17917 4.40548 4.93352 17.38045 5.31359
134 9.609234128E+06 1.17704 4.40690 4.93491 17.38020 5.31364
135 9.609868439E+06 1.17502 4.40826 4.93633 17.37998 5.31368
136 9.610423971E+06 1.17311 4.40958 4.93779 17.37980 5.31374
137 9.610909983E+06 1.17131 4.41085 4.93926 17.37964 5.31376
138 9.611334766E+06 1.16961 4.41207 4.94075 17.37951 5.31365
139 9.611705587E+06 1.16803 4.41323 4.94223 17.37939 5.31301
140 9.612029708E+06 1.16655 4.41434 4.94371 17.37929 5.31220
141 9.612313520E+06 1.16517 4.41540 4.94517 17.37921 5.31127
142 9.612561986E+06 1.16388 4.41640 4.94661 17.37914 5.31023
143 9.612779529E+06 1.16269 4.41735 4.94803 17.37908 5.30905
144 9.612970157E+06 1.16158 4.41825 4.94940 17.37902 5.30774
145 9.613137252E+06 1.16055 4.41910 4.95074 17.37898 5.30629
146 9.613283566E+06 1.15960 4.41990 4.95203 17.37894 5.30473
147 9.613412316E+06 1.15872 4.42064 4.95323 17.37891 5.30293
148 9.613523816E+06 1.15795 4.42128 4.95428 17.37888 5.30119
149 9.613629945E+06 1.15723 4.42188 4.95523 17.37885 5.29947
150 9.613734943E+06 1.15654 4.42245 4.95611 17.37882 5.29770
151 9.613839355E+06 1.15587 4.42298 4.95691 17.37880 5.29589
152 9.613944315E+06 1.15523 4.42348 4.95764 17.37877 5.29403
153 9.614050642E+06 1.15462 4.42395 4.95828 17.37875 5.29214
154 9.614159042E+06 1.15404 4.42437 4.95882 17.37872 5.29023
155 9.614270174E+06 1.15351 4.42475 4.95926 17.37870 5.28831
156 9.614384654E+06 1.15302 4.42508 4.95959 17.37867 5.28643
157 9.614503085E+06 1.15258 4.42535 4.95979 17.37864 5.28464
158 9.614626158E+06 1.15220 4.42555 4.95986 17.37862 5.28303
159 9.614754302E+06 1.15190 4.42568 4.95977 17.37859 5.28022
160 9.614888029E+06 1.15168 4.42573 4.95951 17.37856 5.27601
161 9.615028059E+06 1.15156 4.42568 4.95908 17.37853 5.27152
162 9.615174715E+06 1.15156 4.42552 4.95844 17.37849 5.26685
163 9.615327840E+06 1.15169 4.42524 4.95760 17.37846 5.26215
164 9.615486310E+06 1.15198 4.42484 4.95654 17.37842 5.25764
165 9.615648851E+06 1.15243 4.42430 4.95530 17.37839 5.25363
166 9.615814508E+06 1.15305 4.42363 4.95388 17.37835 5.25041
167 9.615982287E+06 1.15387 4.42283 4.95231 17.37831 5.24200
168 9.616151355E+06 1.15489 4.42191 4.95064 17.37826 5.22998
169 9.616322681E+06 1.15614 4.42084 4.94887 17.37822 5.21755
170 9.616495064E+06 1.15764 4.41964 4.94706 17.37818 5.20662
171 9.616667460E+06 1.15939 4.41830 4.94524 17.37813 5.19864
172 9.616839492E+06 1.16144 4.41684 4.94348 17.37808 5.19308
173 9.617010780E+06 1.16377 4.41526 4.94181 17.37803 5.18927
174 9.617181301E+06 1.16642 4.41355 4.94028 17.37798 5.16900
175 9.617351055E+06 1.16940 4.41172 4.93894 17.37793 5.14690
176 9.617523081E+06 1.17276 4.40975 4.93777 17.37787 5.12591
177 9.617694487E+06 1.17644 4.40768 4.93683 17.37781 5.10732
178 9.617864133E+06 1.18042 4.40551 4.93612 17.37775 5.09151
179 9.618031341E+06 1.18465 4.40328 4.93564 17.37769 5.07892
180 9.618195887E+06 1.18908 4.40099 4.93538 17.37762 5.06911
181 9.618357901E+06 1.19371 4.39866 4.93531 17.37756 5.06152
182 9.618517565E+06 1.19849 4.39630 4.93544 17.37749 5.05592
183 9.618675105E+06 1.20341 4.39391 4.93571 17.37742 5.05215
184 9.618830679E+06 1.20845 4.39150 4.93613 17.37735 5.04273
185 9.618984551E+06 1.21358 4.38907 4.93667 17.37727 5.02972
186 9.619136817E+06 1.21879 4.38662 4.93731 17.37720 5.01762
187 9.619287306E+06 1.22406 4.38416 4.93802 17.37712 5.00673
188 9.619436322E+06 1.22938 4.38170 4.93879 17.37704 4.99725
189 9.619584122E+06 1.23474 4.37922 4.93961 17.37696 4.98908
190 9.619730931E+06 1.24014 4.37674 4.94047 17.37688 4.98204
191 9.619876928E+06 1.24559 4.37424 4.94137 17.37679 4.97608
192 9.620022252E+06 1.25106 4.37173 4.94228 17.37670 4.97117
193 9.620167029E+06 1.25657 4.36921 4.94322 17.37661 4.96726
194 9.620311354E+06 1.26210 4.36668 4.94417 17.37652 4.96432
195 9.620455340E+06 1.26767 4.36414 4.94513 17.37643 4.96101
196 9.620599087E+06 1.27326 4.36158 4.94609 17.37633 4.95214
197 9.620742379E+06 1.27886 4.35902 4.94705 17.37623 4.94368
198 9.620884588E+06 1.28443 4.35647 4.94799 17.37613 4.93595
199 9.621026805E+06 1.29002 4.35391 4.94893 17.37602 4.92897
200 9.621168995E+06 1.29563 4.35134 4.94985 17.37592 4.92270
201 9.621311187E+06 1.30126 4.34875 4.95077 17.37581 4.91710
202 9.621453388E+06 1.30691 4.34615 4.95167 17.37571 4.91219
203 9.621595617E+06 1.31258 4.34354 4.95257 17.37560 4.90795
204 9.621737895E+06 1.31827 4.34091 4.95345 17.37550 4.90438
205 9.621880233E+06 1.32398 4.33828 4.95431 17.37539 4.90148
206 9.622022647E+06 1.32971 4.33563 4.95517 17.37529 4.89924
207 9.622165152E+06 1.33546 4.33296 4.95600 17.37518 4.89669
208 9.622307680E+06 1.34123 4.33028 4.95682 17.37508 4.88999
209 9.622450135E+06 1.34698 4.32760 4.95762 17.37497 4.88362
210 9.622592030E+06 1.35272 4.32493 4.95840 17.37487 4.87777
211 9.622734038E+06 1.35848 4.32224 4.95917 17.37477 4.87245
212 9.622876140E+06 1.36425 4.31954 4.95991 17.37466 4.86761
213 9.623018326E+06 1.37004 4.31683 4.96063 17.37456 4.86327
214 9.623160582E+06 1.37585 4.31410 4.96134 17.37446 4.85941
215 9.623302891E+06 1.38168 4.31136 4.96203 17.37435 4.85604
216 9.623445243E+06 1.38753 4.30860 4.96270 17.37425 4.85315
217 9.623587624E+06 1.39340 4.30583 4.96335 17.37415 4.85074
218 9.623730029E+06 1.39929 4.30304 4.96398 17.37405 4.84880
219 9.623872404E+06 1.40520 4.30024 4.96460 17.37395 4.84733
220 9.624014899E+06 1.41109 4.29744 4.96519 17.37385 4.84268
221 9.624157952E+06 1.41703 4.29462 4.96578 17.37375 4.83772
222 9.624299987E+06 1.42294 4.29180 4.96634 17.37365 4.83316
223 9.624441778E+06 1.42887 4.28897 4.96688 17.37355 4.82897
224 9.624583491E+06 1.43482 4.28613 4.96740 17.37345 4.82514
225 9.624725103E+06 1.44079 4.28327 4.96791 17.37335 4.82165
226 9.624866589E+06 1.44678 4.28040 4.96839 17.37326 4.81852
227 9.625007926E+06 1.45279 4.27751 4.96886 17.37316 4.81574
228 9.625149095E+06 1.45883 4.27460 4.96932 17.37306 4.81329
229 9.625290077E+06 1.46489 4.27168 4.96975 17.37297 4.81118
230 9.625430840E+06 1.47094 4.26876 4.97017 17.37287 4.80939
231 9.625571935E+06 1.47701 4.26583 4.97057 17.37278 4.80790
232 9.625713174E+06 1.48312 4.26287 4.97096 17.37268 4.80656
233 9.625854210E+06 1.48926 4.25989 4.97133 17.37259 4.80279
234 9.625994940E+06 1.49542 4.25690 4.97168 17.37250 4.79923
235 9.626134332E+06 1.50155 4.25392 4.97202 17.37241 4.79594
236 9.626273386E+06 1.50772 4.25092 4.97235 17.37232 4.79289
237 9.626412104E+06 1.51390 4.24790 4.97265 17.37223 4.79008
238 9.626550463E+06 1.52012 4.24487 4.97294 17.37214 4.78750
239 9.626688438E+06 1.52636 4.24181 4.97322 17.37205 4.78515
240 9.626826002E+06 1.53260 4.23876 4.97347 17.37196 4.78302
241 9.626963443E+06 1.53883 4.23570 4.97371 17.37187 4.78110
242 9.627101233E+06 1.54512 4.23261 4.97393 17.37179 4.77937
243 9.627238601E+06 1.55143 4.22951 4.97414 17.37170 4.77786
244 9.627375490E+06 1.55778 4.22638 4.97433 17.37162 4.77654
245 9.627511866E+06 1.56414 4.22324 4.97450 17.37153 4.77540
246 9.627647707E+06 1.57054 4.22008 4.97466 17.37145 4.77413
247 9.627782992E+06 1.57696 4.21691 4.97480 17.37137 4.77163
248 9.627917531E+06 1.58341 4.21371 4.97493 17.37129 4.76925
249 9.628050700E+06 1.58986 4.21052 4.97504 17.37121 4.76704
250 9.628183223E+06 1.59632 4.20731 4.97514 17.37113 4.76496
251 9.628315191E+06 1.60273 4.20413 4.97522 17.37105 4.76300
252 9.628447698E+06 1.60922 4.20090 4.97529 17.37097 4.76116
253 9.628579608E+06 1.61574 4.19765 4.97533 17.37090 4.75945
254 9.628710849E+06 1.62229 4.19438 4.97536 17.37082 4.75787
255 9.628841377E+06 1.62887 4.19110 4.97538 17.37075 4.75641
256 9.628971142E+06 1.63548 4.18779 4.97537 17.37067 4.75506
257 9.629100096E+06 1.64212 4.18447 4.97536 17.37060 4.75383
258 9.629228186E+06 1.64879 4.18113 4.97532 17.37053 4.75270
259 9.629355357E+06 1.65548 4.17777 4.97528 17.37046 4.75168
260 9.629481552E+06 1.66220 4.17439 4.97522 17.37039 4.75074
261 9.629606750E+06 1.66883 4.17106 4.97514 17.37032 4.74989
262 9.629732302E+06 1.67556 4.16767 4.97505 17.37025 4.74911
263 9.629856856E+06 1.68230 4.16427 4.97494 17.37019 4.74764
264 9.629980286E+06 1.68907 4.16086 4.97483 17.37012 4.74623
265 9.630101870E+06 1.69582 4.15746 4.97470 17.37006 4.74490
266 9.630222209E+06 1.70258 4.15404 4.97456 17.36999 4.74364
267 9.630341280E+06 1.70936 4.15061 4.97440 17.36993 4.74244
268 9.630459050E+06 1.71615 4.14718 4.97424 17.36987 4.74132
269 9.630575484E+06 1.72295 4.14373 4.97406 17.36981 4.74025
270 9.630690568E+06 1.72972 4.14030 4.97387 17.36976 4.73925
271 9.630804851E+06 1.73643 4.13689 4.97366 17.36970 4.73828
272 9.630919141E+06 1.74322 4.13344 4.97344 17.36964 4.73736
273 9.631032243E+06 1.75003 4.12997 4.97320 17.36959 4.73648
274 9.631144124E+06 1.75686 4.12650 4.97295 17.36953 4.73566
275 9.631254783E+06 1.76372 4.12301 4.97269 17.36948 4.73487
276 9.631364224E+06 1.77059 4.11950 4.97242 17.36943 4.73413
277 9.631472448E+06 1.77749 4.11598 4.97214 17.36938 4.73342
278 9.631579467E+06 1.78441 4.11245 4.97185 17.36933 4.73275
279 9.631685293E+06 1.79136 4.10890 4.97155 17.36928 4.73212
280 9.631789933E+06 1.79816 4.10542 4.97123 17.36923 4.73150
281 9.631895301E+06 1.80510 4.10186 4.97090 17.36919 4.73090
282 9.631999720E+06 1.81208 4.09829 4.97055 17.36914 4.73032
283 9.632103033E+06 1.81909 4.09469 4.97019 17.36909 4.72977
284 9.632205202E+06 1.82613 4.09108 4.96982 17.36905 4.72924
285 9.632306199E+06 1.83320 4.08745 4.96944 17.36901 4.72874
286 9.632405994E+06 1.84029 4.08380 4.96905 17.36896 4.72825
287 9.632504575E+06 1.84742 4.08014 4.96864 17.36892 4.72778
288 9.632601924E+06 1.85458 4.07646 4.96822 17.36888 4.72733
289 9.632698030E+06 1.86159 4.07284 4.96780 17.36883 4.72681
290 9.632794583E+06 1.86871 4.06917 4.96735 17.36879 4.72625
291 9.632890326E+06 1.87587 4.06548 4.96689 17.36875 4.72572
292 9.632984807E+06 1.88306 4.06176 4.96642 17.36870 4.72521
293 9.633078042E+06 1.89028 4.05803 4.96595 17.36866 4.72472
294 9.633169991E+06 1.89753 4.05429 4.96546 17.36861 4.72426
295 9.633260606E+06 1.90481 4.05053 4.96496 17.36857 4.72382
296 9.633349866E+06 1.91211 4.04675 4.96446 17.36852 4.72340
297 9.633437761E+06 1.91943 4.04296 4.96395 17.36848 4.72300
298 9.633524311E+06 1.92655 4.03928 4.96345 17.36843 4.72261
299 9.633611747E+06 1.93384 4.03550 4.96292 17.36839 4.72223
300 9.633698298E+06 1.94118 4.03169 4.96237 17.36834 4.72187
301 9.633783697E+06 1.94855 4.02787 4.96182 17.36829 4.72152
302 9.633867906E+06 1.95595 4.02403 4.96126 17.36824 4.72119
303 9.633950868E+06 1.96340 4.02016 4.96069 17.36819 4.72088
304 9.634032519E+06 1.97087 4.01628 4.96012 17.36814 4.72067
305 9.634112868E+06 1.97838 4.01239 4.95955 17.36808 4.72055
306 9.634191975E+06 1.98583 4.00852 4.95897 17.36803 4.72050
307 9.634270750E+06 1.99319 4.00469 4.95840 17.36797 4.72046
308 9.634350188E+06 2.00074 4.00077 4.95779 17.36792 4.72050
309 9.634428676E+06 2.00833 3.99682 4.95718 17.36786 4.72056
310 9.634506171E+06 2.01597 3.99284 4.95655 17.36780 4.72063
311 9.634582682E+06 2.02367 3.98884 4.95592 17.36774 4.72073
312 9.634658125E+06 2.03142 3.98480 4.95529 17.36768 4.72082
313 9.634732498E+06 2.03924 3.98073 4.95465 17.36762 4.72091
314 9.634805898E+06 2.04712 3.97663 4.95400 17.36756 4.72100
315 9.634878407E+06 2.05478 3.97265 4.95339 17.36750 4.72108
316 9.634952596E+06 2.06271 3.96851 4.95271 17.36744 4.72116
317 9.635026514E+06 2.07075 3.96432 4.95202 17.36737 4.72125
318 9.635099844E+06 2.07887 3.96008 4.95132 17.36731 4.72133
319 9.635172890E+06 2.08711 3.95578 4.95060 17.36724 4.72140
320 9.635245443E+06 2.09548 3.95142 4.94986 17.36718 4.72148
321 9.635317460E+06 2.10397 3.94698 4.94911 17.36711 4.72155
322 9.635389330E+06 2.11263 3.94246 4.94834 17.36704 4.72162
323 9.635461229E+06 2.12139 3.93789 4.94757 17.36697 4.72168
324 9.635534134E+06 2.13021 3.93328 4.94679 17.36690 4.72175
325 9.635609829E+06 2.13950 3.92842 4.94592 17.36683 4.72182
326 9.635687334E+06 2.14918 3.92335 4.94500 17.36675 4.72187
327 9.635767632E+06 2.15938 3.91800 4.94400 17.36666 4.72192
328 9.635852609E+06 2.17036 3.91224 4.94290 17.36657 4.72199
329 9.635945500E+06 2.18258 3.90581 4.94164 17.36647 4.72204
330 9.636051046E+06 2.19677 3.89834 4.94013 17.36635 4.72163
331 9.636157314E+06 2.21135 3.89064 4.93849 17.36623 4.72110
332 9.636234464E+06 2.22197 3.88500 4.93717 17.36614 4.72060
333 9.636292987E+06 2.23006 3.88068 4.93610 17.36607 4.72018
334 9.636341578E+06 2.23686 3.87705 4.93514 17.36601 4.71980
335 9.636384142E+06 2.24287 3.87383 4.93429 17.36596 4.71945
336 9.636422940E+06 2.24825 3.87097 4.93362 17.36591 4.71913
337 9.636460583E+06 2.25349 3.86816 4.93285 17.36586 4.71882
338 9.636496043E+06 2.25852 3.86545 4.93208 17.36582 4.71852
339 9.636529518E+06 2.26332 3.86286 4.93133 17.36578 4.71823
340 9.636561812E+06 2.26798 3.86035 4.93060 17.36573 4.71796
341 9.636593322E+06 2.27259 3.85786 4.92986 17.36569 4.71770
342 9.636623842E+06 2.27714 3.85539 4.92910 17.36565 4.71745
343 9.636653360E+06 2.28163 3.85297 4.92839 17.36561 4.71721
344 9.636682304E+06 2.28599 3.85066 4.92786 17.36558 4.71699
345 9.636711988E+06 2.29046 3.84825 4.92717 17.36554 4.71677
346 9.636741022E+06 2.29487 3.84587 4.92646 17.36550 4.71656
347 9.636769659E+06 2.29923 3.84351 4.92576 17.36546 4.71637
348 9.636798293E+06 2.30364 3.84112 4.92501 17.36542 4.71618
349 9.636826528E+06 2.30808 3.83871 4.92424 17.36538 4.71601
350 9.636854263E+06 2.31255 3.83628 4.92345 17.36534 4.71585
351 9.636881469E+06 2.31702 3.83387 4.92275 17.36531 4.71565
352 9.636908757E+06 2.32151 3.83148 4.92218 17.36527 4.71545
353 9.636936896E+06 2.32610 3.82900 4.92147 17.36523 4.71525
354 9.636965072E+06 2.33068 3.82654 4.92075 17.36519 4.71505
355 9.636993704E+06 2.33537 3.82400 4.91997 17.36515 4.71484
356 9.637022258E+06 2.34013 3.82141 4.91914 17.36511 4.71464
357 9.637050578E+06 2.34496 3.81878 4.91828 17.36507 4.71445
358 9.637078608E+06 2.34986 3.81611 4.91739 17.36503 4.71425
359 9.637106321E+06 2.35481 3.81344 4.91661 17.36499 4.71407
360 9.637134364E+06 2.35983 3.81076 4.91594 17.36495 4.71389
361 9.637163206E+06 2.36488 3.80805 4.91519 17.36490 4.71372
362 9.637192811E+06 2.37005 3.80525 4.91435 17.36486 4.71355
363 9.637222574E+06 2.37529 3.80240 4.91343 17.36482 4.71338
364 9.637252263E+06 2.38060 3.79951 4.91247 17.36477 4.71322
365 9.637281827E+06 2.38601 3.79655 4.91147 17.36473 4.71306
366 9.637311278E+06 2.39154 3.79352 4.91042 17.36468 4.71291
367 9.637340552E+06 2.39720 3.79044 4.90940 17.36464 4.71277
368 9.637369863E+06 2.40289 3.78741 4.90864 17.36459 4.71264
369 9.637400524E+06 2.40874 3.78426 4.90775 17.36455 4.71251
370 9.637431717E+06 2.41471 3.78102 4.90673 17.36450 4.71238
371 9.637462902E+06 2.42074 3.77773 4.90563 17.36445 4.71224
372 9.637493923E+06 2.42685 3.77438 4.90447 17.36440 4.71209
373 9.637524782E+06 2.43303 3.77099 4.90325 17.36435 4.71194
374 9.637555370E+06 2.43928 3.76754 4.90198 17.36430 4.71179
375 9.637585640E+06 2.44558 3.76406 4.90067 17.36426 4.71165
376 9.637615574E+06 2.45182 3.76070 4.89969 17.36421 4.71151
377 9.637646609E+06 2.45815 3.75727 4.89863 17.36416 4.71137
378 9.637677859E+06 2.46441 3.75384 4.89742 17.36411 4.71123
379 9.637708746E+06 2.47056 3.75044 4.89614 17.36406 4.71110
380 9.637739076E+06 2.47665 3.74706 4.89479 17.36401 4.71097
381 9.637768990E+06 2.48275 3.74366 4.89339 17.36396 4.71084
382 9.637798835E+06 2.48896 3.74019 4.89192 17.36392 4.71071
383 9.637828684E+06 2.49526 3.73665 4.89037 17.36387 4.71059
384 9.637858509E+06 2.50158 3.73311 4.88884 17.36382 4.71047
385 9.637888682E+06 2.50799 3.72956 4.88744 17.36377 4.71035
386 9.637919771E+06 2.51456 3.72592 4.88607 17.36372 4.71024
387 9.637951587E+06 2.52114 3.72225 4.88451 17.36367 4.71014
388 9.637983720E+06 2.52756 3.71862 4.88283 17.36362 4.71004
389 9.638016056E+06 2.53412 3.71489 4.88105 17.36357 4.70994
390 9.638049522E+06 2.54114 3.71090 4.87913 17.36351 4.70985
391 9.638085154E+06 2.54878 3.70655 4.87702 17.36346 4.70975
392 9.638123184E+06 2.55663 3.70205 4.87470 17.36340 4.70966
393 9.638162775E+06 2.56490 3.69729 4.87220 17.36333 4.70957
394 9.638204121E+06 2.57428 3.69192 4.86950 17.36327 4.70961
395 9.638249497E+06 2.58451 3.68604 4.86643 17.36320 4.70965
396 9.638293199E+06 2.59368 3.68068 4.86333 17.36313 4.70968
397 9.638332184E+06 2.60234 3.67562 4.86041 17.36307 4.70972
398 9.638368818E+06 2.60978 3.67119 4.85754 17.36301 4.70975
399 9.638402329E+06 2.61563 3.66758 4.85481 17.36296 4.70978
400 9.638434031E+06 2.62191 3.66375 4.85208 17.36292 4.70981
401 9.638465904E+06 2.62855 3.65971 4.84920 17.36287 4.70984
402 9.638497012E+06 2.63452 3.65601 4.84632 17.36282 4.70988
403 9.638527843E+06 2.64017 3.65244 4.84334 17.36278 4.70991
404 9.638558364E+06 2.64615 3.64874 4.84051 17.36274 4.70994
405 9.638588215E+06 2.65169 3.64528 4.83775 17.36269 4.70997
406 9.638618133E+06 2.65604 3.64241 4.83494 17.36265 4.71001
407 9.638648588E+06 2.65944 3.63996 4.83194 17.36261 4.71004
408 9.638679359E+06 2.66280 3.63748 4.82874 17.36257 4.71007
409 9.638710361E+06 2.66630 3.63489 4.82539 17.36253 4.71010
410 9.638741572E+06 2.66964 3.63235 4.82192 17.36249 4.71014
411 9.638773197E+06 2.67283 3.62985 4.81831 17.36244 4.71017
412 9.638805135E+06 2.67600 3.62732 4.81453 17.36240 4.71020
413 9.638837297E+06 2.67912 3.62479 4.81063 17.36236 4.71023
414 9.638869743E+06 2.68214 3.62226 4.80657 17.36232 4.71027
415 9.638902350E+06 2.68490 3.61986 4.80248 17.36228 4.71030
416 9.638935343E+06 2.68735 3.61759 4.79829 17.36224 4.71033
417 9.638968571E+06 2.68939 3.61551 4.79408 17.36220 4.71036
418 9.639002040E+06 2.69103 3.61366 4.78991 17.36216 4.71039
419 9.639035729E+06 2.69243 3.61199 4.78606 17.36213 4.71042
420 9.639069697E+06 2.69364 3.61046 4.78237 17.36209 4.71045
421 9.639103919E+06 2.69482 3.60908 4.77920 17.36205 4.71048
422 9.639138812E+06 2.69661 3.60786 4.77789 17.36201 4.71051
423 9.639175771E+06 2.69872 3.60676 4.77771 17.36197 4.71055
424 9.639214845E+06 2.70034 3.60572 4.77681 17.36192 4.71058
425 9.639254461E+06 2.70169 3.60475 4.77564 17.36188 4.71061
426 9.639294354E+06 2.70310 3.60381 4.77466 17.36184 4.71065
427 9.639334473E+06 2.70428 3.60289 4.77338 17.36179 4.71068
428 9.639374558E+06 2.70532 3.60200 4.77187 17.36175 4.71072
429 9.639414451E+06 2.70642 3.60110 4.77048 17.36171 4.71075
430 9.639454166E+06 2.70770 3.60019 4.76939 17.36166 4.71078
431 9.639493746E+06 2.70891 3.59928 4.76820 17.36162 4.71081
432 9.639533038E+06 2.71006 3.59840 4.76695 17.36158 4.71085
433 9.639571976E+06 2.71152 3.59749 4.76625 17.36154 4.71088
434 9.639610773E+06 2.71303 3.59659 4.76568 17.36150 4.71091
435 9.639649318E+06 2.71451 3.59571 4.76511 17.36146 4.71094
436 9.639687517E+06 2.71619 3.59483 4.76492 17.36141 4.71097
437 9.639725499E+06 2.71808 3.59393 4.76513 17.36137 4.71100
438 9.639763305E+06 2.71997 3.59305 4.76538 17.36133 4.71104
439 9.639800807E+06 2.72204 3.59216 4.76597 17.36130 4.71107
440 9.639838148E+06 2.72440 3.59125 4.76704 17.36126 4.71110
441 9.639875403E+06 2.72677 3.59035 4.76818 17.36122 4.71113
442 9.639912422E+06 2.72938 3.58944 4.76977 17.36118 4.71116
443 9.639949400E+06 2.73224 3.58852 4.77179 17.36114 4.71119
444 9.639986386E+06 2.73513 3.58760 4.77389 17.36110 4.71122
445 9.640023217E+06 2.73837 3.58666 4.77663 17.36106 4.71125
446 9.640060225E+06 2.74177 3.58572 4.77966 17.36102 4.71128
447 9.640097285E+06 2.74523 3.58479 4.78285 17.36098 4.71131
448 9.640134367E+06 2.74911 3.58383 4.78676 17.36094 4.71134
449 9.640171861E+06 2.75303 3.58287 4.79079 17.36089 4.71137
450 9.640209467E+06 2.75720 3.58191 4.79529 17.36085 4.71140
451 9.640247384E+06 2.76158 3.58095 4.80018 17.36081 4.71144
452 9.640285622E+06 2.76597 3.58000 4.80516 17.36076 4.71147
453 9.640324100E+06 2.77076 3.57902 4.81084 17.36072 4.71150
454 9.640362945E+06 2.77552 3.57807 4.81655 17.36067 4.71153
455 9.640402155E+06 2.78045 3.57711 4.82260 17.36063 4.71156
456 9.640441730E+06 2.78551 3.57617 4.82893 17.36058 4.71160
457 9.640481673E+06 2.79047 3.57525 4.83518 17.36053 4.71163
458 9.640522203E+06 2.79572 3.57432 4.84196 17.36048 4.71167
459 9.640562856E+06 2.80082 3.57343 4.84859 17.36042 4.71170
460 9.640604273E+06 2.80591 3.57255 4.85527 17.36037 4.71173
461 9.640646447E+06 2.81112 3.57168 4.86219 17.36031 4.71177
462 9.640689142E+06 2.81613 3.57085 4.86889 17.36025 4.71181
463 9.640733195E+06 2.82120 3.57002 4.87573 17.36019 4.71184
464 9.640778327E+06 2.82624 3.56921 4.88257 17.36013 4.71188
465 9.640824953E+06 2.83111 3.56844 4.88921 17.36006 4.71192
466 9.640873714E+06 2.83607 3.56766 4.89602 17.35999 4.71196
467 9.640924316E+06 2.84091 3.56691 4.90269 17.35992 4.71200
468 9.640977653E+06 2.84560 3.56618 4.90917 17.35983 4.71204
469 9.641034265E+06 2.85038 3.56545 4.91581 17.35975 4.71209
470 9.641094056E+06 2.85498 3.56475 4.92221 17.35965 4.71214
471 9.641158489E+06 2.85948 3.56407 4.92849 17.35955 4.71220
472 9.641228119E+06 2.86398 3.56340 4.93480 17.35944 4.71226
473 9.641303634E+06 2.86830 3.56275 4.94086 17.35931 4.71233
474 9.641387083E+06 2.87255 3.56212 4.94684 17.35917 4.71241
475 9.641479766E+06 2.87669 3.56152 4.95268 17.35902 4.71249
476 9.641584465E+06 2.88065 3.56093 4.95828 17.35883 4.71259
477 9.641704600E+06 2.88452 3.56037 4.96376 17.35862 4.71271
478 9.641845029E+06 2.88814 3.55984 4.96890 17.35837 4.71285
479 9.642013544E+06 2.89157 3.55935 4.97378 17.35807 4.71302
480 9.642215763E+06 2.89459 3.55892 4.97810 17.35770 4.71323
481 9.642458424E+06 2.89714 3.55856 4.98176 17.35725 4.71349
482 9.642749618E+06 2.89918 3.55827 4.98470 17.35671 4.71382
483 9.643099051E+06 2.90073 3.55806 4.98694 17.35605 4.71423
484 9.643518371E+06 2.90191 3.55790 4.98867 17.35526 4.71475
485 9.644021554E+06 2.90286 3.55777 4.99005 17.35431 4.71541
486 9.644625374E+06 2.90366 3.55767 4.99123 17.35316 4.71627
487 9.645349958E+06 2.90443 3.55756 4.99235 17.35178 4.71737
488 9.646219459E+06 2.90516 3.55746 4.99343 17.35011 4.71889
489 9.647262860E+06 2.90582 3.55738 4.99439 17.34811 4.72114
490 9.648514942E+06 2.90639 3.55730 4.99523 17.34570 4.72415
491 9.650017439E+06 2.90677 3.55725 4.99581 17.34281 4.72811
492 9.651820436E+06 2.90699 3.55723 4.99615 17.33933 4.73326
493 9.653984033E+06 2.90703 3.55723 4.99623 17.33516 4.73985
494 9.656580348E+06 2.90692 3.55726 4.99612 17.33015 4.74920
495 9.659695927E+06 2.90672 3.55729 4.99585 17.32414 4.76088
496 9.663434622E+06 2.90643 3.55734 4.99547 17.31694 4.77514
497 9.667921056E+06 2.90611 3.55739 4.99503 17.30832 4.79230
498 9.673304776E+06 2.90578 3.55744 4.99456 17.29798 4.81266
499 9.679765240E+06 2.90542 3.55749 4.99404 17.28559 4.83656
500 9.687484977E+06 2.90502 3.55754 4.99345 17.27081 4.86423
501 9.695823403E+06 2.90461 3.55759 4.99284 17.25488 4.89310
502 9.704746258E+06 2.90419 3.55764 4.99220 17.23787 4.92286
503 9.714225210E+06 2.90376 3.55769 4.99153 17.21983 4.95333
504 9.724207517E+06 2.90331 3.55774 4.99082 17.20087 4.98423
505 9.734602485E+06 2.90280 3.55780 4.99004 17.18118 5.01526
506 9.745335569E+06 2.90222 3.55786 4.98913 17.16090 5.04616
507 9.756337452E+06 2.90155 3.55794 4.98810 17.14017 5.07672
508 9.767614060E+06 2.90080 3.55803 4.98695 17.11901 5.10698
509 9.779213530E+06 2.89998 3.55813 4.98571 17.09731 5.13703
510 9.791113685E+06 2.89909 3.55824 4.98436 17.07514 5.16683
511 9.803198645E+06 2.89809 3.55836 4.98287 17.05273 5.19606
512 9.815383948E+06 2.89700 3.55850 4.98125 17.03024 5.22455
513 9.827619215E+06 2.89581 3.55866 4.97950 17.00776 5.25221
514 9.839911172E+06 2.89453 3.55883 4.97762 16.98531 5.27906
515 9.852323973E+06 2.89319 3.55901 4.97566 16.96276 5.30526
516 9.864947604E+06 2.89178 3.55920 4.97361 16.93997 5.33102
517 9.877690687E+06 2.89030 3.55941 4.97148 16.91709 5.35614
518 9.890499360E+06 2.88875 3.55963 4.96925 16.89425 5.38054
519 9.903253254E+06 2.88713 3.55986 4.96695 16.87165 5.40401
520 9.915874131E+06 2.88549 3.56010 4.96462 16.84943 5.42645
521 9.928515068E+06 2.88383 3.56035 4.96229 16.82731 5.44819
522 9.941262110E+06 2.88216 3.56060 4.95995 16.80516 5.46939
523 9.954165330E+06 2.88049 3.56085 4.95762 16.78288 5.49014
524 9.967250792E+06 2.87881 3.56111 4.95530 16.76043 5.51049
525 9.980376669E+06 2.87714 3.56137 4.95299 16.73805 5.53025
526 9.993502377E+06 2.87547 3.56163 4.95071 16.71580 5.54940
527 1.000654242E+07 2.87383 3.56190 4.94848 16.69384 5.56787
528 1.001949955E+07 2.87226 3.56215 4.94636 16.67214 5.58571
529 1.003262054E+07 2.87075 3.56240 4.94434 16.65028 5.60271
530 1.004602474E+07 2.86931 3.56264 4.94241 16.62807 5.61930
531 1.005975932E+07 2.86791 3.56288 4.94056 16.60542 5.63562
532 1.007368809E+07 2.86656 3.56311 4.93880 16.58255 5.65152
533 1.008779318E+07 2.86528 3.56333 4.93712 16.55950 5.66698
534 1.010198547E+07 2.86405 3.56355 4.93553 16.53640 5.68191
535 1.011620061E+07 2.86290 3.56375 4.93406 16.51335 5.69628
536 1.013047568E+07 2.86186 3.56394 4.93275 16.49028 5.71017
537 1.014508808E+07 2.86093 3.56412 4.93156 16.46674 5.72388
538 1.016018838E+07 2.86009 3.56427 4.93051 16.44248 5.73756
539 1.017582149E+07 2.85935 3.56441 4.92958 16.41742 5.75127
540 1.019193377E+07 2.85871 3.56453 4.92878 16.39165 5.76501
541 1.020833662E+07 2.85814 3.56464 4.92808 16.36545 5.77869
542 1.022479383E+07 2.85741 3.56481 4.92729 16.33922 5.79194
543 1.023302243E+07 2.85722 3.56484 4.92705 16.32611 5.79790
544 1.024289675E+07 2.85709 3.56486 4.92688 16.31039 5.80484
544 1.024092189E+07 2.85711 3.56486 4.92691 16.31353 5.80348
545 1.024882134E+07 2.85702 3.56488 4.92680 16.30096 5.80893
546 1.025672080E+07 2.85696 3.56489 4.92671 16.28839 5.81425
547 1.026462026E+07 2.85692 3.56489 4.92665 16.27582 5.81947
548 1.027251972E+07 2.85691 3.56489 4.92663 16.26325 5.82458
549 1.028199907E+07 2.85693 3.56488 4.92663 16.24817 5.83058
550 1.029337429E+07 2.85700 3.56486 4.92669 16.23006 5.83762
551 1.030702455E+07 2.85714 3.56483 4.92683 16.20834 5.84588
552 1.032340487E+07 2.85741 3.56476 4.92710 16.18225 5.85566
553 1.034095530E+07 2.85781 3.56466 4.92753 16.15427 5.86621
554 1.035775257E+07 2.85832 3.56455 4.92807 16.12746 5.87580
555 1.037373843E+07 2.85892 3.56441 4.92872 16.10190 5.88352
556 1.038916579E+07 2.85961 3.56425 4.92946 16.07720 5.89057
557 1.040423680E+07 2.86039 3.56407 4.93031 16.05302 5.89717
558 1.041873932E+07 2.86124 3.56388 4.93123 16.02970 5.90335
559 1.043263542E+07 2.86215 3.56367 4.93223 16.00731 5.90924
560 1.044589952E+07 2.86309 3.56346 4.93328 15.98588 5.91494
561 1.045850289E+07 2.86408 3.56325 4.93438 15.96547 5.92059
562 1.047046605E+07 2.86509 3.56302 4.93552 15.94604 5.92632
563 1.048181156E+07 2.86613 3.56280 4.93669 15.92756 5.93062
564 1.049255241E+07 2.86718 3.56257 4.93790 15.91002 5.93435
565 1.050288641E+07 2.86827 3.56234 4.93915 15.89309 5.93780
566 1.051275067E+07 2.86939 3.56211 4.94045 15.87688 5.94103
567 1.052215008E+07 2.87053 3.56187 4.94179 15.86139 5.94409
568 1.053109480E+07 2.87170 3.56163 4.94317 15.84659 5.94703
569 1.053960608E+07 2.87289 3.56139 4.94458 15.83246 5.94994
570 1.054771450E+07 2.87410 3.56114 4.94602 15.81896 5.95283
571 1.055544251E+07 2.87534 3.56090 4.94751 15.80604 5.95575
572 1.056280514E+07 2.87660 3.56065 4.94904 15.79368 5.95880
573 1.056981646E+07 2.87790 3.56040 4.95061 15.78186 5.96138
574 1.057648747E+07 2.87922 3.56014 4.95224 15.77058 5.96330
575 1.058287196E+07 2.88060 3.55987 4.95393 15.75973 5.96505
576 1.058898438E+07 2.88201 3.55960 4.95568 15.74930 5.96670
577 1.059480080E+07 2.88346 3.55933 4.95748 15.73933 5.96826
578 1.060032251E+07 2.88494 3.55905 4.95933 15.72982 5.96976
579 1.060555769E+07 2.88645 3.55877 4.96123 15.72075 5.97123
580 1.061051681E+07 2.88799 3.55849 4.96318 15.71213 5.97271
581 1.061520916E+07 2.88956 3.55820 4.96518 15.70392 5.97421
582 1.061964100E+07 2.89117 3.55791 4.96723 15.69613 5.97578
583 1.062380672E+07 2.89281 3.55762 4.96934 15.68877 5.97742
584 1.062769866E+07 2.89449 3.55732 4.97150 15.68185 5.97918
585 1.063132299E+07 2.89620 3.55702 4.97371 15.67537 5.98059
586 1.063468972E+07 2.89795 3.55671 4.97599 15.66931 5.98156
587 1.063781777E+07 2.89975 3.55640 4.97833 15.66365 5.98243
588 1.064071099E+07 2.90160 3.55608 4.98075 15.65838 5.98323
589 1.064337504E+07 2.90349 3.55575 4.98323 15.65349 5.98396
590 1.064581286E+07 2.90542 3.55542 4.98577 15.64899 5.98465
591 1.064802971E+07 2.90739 3.55509 4.98837 15.64487 5.98530
592 1.065003338E+07 2.90941 3.55475 4.99104 15.64111 5.98594
593 1.065183300E+07 2.91147 3.55440 4.99378 15.63772 5.98657
594 1.065344584E+07 2.91358 3.55405 4.99658 15.63465 5.98723
595 1.065487918E+07 2.91571 3.55369 4.99942 15.63190 5.98793
596 1.065614653E+07 2.91788 3.55333 5.00230 15.62946 5.98871
597 1.065726086E+07 2.92007 3.55296 5.00523 15.62729 5.98897
598 1.065823640E+07 2.92228 3.55260 5.00818 15.62537 5.98906
599 1.065908712E+07 2.92452 3.55222 5.01118 15.62369 5.98910
600 1.065983006E+07 2.92680 3.55185 5.01424 15.62220 5.98921
601 1.066044272E+07 2.92895 3.55150 5.01712 15.62097 5.98935
602 1.066094300E+07 2.93093 3.55117 5.01979 15.61996 5.98942
603 1.066139301E+07 2.93296 3.55084 5.02251 15.61904 5.98943
604 1.066180380E+07 2.93506 3.55049 5.02533 15.61819 5.98939
605 1.066216465E+07 2.93719 3.55014 5.02816 15.61744 5.98933
606 1.066247222E+07 2.93928 3.54979 5.03095 15.61680 5.98931
607 1.066272706E+07 2.94127 3.54945 5.03357 15.61626 5.98936
608 1.066293428E+07 2.94310 3.54913 5.03597 15.61582 5.98935
609 1.066310039E+07 2.94476 3.54884 5.03813 15.61547 5.98902
610 1.066323994E+07 2.94631 3.54857 5.04016 15.61517 5.98873
611 1.066337684E+07 2.94804 3.54827 5.04242 15.61487 5.98847
612 1.066351017E+07 2.94997 3.54794 5.04496 15.61458 5.98827
613 1.066363980E+07 2.95210 3.54758 5.04776 15.61430 5.98815
614 1.066376642E+07 2.95446 3.54718 5.05088 15.61402 5.98811
615 1.066389065E+07 2.95702 3.54675 5.05429 15.61374 5.98816
616 1.066401292E+07 2.95959 3.54632 5.05769 15.61346 5.98815
617 1.066413431E+07 2.96218 3.54588 5.06112 15.61319 5.98796
618 1.066425555E+07 2.96479 3.54544 5.06458 15.61291 5.98779
619 1.066437726E+07 2.96744 3.54499 5.06808 15.61262 5.98765
620 1.066449904E+07 2.97006 3.54455 5.07155 15.61234 5.98756
621 1.066462133E+07 2.97266 3.54411 5.07499 15.61205 5.98752
622 1.066474419E+07 2.97524 3.54367 5.07840 15.61175 5.98752
623 1.066486774E+07 2.97780 3.54323 5.08176 15.61145 5.98758
624 1.066499205E+07 2.98032 3.54280 5.08509 15.61115 5.98770
625 1.066511711E+07 2.98282 3.54238 5.08839 15.61084 5.98765
626 1.066524303E+07 2.98528 3.54196 5.09165 15.61053 5.98757
627 1.066537099E+07 2.98773 3.54155 5.09489 15.61020 5.98751
628 1.066550049E+07 2.99014 3.54114 5.09810 15.60987 5.98749
629 1.066563143E+07 2.99253 3.54075 5.10128 15.60954 5.98749
630 1.066576382E+07 2.99487 3.54036 5.10442 15.60919 5.98753
631 1.066589781E+07 2.99717 3.53998 5.10750 15.60884 5.98760
632 1.066603361E+07 2.99941 3.53961 5.11052 15.60848 5.98772
633 1.066617131E+07 3.00161 3.53926 5.11349 15.60811 5.98787
634 1.066631101E+07 3.00376 3.53891 5.11640 15.60774 5.98791
635 1.066645283E+07 3.00584 3.53858 5.11924 15.60735 5.98793
636 1.066659807E+07 3.00788 3.53826 5.12202 15.60695 5.98798
637 1.066674605E+07 3.00985 3.53795 5.12473 15.60654 5.98805
638 1.066689654E+07 3.01175 3.53765 5.12735 15.60612 5.98814
639 1.066704964E+07 3.01358 3.53737 5.12988 15.60569 5.98826
640 1.066720532E+07 3.01533 3.53710 5.13231 15.60525 5.98841
641 1.066736351E+07 3.01701 3.53685 5.13465 15.60480 5.98859
642 1.066752431E+07 3.01862 3.53660 5.13689 15.60433 5.98880
643 1.066768776E+07 3.02014 3.53638 5.13903 15.60386 5.98900
644 1.066785391E+07 3.02159 3.53616 5.14106 15.60337 5.98913
645 1.066802331E+07 3.02295 3.53596 5.14299 15.60287 5.98928
646 1.066819648E+07 3.02424 3.53577 5.14481 15.60236 5.98946
647 1.066837263E+07 3.02545 3.53560 5.14653 15.60184 5.98965
648 1.066855179E+07 3.02657 3.53543 5.14812 15.60130 5.98987
649 1.066873438E+07 3.02760 3.53529 5.14960 15.60075 5.99011
650 1.066892076E+07 3.02852 3.53516 5.15092 15.60019 5.99038
651 1.066911132E+07 3.02932 3.53505 5.15206 15.59961 5.99069
652 1.066930614E+07 3.02997 3.53496 5.15300 15.59901 5.99102
653 1.066950562E+07 3.03046 3.53489 5.15372 15.59840 5.99129
654 1.066970995E+07 3.03077 3.53485 5.15417 15.59778 5.99158
655 1.066992027E+07 3.03088 3.53484 5.15435 15.59713 5.99189
656 1.067013400E+07 3.03079 3.53485 5.15423 15.59648 5.99223
657 1.067034967E+07 3.03049 3.53490 5.15381 15.59582 5.99258
658 1.067056496E+07 3.02998 3.53497 5.15310 15.59516 5.99296
659 1.067077883E+07 3.02930 3.53507 5.15213 15.59451 5.99337
660 1.067098990E+07 3.02848 3.53519 5.15096 15.59387 5.99379
661 1.067119764E+07 3.02754 3.53532 5.14962 15.59325 5.99409
662 1.067140242E+07 3.02653 3.53547 5.14817 15.59263 5.99438
663 1.067160603E+07 3.02546 3.53562 5.14664 15.59202 5.99465
664 1.067180730E+07 3.02436 3.53578 5.14507 15.59143 5.99494
665 1.067200641E+07 3.02328 3.53593 5.14353 15.59084 5.99527
666 1.067220344E+07 3.02221 3.53609 5.14201 15.59026 5.99564
667 1.067239823E+07 3.02119 3.53623 5.14055 15.58969 5.99578
668 1.067259130E+07 3.02023 3.53637 5.13918 15.58913 5.99591
669 1.067278557E+07 3.01933 3.53650 5.13791 15.58857 5.99607
670 1.067297881E+07 3.01851 3.53662 5.13676 15.58801 5.99629
671 1.067317070E+07 3.01780 3.53673 5.13576 15.58746 5.99655
672 1.067336088E+07 3.01719 3.53682 5.13490 15.58692 5.99654
673 1.067354890E+07 3.01668 3.53690 5.13420 15.58638 5.99655
674 1.067373678E+07 3.01628 3.53696 5.13366 15.58584 5.99665
675 1.067392130E+07 3.01600 3.53701 5.13328 15.58532 5.99689
676 1.067410193E+07 3.01583 3.53705 5.13309 15.58480 5.99677
677 1.067427855E+07 3.01577 3.53706 5.13304 15.58430 5.99670
678 1.067445563E+07 3.01580 3.53707 5.13313 15.58380 5.99674
679 1.067462912E+07 3.01593 3.53706 5.13336 15.58330 5.99691
680 1.067479802E+07 3.01614 3.53705 5.13371 15.58282 5.99673
681 1.067496251E+07 3.01642 3.53702 5.13416 15.58235 5.99663
682 1.067512633E+07 3.01678 3.53698 5.13474 15.58188 5.99668
683 1.067528608E+07 3.01721 3.53694 5.13540 15.58142 5.99673
684 1.067544123E+07 3.01768 3.53688 5.13615 15.58097 5.99654
685 1.067559311E+07 3.01822 3.53682 5.13698 15.58054 5.99647
686 1.067574327E+07 3.01882 3.53675 5.13790 15.58010 5.99656
687 1.067588938E+07 3.01944 3.53668 5.13886 15.57967 5.99647
688 1.067603108E+07 3.02009 3.53661 5.13986 15.57926 5.99632
689 1.067617053E+07 3.02077 3.53653 5.14089 15.57885 5.99629
690 1.067630703E+07 3.02147 3.53645 5.14197 15.57845 5.99644
691 1.067643939E+07 3.02218 3.53637 5.14306 15.57806 5.99622
692 1.067656748E+07 3.02289 3.53628 5.14415 15.57768 5.99612
693 1.067669399E+07 3.02363 3.53619 5.14528 15.57730 5.99614
694 1.067681658E+07 3.02437 3.53611 5.14641 15.57694 5.99620
695 1.067693501E+07 3.02510 3.53602 5.14753 15.57658 5.99603
696 1.067704996E+07 3.02583 3.53594 5.14865 15.57624 5.99596
697 1.067716239E+07 3.02657 3.53585 5.14977 15.57590 5.99603
698 1.067727106E+07 3.02730 3.53576 5.15090 15.57557 5.99603
699 1.067737593E+07 3.02801 3.53568 5.15199 15.57525 5.99590
700 1.067747788E+07 3.02871 3.53560 5.15307 15.57493 5.99587
701 1.067757704E+07 3.02940 3.53552 5.15412 15.57463 5.99596
702 1.067767267E+07 3.03007 3.53544 5.15515 15.57433 5.99594
703 1.067776476E+07 3.03072 3.53537 5.15615 15.57405 5.99583
704 1.067785409E+07 3.03135 3.53529 5.15712 15.57377 5.99582
705 1.067794064E+07 3.03197 3.53522 5.15807 15.57350 5.99591
706 1.067802398E+07 3.03256 3.53515 5.15899 15.57324 5.99593
707 1.067810413E+07 3.03314 3.53509 5.15988 15.57299 5.99583
708 1.067818163E+07 3.03369 3.53503 5.16074 15.57274 5.99581
709 1.067825665E+07 3.03423 3.53496 5.16157 15.57251 5.99588
710 1.067832875E+07 3.03475 3.53491 5.16237 15.57228 5.99600
711 1.067839798E+07 3.03525 3.53485 5.16314 15.57206 5.99590
712 1.067846441E+07 3.03572 3.53480 5.16388 15.57184 5.99586
713 1.067852861E+07 3.03618 3.53475 5.16459 15.57164 5.99589
714 1.067859004E+07 3.03662 3.53470 5.16528 15.57144 5.99600
715 1.067864873E+07 3.03704 3.53465 5.16593 15.57125 5.99603
716 1.067870473E+07 3.03743 3.53461 5.16655 15.57107 5.99596
717 1.067875838E+07 3.03783 3.53457 5.16716 15.57090 5.99596
718 1.067880974E+07 3.03820 3.53453 5.16774 15.57073 5.99601
719 1.067885863E+07 3.03855 3.53449 5.16829 15.57058 5.99613
720 1.067890514E+07 3.03887 3.53445 5.16880 15.57042 5.99616
721 1.067894937E+07 3.03918 3.53442 5.16929 15.57028 5.99611
722 1.067899154E+07 3.03947 3.53439 5.16975 15.57014 5.99610
723 1.067903175E+07 3.03975 3.53436 5.17018 15.57001 5.99615
724 1.067906991E+07 3.04000 3.53434 5.17059 15.56989 5.99625
725 1.067910613E+07 3.04025 3.53431 5.17098 15.56977 5.99638
726 1.067914047E+07 3.04048 3.53429 5.17134 15.56965 5.99632
727 1.067917307E+07 3.04069 3.53427 5.17169 15.56955 5.99630
728 1.067920417E+07 3.04089 3.53424 5.17201 15.56945 5.99632
729 1.067923367E+07 3.04108 3.53423 5.17231 15.56935 5.99638
730 1.067926164E+07 3.04126 3.53421 5.17260 15.56926 5.99648
731 1.067928819E+07 3.04143 3.53419 5.17287 15.56917 5.99661
732 1.067931339E+07 3.04159 3.53418 5.17312 15.56908 5.99656
733 1.067933732E+07 3.04175 3.53416 5.17337 15.56901 5.99655
734 1.067936018E+07 3.04191 3.53414 5.17363 15.56893 5.99656
735 1.067938191E+07 3.04207 3.53412 5.17387 15.56886 5.99661
736 1.067940253E+07 3.04221 3.53411 5.17410 15.56879 5.99670
737 1.067942209E+07 3.04234 3.53409 5.17430 15.56872 5.99682
738 1.067944065E+07 3.04246 3.53408 5.17449 15.56866 5.99687
739 1.067945826E+07 3.04258 3.53407 5.17467 15.56860 5.99684
740 1.067947503E+07 3.04268 3.53406 5.17484 15.56855 5.99684
741 1.067949103E+07 3.04278 3.53404 5.17499 15.56850 5.99686
742 1.067950629E+07 3.04288 3.53403 5.17513 15.56844 5.99691
743 1.067952089E+07 3.04297 3.53402 5.17527 15.56840 5.99699
744 1.067953495E+07 3.04305 3.53401 5.17539 15.56835 5.99710
745 1.067954859E+07 3.04314 3.53400 5.17551 15.56830 5.99720
746 1.067956199E+07 3.04322 3.53399 5.17563 15.56826 5.99717
747 1.067957542E+07 3.04331 3.53397 5.17576 15.56821 5.99716
748 1.067958912E+07 3.04340 3.53396 5.17588 15.56817 5.99717
749 1.067960344E+07 3.04350 3.53394 5.17602 15.56812 5.99720
750 1.067961876E+07 3.04362 3.53393 5.17618 15.56807 5.99724
751 1.067963470E+07 3.04375 3.53390 5.17636 15.56802 5.99732
752 1.067964952E+07 3.04387 3.53388 5.17652 15.56797 5.99744
752 1.067964655E+07 3.04385 3.53389 5.17649 15.56798 5.99740
752 1.067964418E+07 3.04383 3.53389 5.17647 15.56798 5.99738
752 1.067964229E+07 3.04381 3.53389 5.17645 15.56799 5.99737
752 1.067964077E+07 3.04380 3.53390 5.17643 15.56800 5.99736
753 1.067964684E+07 3.04385 3.53389 5.17649 15.56798 5.99741
753 1.067964562E+07 3.04384 3.53389 5.17648 15.56798 5.99740
754 1.067965048E+07 3.04388 3.53388 5.17653 15.56796 5.99744
755 1.067965534E+07 3.04392 3.53388 5.17658 15.56795 5.99748
756 1.067966020E+07 3.04395 3.53387 5.17663 15.56793 5.99753
757 1.067966505E+07 3.04399 3.53386 5.17668 15.56791 5.99756
758 1.067967088E+07 3.04403 3.53386 5.17673 15.56789 5.99754
759 1.067967787E+07 3.04408 3.53384 5.17678 15.56787 5.99753
760 1.067968584E+07 3.04413 3.53383 5.17683 15.56784 5.99753
761 1.067969219E+07 3.04417 3.53382 5.17686 15.56782 5.99755
762 1.067969751E+07 3.04420 3.53381 5.17687 15.56781 5.99759
763 1.067970213E+07 3.04422 3.53380 5.17688 15.56779 5.99766
764 1.067970619E+07 3.04424 3.53378 5.17687 15.56778 5.99774
765 1.067970991E+07 3.04426 3.53377 5.17685 15.56776 5.99784
766 1.067971338E+07 3.04427 3.53376 5.17683 15.56775 5.99794
767 1.067971664E+07 3.04428 3.53375 5.17680 15.56774 5.99792
768 1.067971975E+07 3.04429 3.53374 5.17677 15.56773 5.99791
769 1.067972276E+07 3.04429 3.53373 5.17673 15.56772 5.99791
770 1.067972570E+07 3.04431 3.53371 5.17670 15.56771 5.99793
771 1.067972858E+07 3.04433 3.53370 5.17668 15.56770 5.99797
772 1.067973142E+07 3.04436 3.53368 5.17667 15.56769 5.99802
773 1.067973421E+07 3.04439 3.53366 5.17666 15.56768 5.99809
774 1.067973691E+07 3.04442 3.53364 5.17664 15.56767 5.99819
775 1.067973950E+07 3.04446 3.53362 5.17662 15.56766 5.99830
776 1.067974196E+07 3.04449 3.53359 5.17659 15.56766 5.99832
777 1.067974427E+07 3.04452 3.53357 5.17656 15.56765 5.99831
778 1.067974643E+07 3.04455 3.53354 5.17652 15.56764 5.99831
779 1.067974846E+07 3.04458 3.53352 5.17648 15.56763 5.99832
780 1.067975036E+07 3.04461 3.53349 5.17643 15.56763 5.99835
781 1.067975215E+07 3.04463 3.53346 5.17637 15.56762 5.99840
782 1.067975382E+07 3.04466 3.53344 5.17630 15.56762 5.99846
783 1.067975538E+07 3.04468 3.53341 5.17623 15.56761 5.99854
784 1.067975685E+07 3.04471 3.53338 5.17615 15.56761 5.99865
785 1.067975823E+07 3.04473 3.53334 5.17607 15.56760 5.99873
786 1.067975952E+07 3.04475 3.53331 5.17599 15.56760 5.99871
787 1.067976073E+07 3.04479 3.53327 5.17591 15.56759 5.99871
788 1.067976186E+07 3.04483 3.53324 5.17584 15.56759 5.99871
789 1.067976292E+07 3.04487 3.53320 5.17577 15.56759 5.99873
790 1.067976390E+07 3.04491 3.53316 5.17569 15.56758 5.99877
791 1.067976483E+07 3.04496 3.53311 5.17561 15.56758 5.99882
792 1.067976569E+07 3.04500 3.53307 5.17552 15.56758 5.99889
793 1.067976649E+07 3.04504 3.53302 5.17543 15.56757 5.99898
794 1.067976723E+07 3.04509 3.53298 5.17532 15.56757 5.99908
795 1.067976793E+07 3.04513 3.53293 5.17521 15.56757 5.99913
796 1.067976858E+07 3.04517 3.53288 5.17510 15.56757 5.99912
797 1.067976918E+07 3.04520 3.53283 5.17498 15.56757 5.99911
