1 4.818105000E+04 0.75702 4.53021 4.58811 18.99880 0.00003
2 9.009687297E+04 0.75789 4.53005 4.58921 18.99775 0.00003
3 1.403958605E+05 0.75906 4.52981 4.59059 18.99648 0.00003
4 2.007546456E+05 0.76047 4.52952 4.59228 18.99495 0.00003
5 2.731851877E+05 0.76216 4.52919 4.59432 18.99310 0.00003
6 3.601018382E+05 0.76417 4.52880 4.59678 18.99085 0.00003
7 4.644018188E+05 0.76657 4.52835 4.59976 18.98812 0.00003
8 5.895617955E+05 0.76944 4.52781 4.60338 18.98479 0.00003
9 7.397537676E+05 0.77287 4.52720 4.60777 18.98073 0.00003
10 8.981860330E+05 0.77647 4.52658 4.61247 18.97635 0.00003
11 1.058627995E+06 0.78010 4.52596 4.61730 18.97182 0.00003
12 1.219827240E+06 0.78377 4.52536 4.62222 18.96717 0.00002
13 1.381048945E+06 0.78745 4.52477 4.62721 18.96241 0.00002
14 1.541816929E+06 0.79115 4.52417 4.63225 18.95757 0.00002
15 1.701738919E+06 0.79488 4.52358 4.63732 18.95264 0.00002
16 1.860472612E+06 0.79863 4.52298 4.64243 18.94763 0.00002
17 2.017725743E+06 0.80240 4.52238 4.64756 18.94256 0.00002
18 2.173238648E+06 0.80619 4.52177 4.65269 18.93743 0.00002
19 2.326733257E+06 0.81002 4.52114 4.65782 18.93225 0.00002
20 2.477874283E+06 0.81387 4.52048 4.66292 18.92704 0.00002
21 2.626207061E+06 0.81776 4.51980 4.66797 18.92181 0.00002
22 2.771383565E+06 0.82165 4.51911 4.67297 18.91659 0.00002
23 2.914092000E+06 0.82556 4.51840 4.67795 18.91134 0.00002
24 3.054631928E+06 0.82948 4.51768 4.68291 18.90607 0.00002
25 3.192970888E+06 0.83343 4.51694 4.68786 18.90077 0.00002
26 3.329033572E+06 0.83740 4.51619 4.69279 18.89544 0.00002
27 3.462778463E+06 0.84139 4.51542 4.69769 18.89011 0.00002
28 3.594161861E+06 0.84541 4.51463 4.70256 18.88476 0.00002
29 3.723152414E+06 0.84944 4.51382 4.70740 18.87941 0.00002
30 3.849726734E+06 0.85349 4.51299 4.71221 18.87405 0.00002
31 3.973873223E+06 0.85757 4.51215 4.71697 18.86870 0.00002
32 4.095562702E+06 0.86167 4.51128 4.72169 18.86336 0.00002
33 4.214723352E+06 0.86580 4.51038 4.72635 18.85803 0.00002
34 4.331170620E+06 0.86995 4.50945 4.73093 18.85274 0.00002
35 4.444666107E+06 0.87411 4.50849 4.73543 18.84749 0.00002
36 4.555547821E+06 0.87830 4.50752 4.73991 18.84228 0.00002
37 4.663930581E+06 0.88249 4.50653 4.74435 18.83710 0.00002
38 4.770200519E+06 0.88671 4.50552 4.74874 18.83195 0.00002
39 4.874435053E+06 0.89095 4.50449 4.75310 18.82681 0.00002
40 4.976658144E+06 0.89521 4.50344 4.75742 18.82171 0.00002
41 5.076910349E+06 0.89950 4.50237 4.76171 18.81662 0.00002
42 5.175236860E+06 0.90380 4.50128 4.76595 18.81157 0.00002
43 5.271686495E+06 0.90812 4.50017 4.77015 18.80655 0.00002
44 5.366313322E+06 0.91247 4.49903 4.77431 18.80155 0.00002
45 5.459119259E+06 0.91683 4.49788 4.77843 18.79659 0.00002
46 5.550077425E+06 0.92123 4.49670 4.78250 18.79167 0.00002
47 5.639120676E+06 0.92565 4.49550 4.78651 18.78679 0.00002
48 5.726115028E+06 0.93009 4.49426 4.79046 18.78198 0.00002
49 5.810902544E+06 0.93455 4.49300 4.79432 18.77723 0.00002
50 5.893663314E+06 0.93900 4.49172 4.79813 18.77256 0.00002
51 5.974828415E+06 0.94347 4.49043 4.80190 18.76793 0.00002
52 6.054439316E+06 0.94797 4.48912 4.80563 18.76335 0.00002
53 6.132535539E+06 0.95248 4.48778 4.80933 18.75882 0.00003
54 6.209188188E+06 0.95701 4.48643 4.81299 18.75434 0.00003
55 6.284431853E+06 0.96156 4.48506 4.81661 18.74991 0.00003
56 6.358285612E+06 0.96613 4.48367 4.82020 18.74552 0.00003
57 6.430764618E+06 0.97073 4.48226 4.82376 18.74119 0.00003
58 6.501784625E+06 0.97537 4.48083 4.82731 18.73692 0.00003
59 6.571504434E+06 0.98001 4.47940 4.83085 18.73270 0.00003
60 6.640275861E+06 0.98471 4.47793 4.83437 18.72851 0.00003
61 6.707812857E+06 0.98944 4.47643 4.83785 18.72438 0.00003
62 6.773865409E+06 0.99419 4.47491 4.84127 18.72032 0.00003
63 6.838263905E+06 0.99896 4.47336 4.84459 18.71634 0.00003
64 6.900747121E+06 1.00372 4.47179 4.84783 18.71248 0.00003
65 6.961650354E+06 1.00845 4.47022 4.85101 18.70870 0.00003
66 7.021415510E+06 1.01320 4.46863 4.85415 18.70498 0.00003
67 7.080131885E+06 1.01797 4.46702 4.85727 18.70132 0.00004
68 7.137809676E+06 1.02276 4.46540 4.86035 18.69772 0.00004
69 7.194507184E+06 1.02754 4.46378 4.86344 18.69418 0.00004
70 7.250859689E+06 1.03240 4.46213 4.86656 18.69066 0.00004
71 7.306540010E+06 1.03730 4.46046 4.86966 18.68717 0.00004
72 7.361267763E+06 1.04222 4.45876 4.87273 18.68375 0.00004
73 7.414980775E+06 1.04717 4.45705 4.87577 18.68039 0.00004
74 7.467685375E+06 1.05213 4.45532 4.87877 18.67710 0.00004
75 7.519392349E+06 1.05710 4.45357 4.88173 18.67388 0.00005
76 7.570112354E+06 1.06209 4.45180 4.88465 18.67072 0.00005
77 7.619837492E+06 1.06710 4.45002 4.88751 18.66764 0.00005
78 7.668522632E+06 1.07213 4.44821 4.89033 18.66463 0.00005
79 7.715915921E+06 1.07719 4.44637 4.89308 18.66171 0.00005
80 7.761681527E+06 1.08218 4.44454 4.89575 18.65890 0.00005
81 7.806400287E+06 1.08715 4.44271 4.89838 18.65618 0.00006
82 7.850373959E+06 1.09214 4.44087 4.90098 18.65351 0.00006
83 7.893643050E+06 1.09714 4.43901 4.90358 18.65079 0.00006
84 7.936388462E+06 1.10216 4.43715 4.90617 18.64751 0.00006
85 7.978823959E+06 1.10726 4.43525 4.90875 18.64364 0.00006
86 8.020646702E+06 1.11240 4.43331 4.91130 18.63919 0.00007
87 8.061657640E+06 1.11756 4.43136 4.91379 18.63421 0.00007
88 8.101809611E+06 1.12272 4.42939 4.91624 18.62870 0.00007
89 8.141109771E+06 1.12789 4.42740 4.91862 18.62268 0.00008
90 8.179594492E+06 1.13307 4.42539 4.92096 18.61616 0.00008
91 8.217281061E+06 1.13826 4.42337 4.92325 18.60915 0.00008
92 8.254165548E+06 1.14345 4.42133 4.92547 18.60167 0.00009
93 8.290241112E+06 1.14864 4.41928 4.92764 18.59374 0.00009
94 8.325512722E+06 1.15381 4.41722 4.92974 18.58538 0.00010
95 8.359980716E+06 1.15897 4.41515 4.93179 18.57662 0.00010
96 8.393647527E+06 1.16412 4.41308 4.93379 18.56746 0.00011
97 8.426575930E+06 1.16935 4.41096 4.93579 18.55791 5.70981
98 8.458442021E+06 1.17402 4.40909 4.93766 18.54815 5.78040
99 8.474375066E+06 1.17637 4.40813 4.93851 18.54314 5.79291
100 8.493494720E+06 1.17940 4.40690 4.93965 18.53693 5.80136
101 8.516438305E+06 1.18311 4.40539 4.94103 18.52917 5.80793
102 8.543970607E+06 1.18761 4.40356 4.94270 18.51941 5.81270
103 8.577009370E+06 1.19311 4.40132 4.94472 18.50705 5.81551
104 8.610493061E+06 1.19875 4.39901 4.94678 18.49383 5.81597
105 8.643312302E+06 1.20435 4.39672 4.94882 18.48021 5.81443
106 8.675449324E+06 1.20986 4.39447 4.95083 18.46620 5.81073
107 8.706950985E+06 1.21523 4.39228 4.95282 18.45185 5.80462
108 8.737887680E+06 1.22046 4.39016 4.95480 18.43713 5.79802
109 8.768301263E+06 1.22552 4.38813 4.95680 18.42207 5.79227
110 8.798262390E+06 1.23043 4.38618 4.95884 18.40666 5.78721
111 8.827411494E+06 1.23502 4.38441 4.96091 18.39113 5.78287
112 8.855951132E+06 1.23914 4.38288 4.96303 18.37544 5.77916
113 8.883660057E+06 1.24257 4.38171 4.96521 18.35980 5.77597
114 8.909580391E+06 1.24498 4.38105 4.96740 18.34486 5.77328
115 8.932071189E+06 1.24605 4.38104 4.96950 18.33175 5.77112
116 8.950509599E+06 1.24578 4.38165 4.97143 18.32097 5.76945
117 8.964623688E+06 1.24450 4.38272 4.97312 18.31275 5.76820
118 8.975093962E+06 1.24261 4.38403 4.97458 18.30670 5.76729
119 8.983150555E+06 1.24037 4.38547 4.97587 18.30211 5.76667
120 8.989525612E+06 1.23791 4.38700 4.97707 18.29852 5.76664
121 8.994700439E+06 1.23532 4.38858 4.97819 18.29565 5.76658
122 8.998996365E+06 1.23264 4.39019 4.97927 18.29332 5.76643
123 9.002620015E+06 1.22991 4.39182 4.98033 18.29138 5.76622
124 9.005710272E+06 1.22715 4.39346 4.98138 18.28976 5.76595
125 9.008366212E+06 1.22438 4.39511 4.98243 18.28840 5.76566
126 9.010661655E+06 1.22163 4.39674 4.98349 18.28725 5.76538
127 9.012656635E+06 1.21893 4.39837 4.98457 18.28627 5.76509
128 9.014395786E+06 1.21625 4.39998 4.98568 18.28543 5.76481
129 9.015913432E+06 1.21363 4.40158 4.98682 18.28472 5.76453
130 9.017239791E+06 1.21107 4.40315 4.98800 18.28411 5.76426
131 9.018400981E+06 1.20858 4.40470 4.98921 18.28360 5.76401
132 9.019417165E+06 1.20617 4.40622 4.99047 18.28315 5.76378
133 9.020306147E+06 1.20386 4.40770 4.99177 18.28278 5.76357
134 9.021083286E+06 1.20164 4.40915 4.99310 18.28246 5.76340
135 9.021762349E+06 1.19952 4.41055 4.99447 18.28218 5.76325
136 9.022355768E+06 1.19750 4.41191 4.99587 18.28195 5.76314
137 9.022874293E+06 1.19559 4.41321 4.99729 18.28175 5.76310
138 9.023327346E+06 1.19378 4.41448 4.99871 18.28158 5.76311
139 9.023723024E+06 1.19208 4.41568 5.00014 18.28144 5.76307
140 9.024069228E+06 1.19049 4.41684 5.00157 18.28132 5.76268
141 9.024372178E+06 1.18899 4.41794 5.00300 18.28121 5.76205
142 9.024637289E+06 1.18759 4.41900 5.00441 18.28112 5.76120
143 9.024869370E+06 1.18629 4.42000 5.00581 18.28105 5.76029
144 9.025072805E+06 1.18507 4.42095 5.00718 18.28098 5.75929
145 9.025251192E+06 1.18393 4.42185 5.00852 18.28093 5.75823
146 9.025407605E+06 1.18287 4.42271 5.00983 18.28088 5.75709
147 9.025544652E+06 1.18189 4.42352 5.01109 18.28084 5.75589
148 9.025665126E+06 1.18097 4.42427 5.01229 18.28081 5.75461
149 9.025769355E+06 1.18017 4.42494 5.01333 18.28078 5.75342
150 9.025868386E+06 1.17941 4.42556 5.01429 18.28075 5.75226
151 9.025965608E+06 1.17868 4.42614 5.01517 18.28072 5.75112
152 9.026062687E+06 1.17797 4.42670 5.01600 18.28070 5.75000
153 9.026160117E+06 1.17730 4.42723 5.01675 18.28067 5.74891
154 9.026258708E+06 1.17665 4.42772 5.01742 18.28065 5.74789
155 9.026359058E+06 1.17603 4.42818 5.01801 18.28062 5.74516
156 9.026461751E+06 1.17545 4.42859 5.01851 18.28060 5.74215
157 9.026567718E+06 1.17491 4.42896 5.01891 18.28057 5.73897
158 9.026677256E+06 1.17442 4.42928 5.01920 18.28054 5.73560
159 9.026790957E+06 1.17399 4.42954 5.01937 18.28052 5.73205
160 9.026909392E+06 1.17362 4.42973 5.01939 18.28049 5.72833
161 9.027033130E+06 1.17333 4.42984 5.01927 18.28046 5.72448
162 9.027162537E+06 1.17314 4.42986 5.01898 18.28043 5.72059
163 9.027297856E+06 1.17306 4.42979 5.01852 18.28040 5.71678
164 9.027439347E+06 1.17310 4.42960 5.01785 18.28037 5.71323
165 9.027586876E+06 1.17330 4.42929 5.01698 18.28033 5.71022
166 9.027738931E+06 1.17365 4.42884 5.01592 18.28030 5.70571
167 9.027894402E+06 1.17418 4.42827 5.01468 18.28026 5.69850
168 9.028053172E+06 1.17491 4.42756 5.01327 18.28022 5.68984
169 9.028214520E+06 1.17583 4.42670 5.01173 18.28018 5.68072
170 9.028377149E+06 1.17698 4.42572 5.01007 18.28013 5.67274
171 9.028540262E+06 1.17837 4.42459 5.00835 18.28009 5.66726
172 9.028703214E+06 1.18001 4.42334 5.00660 18.28004 5.66232
173 9.028865633E+06 1.18192 4.42194 5.00486 18.27999 5.63656
174 9.029027772E+06 1.18415 4.42042 5.00320 18.27994 5.61010
175 9.029192955E+06 1.18675 4.41871 5.00160 18.27988 5.58381
176 9.029357565E+06 1.18971 4.41688 5.00016 18.27983 5.55927
177 9.029521409E+06 1.19301 4.41491 4.99890 18.27976 5.53751
178 9.029684211E+06 1.19666 4.41282 4.99785 18.27970 5.51948
179 9.029845147E+06 1.20063 4.41063 4.99703 18.27964 5.50520
180 9.030003497E+06 1.20487 4.40837 4.99645 18.27957 5.49493
181 9.030159106E+06 1.20935 4.40604 4.99609 18.27950 5.48749
182 9.030312020E+06 1.21403 4.40366 4.99594 18.27943 5.48248
183 9.030462442E+06 1.21889 4.40124 4.99597 18.27935 5.47322
184 9.030610555E+06 1.22390 4.39878 4.99618 18.27928 5.45743
185 9.030756625E+06 1.22905 4.39630 4.99654 18.27920 5.44210
186 9.030900536E+06 1.23430 4.39379 4.99702 18.27911 5.42789
187 9.031042482E+06 1.23962 4.39128 4.99760 18.27903 5.41522
188 9.031182788E+06 1.24500 4.38875 4.99826 18.27895 5.40406
189 9.031321636E+06 1.25044 4.38621 4.99898 18.27886 5.39465
190 9.031459157E+06 1.25593 4.38366 4.99975 18.27877 5.38683
191 9.031595538E+06 1.26145 4.38110 5.00056 18.27867 5.38030
192 9.031730958E+06 1.26702 4.37853 5.00141 18.27858 5.37500
193 9.031865534E+06 1.27262 4.37595 5.00228 18.27848 5.37087
194 9.031999412E+06 1.27825 4.37336 5.00318 18.27838 5.36788
195 9.032132723E+06 1.28390 4.37076 5.00408 18.27827 5.36198
196 9.032265583E+06 1.28959 4.36814 5.00500 18.27817 5.35182
197 9.032397488E+06 1.29529 4.36553 5.00593 18.27806 5.34197
198 9.032528310E+06 1.30097 4.36291 5.00685 18.27794 5.33278
199 9.032658806E+06 1.30666 4.36030 5.00776 18.27783 5.32427
200 9.032789196E+06 1.31236 4.35767 5.00866 18.27771 5.31662
201 9.032919626E+06 1.31809 4.35503 5.00955 18.27759 5.30989
202 9.033049960E+06 1.32383 4.35238 5.01043 18.27747 5.30398
203 9.033180222E+06 1.32960 4.34972 5.01130 18.27734 5.29883
204 9.033310406E+06 1.33538 4.34704 5.01216 18.27722 5.29443
205 9.033440527E+06 1.34119 4.34435 5.01301 18.27710 5.29078
206 9.033570598E+06 1.34702 4.34164 5.01384 18.27698 5.28786
207 9.033700632E+06 1.35286 4.33892 5.01466 18.27685 5.28568
208 9.033830640E+06 1.35873 4.33619 5.01547 18.27673 5.28090
209 9.033960634E+06 1.36462 4.33345 5.01627 18.27661 5.27328
210 9.034089986E+06 1.37048 4.33071 5.01705 18.27649 5.26592
211 9.034219001E+06 1.37633 4.32798 5.01781 18.27637 5.25900
212 9.034348213E+06 1.38220 4.32523 5.01855 18.27625 5.25259
213 9.034477361E+06 1.38808 4.32247 5.01927 18.27613 5.24681
214 9.034606456E+06 1.39398 4.31969 5.01998 18.27601 5.24167
215 9.034735513E+06 1.39990 4.31690 5.02066 18.27589 5.23709
216 9.034864533E+06 1.40584 4.31410 5.02133 18.27578 5.23304
217 9.034993499E+06 1.41180 4.31128 5.02198 18.27566 5.22953
218 9.035122401E+06 1.41778 4.30845 5.02262 18.27554 5.22654
219 9.035251229E+06 1.42379 4.30561 5.02324 18.27543 5.22408
220 9.035379976E+06 1.42980 4.30275 5.02384 18.27531 5.22212
221 9.035508751E+06 1.43580 4.29990 5.02443 18.27519 5.22041
222 9.035638169E+06 1.44185 4.29702 5.02501 18.27508 5.21454
223 9.035767563E+06 1.44792 4.29412 5.02558 18.27496 5.20878
224 9.035895762E+06 1.45396 4.29124 5.02613 18.27485 5.20336
225 9.036023728E+06 1.46002 4.28834 5.02666 18.27474 5.19830
226 9.036151482E+06 1.46610 4.28543 5.02716 18.27463 5.19367
227 9.036279042E+06 1.47220 4.28250 5.02765 18.27451 5.18949
228 9.036406415E+06 1.47831 4.27956 5.02812 18.27440 5.18575
229 9.036533591E+06 1.48446 4.27660 5.02857 18.27429 5.18238
230 9.036660556E+06 1.49062 4.27363 5.02901 18.27418 5.17939
231 9.036787297E+06 1.49674 4.27068 5.02943 18.27408 5.17674
232 9.036914754E+06 1.50293 4.26769 5.02984 18.27397 5.17444
233 9.037042132E+06 1.50914 4.26468 5.03023 18.27386 5.17250
234 9.037169302E+06 1.51538 4.26165 5.03061 18.27375 5.17090
235 9.037296231E+06 1.52164 4.25861 5.03098 18.27365 5.16963
236 9.037422897E+06 1.52794 4.25555 5.03133 18.27354 5.16591
237 9.037549284E+06 1.53427 4.25247 5.03168 18.27344 5.16174
238 9.037674442E+06 1.54058 4.24940 5.03200 18.27333 5.15779
239 9.037798933E+06 1.54690 4.24632 5.03231 18.27323 5.15408
240 9.037922997E+06 1.55324 4.24322 5.03259 18.27313 5.15066
241 9.038046641E+06 1.55953 4.24014 5.03286 18.27303 5.14751
242 9.038170996E+06 1.56588 4.23703 5.03311 18.27293 5.14462
243 9.038295117E+06 1.57227 4.23389 5.03335 18.27283 5.14197
244 9.038418841E+06 1.57869 4.23074 5.03357 18.27273 5.13958
245 9.038542122E+06 1.58513 4.22757 5.03378 18.27264 5.13741
246 9.038664929E+06 1.59160 4.22438 5.03398 18.27254 5.13548
247 9.038787238E+06 1.59811 4.22118 5.03416 18.27245 5.13377
248 9.038909025E+06 1.60464 4.21795 5.03433 18.27235 5.13227
249 9.039030271E+06 1.61121 4.21471 5.03449 18.27226 5.13097
250 9.039150968E+06 1.61780 4.21145 5.03464 18.27217 5.12986
251 9.039271168E+06 1.62432 4.20822 5.03477 18.27208 5.12883
252 9.039392106E+06 1.63094 4.20494 5.03488 18.27199 5.12605
253 9.039512492E+06 1.63759 4.20164 5.03499 18.27190 5.12335
254 9.039631438E+06 1.64423 4.19834 5.03507 18.27181 5.12082
255 9.039749754E+06 1.65089 4.19503 5.03514 18.27172 5.11844
256 9.039867436E+06 1.65759 4.19170 5.03520 18.27164 5.11622
257 9.039984447E+06 1.66431 4.18835 5.03525 18.27155 5.11417
258 9.040100741E+06 1.67106 4.18498 5.03528 18.27147 5.11225
259 9.040216270E+06 1.67785 4.18159 5.03529 18.27139 5.11048
260 9.040330976E+06 1.68463 4.17820 5.03530 18.27131 5.10884
261 9.040445194E+06 1.69135 4.17484 5.03529 18.27123 5.10730
262 9.040559744E+06 1.69816 4.17143 5.03527 18.27115 5.10587
263 9.040673437E+06 1.70500 4.16800 5.03524 18.27107 5.10456
264 9.040786180E+06 1.71186 4.16456 5.03519 18.27099 5.10336
265 9.040897917E+06 1.71874 4.16110 5.03514 18.27092 5.10226
266 9.041008600E+06 1.72564 4.15764 5.03508 18.27085 5.10127
267 9.041118142E+06 1.73256 4.15416 5.03500 18.27077 5.10036
268 9.041226520E+06 1.73949 4.15067 5.03491 18.27070 5.09954
269 9.041333711E+06 1.74643 4.14718 5.03481 18.27063 5.09878
270 9.041439687E+06 1.75327 4.14373 5.03470 18.27056 5.09809
271 9.041545767E+06 1.76014 4.14026 5.03457 18.27050 5.09726
272 9.041651308E+06 1.76707 4.13676 5.03444 18.27043 5.09593
273 9.041755636E+06 1.77401 4.13326 5.03429 18.27037 5.09467
274 9.041858472E+06 1.78094 4.12976 5.03414 18.27030 5.09348
275 9.041960215E+06 1.78789 4.12624 5.03398 18.27024 5.09235
276 9.042060881E+06 1.79485 4.12272 5.03381 18.27018 5.09128
277 9.042160480E+06 1.80185 4.11918 5.03363 18.27012 5.09027
278 9.042259018E+06 1.80886 4.11562 5.03345 18.27006 5.08931
279 9.042356502E+06 1.81581 4.11210 5.03325 18.27000 5.08839
280 9.042453959E+06 1.82274 4.10858 5.03305 18.26994 5.08751
281 9.042551488E+06 1.82977 4.10501 5.03282 18.26989 5.08666
282 9.042648074E+06 1.83683 4.10142 5.03259 18.26983 5.08585
283 9.042743689E+06 1.84392 4.09781 5.03234 18.26978 5.08508
284 9.042838322E+06 1.85104 4.09419 5.03209 18.26973 5.08436
285 9.042931956E+06 1.85819 4.09055 5.03183 18.26967 5.08367
286 9.043024566E+06 1.86538 4.08689 5.03156 18.26962 5.08302
287 9.043116122E+06 1.87259 4.08321 5.03128 18.26957 5.08241
288 9.043206600E+06 1.87974 4.07957 5.03100 18.26952 5.08181
289 9.043296955E+06 1.88685 4.07594 5.03071 18.26946 5.08124
290 9.043387559E+06 1.89408 4.07225 5.03040 18.26941 5.08068
291 9.043477177E+06 1.90135 4.06854 5.03008 18.26936 5.08016
292 9.043565730E+06 1.90864 4.06481 5.02975 18.26931 5.07966
293 9.043653190E+06 1.91597 4.06106 5.02942 18.26925 5.07920
294 9.043739541E+06 1.92332 4.05730 5.02908 18.26920 5.07875
295 9.043824758E+06 1.93070 4.05352 5.02874 18.26915 5.07834
296 9.043908815E+06 1.93811 4.04973 5.02838 18.26909 5.07794
297 9.043991666E+06 1.94538 4.04601 5.02803 18.26904 5.07756
298 9.044074776E+06 1.95268 4.04227 5.02767 18.26898 5.07719
299 9.044157797E+06 1.96009 4.03847 5.02729 18.26892 5.07683
300 9.044239756E+06 1.96753 4.03465 5.02690 18.26886 5.07649
301 9.044320607E+06 1.97500 4.03082 5.02650 18.26880 5.07620
302 9.044400337E+06 1.98250 4.02697 5.02610 18.26874 5.07595
303 9.044478963E+06 1.99002 4.02310 5.02569 18.26868 5.07574
304 9.044556499E+06 1.99757 4.01922 5.02527 18.26861 5.07559
305 9.044632940E+06 2.00514 4.01534 5.02486 18.26855 5.07553
306 9.044708505E+06 2.01247 4.01156 5.02445 18.26848 5.07546
307 9.044785442E+06 2.02006 4.00766 5.02400 18.26841 5.07550
308 9.044861456E+06 2.02770 4.00373 5.02355 18.26834 5.07564
309 9.044936427E+06 2.03537 3.99977 5.02308 18.26827 5.07578
310 9.045010334E+06 2.04308 3.99580 5.02261 18.26819 5.07590
311 9.045083179E+06 2.05083 3.99181 5.02214 18.26812 5.07602
312 9.045155038E+06 2.05860 3.98780 5.02166 18.26804 5.07613
313 9.045226019E+06 2.06643 3.98376 5.02117 18.26797 5.07623
314 9.045296140E+06 2.07406 3.97984 5.02070 18.26789 5.07633
315 9.045367584E+06 2.08188 3.97580 5.02019 18.26781 5.07643
316 9.045439038E+06 2.08985 3.97168 5.01966 18.26773 5.07652
317 9.045509710E+06 2.09789 3.96753 5.01912 18.26765 5.07661
318 9.045579570E+06 2.10599 3.96333 5.01857 18.26757 5.07670
319 9.045648673E+06 2.11417 3.95911 5.01800 18.26749 5.07678
320 9.045717057E+06 2.12240 3.95485 5.01743 18.26740 5.07687
321 9.045785003E+06 2.13073 3.95054 5.01684 18.26732 5.07695
322 9.045852717E+06 2.13904 3.94623 5.01627 18.26724 5.07703
323 9.045921225E+06 2.14740 3.94191 5.01568 18.26715 5.07712
324 9.045991374E+06 2.15610 3.93740 5.01503 18.26706 5.07721
325 9.046062158E+06 2.16506 3.93275 5.01435 18.26696 5.07730
326 9.046133586E+06 2.17427 3.92796 5.01363 18.26687 5.07740
327 9.046206285E+06 2.18383 3.92299 5.01288 18.26677 5.07749
328 9.046281407E+06 2.19387 3.91777 5.01207 18.26666 5.07760
329 9.046360554E+06 2.20461 3.91218 5.01118 18.26655 5.07771
330 9.046446464E+06 2.21643 3.90601 5.01017 18.26642 5.07784
331 9.046544357E+06 2.23007 3.89889 5.00895 18.26627 5.07761
332 9.046655989E+06 2.24581 3.89065 5.00748 18.26609 5.07706
333 9.046740844E+06 2.25775 3.88437 5.00624 18.26596 5.07650
334 9.046802880E+06 2.26648 3.87976 5.00525 18.26585 5.07602
335 9.046852929E+06 2.27359 3.87599 5.00438 18.26577 5.07560
336 9.046896239E+06 2.27984 3.87266 5.00358 18.26570 5.07522
337 9.046935060E+06 2.28558 3.86961 5.00282 18.26563 5.07488
338 9.046970537E+06 2.29096 3.86673 5.00208 18.26557 5.07455
339 9.047003353E+06 2.29586 3.86414 5.00152 18.26552 5.07427
340 9.047035955E+06 2.30061 3.86164 5.00100 18.26546 5.07401
341 9.047068629E+06 2.30533 3.85912 5.00037 18.26540 5.07376
342 9.047100386E+06 2.31000 3.85662 4.99971 18.26535 5.07353
343 9.047131073E+06 2.31460 3.85415 4.99903 18.26529 5.07332
344 9.047160665E+06 2.31917 3.85169 4.99834 18.26524 5.07306
345 9.047189182E+06 2.32371 3.84924 4.99764 18.26519 5.07274
346 9.047216710E+06 2.32817 3.84685 4.99697 18.26514 5.07243
347 9.047243885E+06 2.33252 3.84456 4.99651 18.26509 5.07214
348 9.047272081E+06 2.33694 3.84222 4.99601 18.26504 5.07185
349 9.047300778E+06 2.34142 3.83983 4.99539 18.26498 5.07155
350 9.047329164E+06 2.34593 3.83740 4.99472 18.26493 5.07126
351 9.047357024E+06 2.35047 3.83496 4.99401 18.26488 5.07097
352 9.047384278E+06 2.35505 3.83248 4.99328 18.26483 5.07070
353 9.047410896E+06 2.35961 3.83003 4.99258 18.26477 5.07043
354 9.047437396E+06 2.36418 3.82758 4.99191 18.26472 5.07018
355 9.047464090E+06 2.36878 3.82515 4.99141 18.26467 5.06994
356 9.047491829E+06 2.37350 3.82265 4.99085 18.26462 5.06971
357 9.047520042E+06 2.37832 3.82008 4.99018 18.26456 5.06949
358 9.047548142E+06 2.38320 3.81745 4.98943 18.26451 5.06927
359 9.047575957E+06 2.38815 3.81478 4.98865 18.26445 5.06907
360 9.047603409E+06 2.39314 3.81209 4.98787 18.26440 5.06889
361 9.047630835E+06 2.39814 3.80940 4.98713 18.26434 5.06872
362 9.047658656E+06 2.40329 3.80663 4.98634 18.26429 5.06857
363 9.047686489E+06 2.40847 3.80388 4.98573 18.26423 5.06843
364 9.047715164E+06 2.41376 3.80107 4.98507 18.26417 5.06827
365 9.047744335E+06 2.41915 3.79819 4.98428 18.26411 5.06807
366 9.047773603E+06 2.42464 3.79523 4.98343 18.26405 5.06788
367 9.047802832E+06 2.43026 3.79219 4.98252 18.26399 5.06768
368 9.047831938E+06 2.43591 3.78915 4.98167 18.26393 5.06749
369 9.047861609E+06 2.44174 3.78601 4.98077 18.26387 5.06729
370 9.047891427E+06 2.44769 3.78279 4.97980 18.26381 5.06710
371 9.047921111E+06 2.45374 3.77955 4.97890 18.26375 5.06691
372 9.047950918E+06 2.45987 3.77629 4.97813 18.26368 5.06672
373 9.047981314E+06 2.46611 3.77294 4.97720 18.26362 5.06654
374 9.048011683E+06 2.47241 3.76953 4.97618 18.26355 5.06636
375 9.048041831E+06 2.47871 3.76612 4.97515 18.26349 5.06618
376 9.048072050E+06 2.48503 3.76271 4.97413 18.26342 5.06602
377 9.048102594E+06 2.49142 3.75924 4.97304 18.26336 5.06585
378 9.048133022E+06 2.49781 3.75576 4.97188 18.26329 5.06570
379 9.048163046E+06 2.50411 3.75230 4.97068 18.26322 5.06556
380 9.048192533E+06 2.51036 3.74892 4.96964 18.26316 5.06542
381 9.048221900E+06 2.51657 3.74556 4.96861 18.26310 5.06530
382 9.048251234E+06 2.52279 3.74216 4.96746 18.26303 5.06518
383 9.048280641E+06 2.52909 3.73871 4.96627 18.26297 5.06507
384 9.048310437E+06 2.53546 3.73523 4.96508 18.26290 5.06497
385 9.048340935E+06 2.54196 3.73166 4.96378 18.26283 5.06487
386 9.048371814E+06 2.54854 3.72802 4.96239 18.26277 5.06476
387 9.048403052E+06 2.55523 3.72431 4.96092 18.26270 5.06465
388 9.048434620E+06 2.56195 3.72056 4.95938 18.26263 5.06454
389 9.048466441E+06 2.56855 3.71686 4.95778 18.26256 5.06443
390 9.048498517E+06 2.57532 3.71307 4.95617 18.26249 5.06433
391 9.048531779E+06 2.58264 3.70902 4.95459 18.26242 5.06423
392 9.048567793E+06 2.59070 3.70453 4.95276 18.26234 5.06414
393 9.048606882E+06 2.59912 3.69980 4.95067 18.26225 5.06405
394 9.048648229E+06 2.60798 3.69479 4.94837 18.26216 5.06398
395 9.048691126E+06 2.61805 3.68913 4.94586 18.26207 5.06404
396 9.048737360E+06 2.62881 3.68304 4.94304 18.26198 5.06411
397 9.048781183E+06 2.63810 3.67770 4.94023 18.26189 5.06418
398 9.048820047E+06 2.64669 3.67274 4.93757 18.26180 5.06424
399 9.048855727E+06 2.65398 3.66850 4.93521 18.26173 5.06430
400 9.048889122E+06 2.65999 3.66493 4.93293 18.26166 5.06435
401 9.048921882E+06 2.66665 3.66100 4.93054 18.26160 5.06440
402 9.048954240E+06 2.67369 3.65686 4.92808 18.26154 5.06445
403 9.048985700E+06 2.68008 3.65305 4.92559 18.26147 5.06450
404 9.049017049E+06 2.68579 3.64955 4.92301 18.26141 5.06455
405 9.049048445E+06 2.69148 3.64602 4.92031 18.26135 5.06459
406 9.049079381E+06 2.69691 3.64262 4.91754 18.26130 5.06463
407 9.049109913E+06 2.70123 3.63977 4.91479 18.26124 5.06467
408 9.049140959E+06 2.70463 3.63737 4.91196 18.26118 5.06471
409 9.049172977E+06 2.70823 3.63482 4.90898 18.26113 5.06476
410 9.049205329E+06 2.71220 3.63205 4.90585 18.26107 5.06481
411 9.049237678E+06 2.71615 3.62927 4.90261 18.26101 5.06485
412 9.049270398E+06 2.71987 3.62659 4.89932 18.26095 5.06490
413 9.049303697E+06 2.72351 3.62394 4.89602 18.26090 5.06495
414 9.049337478E+06 2.72704 3.62131 4.89256 18.26084 5.06500
415 9.049371727E+06 2.73040 3.61872 4.88892 18.26079 5.06505
416 9.049406297E+06 2.73340 3.61629 4.88522 18.26073 5.06510
417 9.049441420E+06 2.73598 3.61405 4.88140 18.26068 5.06516
418 9.049476857E+06 2.73807 3.61204 4.87755 18.26062 5.06521
419 9.049512613E+06 2.73972 3.61026 4.87375 18.26057 5.06526
420 9.049548694E+06 2.74104 3.60867 4.87002 18.26051 5.06531
421 9.049585049E+06 2.74218 3.60721 4.86645 18.26046 5.06536
422 9.049621709E+06 2.74336 3.60585 4.86335 18.26040 5.06541
423 9.049659046E+06 2.74541 3.60462 4.86254 18.26035 5.06546
424 9.049698856E+06 2.74771 3.60344 4.86243 18.26029 5.06551
425 9.049740448E+06 2.74973 3.60231 4.86196 18.26023 5.06557
426 9.049782853E+06 2.75140 3.60125 4.86103 18.26017 5.06563
427 9.049825700E+06 2.75283 3.60023 4.85981 18.26011 5.06569
428 9.049868738E+06 2.75423 3.59924 4.85865 18.26005 5.06575
429 9.049911894E+06 2.75572 3.59826 4.85771 18.25999 5.06580
430 9.049955138E+06 2.75708 3.59730 4.85660 18.25992 5.06586
431 9.049998258E+06 2.75834 3.59636 4.85536 18.25986 5.06592
432 9.050041123E+06 2.75982 3.59540 4.85448 18.25980 5.06598
433 9.050083857E+06 2.76140 3.59444 4.85379 18.25975 5.06604
434 9.050126428E+06 2.76293 3.59349 4.85305 18.25969 5.06609
435 9.050168704E+06 2.76449 3.59255 4.85243 18.25963 5.06615
436 9.050210692E+06 2.76641 3.59159 4.85241 18.25957 5.06621
437 9.050252600E+06 2.76829 3.59065 4.85242 18.25951 5.06626
438 9.050294265E+06 2.77014 3.58974 4.85246 18.25946 5.06632
439 9.050335628E+06 2.77238 3.58880 4.85320 18.25940 5.06637
440 9.050377037E+06 2.77465 3.58788 4.85406 18.25934 5.06643
441 9.050418293E+06 2.77691 3.58697 4.85496 18.25929 5.06649
442 9.050459326E+06 2.77953 3.58605 4.85651 18.25923 5.06654
443 9.050500512E+06 2.78224 3.58513 4.85826 18.25917 5.06660
444 9.050541672E+06 2.78493 3.58424 4.86006 18.25912 5.06666
445 9.050582713E+06 2.78803 3.58331 4.86256 18.25906 5.06671
446 9.050624060E+06 2.79118 3.58240 4.86520 18.25900 5.06677
447 9.050665486E+06 2.79435 3.58150 4.86795 18.25894 5.06683
448 9.050706973E+06 2.79792 3.58058 4.87139 18.25889 5.06689
449 9.050749007E+06 2.80150 3.57967 4.87491 18.25883 5.06695
450 9.050791258E+06 2.80519 3.57876 4.87869 18.25876 5.06700
451 9.050833897E+06 2.80917 3.57785 4.88297 18.25870 5.06707
452 9.050877107E+06 2.81312 3.57695 4.88729 18.25864 5.06713
453 9.050920694E+06 2.81729 3.57605 4.89204 18.25857 5.06719
454 9.050964878E+06 2.82158 3.57516 4.89703 18.25851 5.06725
455 9.051009688E+06 2.82580 3.57429 4.90201 18.25844 5.06731
456 9.051055077E+06 2.83033 3.57341 4.90754 18.25837 5.06738
457 9.051101181E+06 2.83480 3.57255 4.91305 18.25830 5.06745
458 9.051148147E+06 2.83924 3.57172 4.91858 18.25822 5.06751
459 9.051196059E+06 2.84390 3.57087 4.92454 18.25814 5.06758
460 9.051244779E+06 2.84842 3.57006 4.93034 18.25806 5.06765
461 9.051294806E+06 2.85296 3.56927 4.93623 18.25798 5.06772
462 9.051346040E+06 2.85758 3.56848 4.94231 18.25789 5.06780
463 9.051398524E+06 2.86203 3.56772 4.94821 18.25780 5.06787
464 9.051453005E+06 2.86653 3.56698 4.95422 18.25771 5.06795
465 9.051509261E+06 2.87102 3.56624 4.96025 18.25761 5.06803
466 9.051567758E+06 2.87534 3.56554 4.96609 18.25750 5.06811
467 9.051629255E+06 2.87972 3.56484 4.97205 18.25739 5.06820
468 9.051693641E+06 2.88401 3.56417 4.97793 18.25727 5.06830
469 9.051761930E+06 2.88816 3.56351 4.98363 18.25714 5.06839
470 9.051834897E+06 2.89236 3.56286 4.98942 18.25700 5.06850
471 9.051912853E+06 2.89643 3.56224 4.99506 18.25684 5.06861
472 9.051997476E+06 2.90037 3.56164 5.00052 18.25667 5.06874
473 9.052090029E+06 2.90434 3.56104 5.00607 18.25649 5.06887
474 9.052191817E+06 2.90812 3.56047 5.01135 18.25628 5.06902
475 9.052306058E+06 2.91180 3.55992 5.01651 18.25604 5.06919
476 9.052435664E+06 2.91538 3.55939 5.02155 18.25576 5.06938
477 9.052585507E+06 2.91874 3.55889 5.02630 18.25544 5.06961
478 9.052762905E+06 2.92197 3.55842 5.03088 18.25505 5.06988
479 9.052975781E+06 2.92488 3.55800 5.03501 18.25458 5.07021
480 9.053231233E+06 2.92742 3.55764 5.03863 18.25400 5.07062
481 9.053537776E+06 2.92952 3.55734 5.04163 18.25331 5.07112
482 9.053905627E+06 2.93116 3.55711 5.04399 18.25247 5.07177
483 9.054347048E+06 2.93246 3.55693 5.04588 18.25146 5.07264
484 9.054876753E+06 2.93349 3.55679 5.04737 18.25024 5.07378
485 9.055512400E+06 2.93435 3.55667 5.04863 18.24877 5.07525
486 9.056275175E+06 2.93515 3.55656 5.04979 18.24700 5.07716
487 9.057190506E+06 2.93585 3.55647 5.05081 18.24487 5.07963
488 9.058288903E+06 2.93645 3.55639 5.05169 18.24231 5.08282
489 9.059606979E+06 2.93695 3.55632 5.05243 18.23922 5.08690
490 9.061188671E+06 2.93731 3.55628 5.05297 18.23551 5.09209
491 9.063086701E+06 2.93757 3.55625 5.05337 18.23106 5.09922
492 9.065364337E+06 2.93771 3.55624 5.05360 18.22571 5.10834
493 9.068097500E+06 2.93781 3.55623 5.05376 18.21928 5.11963
494 9.071377296E+06 2.93788 3.55622 5.05388 18.21157 5.13342
495 9.075313050E+06 2.93795 3.55621 5.05400 18.20231 5.15003
496 9.080035956E+06 2.93805 3.55620 5.05413 18.19120 5.16981
497 9.085703443E+06 2.93817 3.55618 5.05429 18.17786 5.19317
498 9.092504428E+06 2.93836 3.55614 5.05452 18.16183 5.22052
499 9.100665609E+06 2.93860 3.55609 5.05482 18.14259 5.25238
500 9.109542428E+06 2.93886 3.55604 5.05512 18.12164 5.28595
501 9.118847871E+06 2.93909 3.55598 5.05536 18.09967 5.32005
502 9.128510074E+06 2.93927 3.55594 5.05553 18.07685 5.35435
503 9.138534710E+06 2.93942 3.55589 5.05564 18.05317 5.38887
504 9.148920291E+06 2.93953 3.55585 5.05569 18.02863 5.42358
505 9.159636159E+06 2.93959 3.55581 5.05565 18.00333 5.45835
506 9.170620196E+06 2.93956 3.55578 5.05550 17.97741 5.49296
507 9.181812594E+06 2.93945 3.55577 5.05521 17.95102 5.52723
508 9.193164505E+06 2.93922 3.55577 5.05476 17.92431 5.56098
509 9.204698758E+06 2.93890 3.55578 5.05418 17.89722 5.59430
510 9.216503964E+06 2.93851 3.55581 5.05349 17.86956 5.62741
511 9.228585051E+06 2.93803 3.55585 5.05268 17.84134 5.66031
512 9.240858513E+06 2.93744 3.55590 5.05172 17.81275 5.69274
513 9.253196917E+06 2.93674 3.55597 5.05060 17.78412 5.72437
514 9.265547100E+06 2.93593 3.55606 5.04933 17.75559 5.75507
515 9.277950750E+06 2.93502 3.55616 5.04793 17.72706 5.78498
516 9.290454279E+06 2.93405 3.55627 5.04643 17.69844 5.81420
517 9.303157800E+06 2.93300 3.55640 5.04485 17.66951 5.84298
518 9.316033948E+06 2.93188 3.55654 5.04316 17.64034 5.87125
519 9.328914802E+06 2.93068 3.55669 5.04137 17.61133 5.89867
520 9.341714681E+06 2.92940 3.55686 5.03948 17.58267 5.92509
521 9.354396896E+06 2.92809 3.55703 5.03757 17.55445 5.95051
522 9.367068610E+06 2.92677 3.55721 5.03563 17.52641 5.97507
523 9.379880171E+06 2.92543 3.55740 5.03369 17.49824 5.99862
524 9.392848373E+06 2.92409 3.55758 5.03175 17.46989 6.02156
525 9.406009271E+06 2.92272 3.55777 5.02979 17.44129 6.04395
526 9.419232193E+06 2.92135 3.55797 5.02782 17.41273 6.06558
526 9.416587609E+06 2.92162 3.55793 5.02821 17.41842 6.06139
527 9.427165947E+06 2.92051 3.55809 5.02664 17.39565 6.07828
528 9.437744285E+06 2.91941 3.55825 5.02508 17.37299 6.09464
529 9.448322623E+06 2.91834 3.55841 5.02356 17.35043 6.11049
530 9.458900961E+06 2.91731 3.55857 5.02212 17.32797 6.12586
531 9.471594966E+06 2.91616 3.55874 5.02051 17.30114 6.14366
532 9.485278863E+06 2.91498 3.55891 5.01886 17.27237 6.16212
533 9.499177122E+06 2.91386 3.55908 5.01729 17.24328 6.18020
534 9.513236492E+06 2.91279 3.55925 5.01581 17.21398 6.19785
535 9.527279456E+06 2.91177 3.55940 5.01440 17.18484 6.21492
536 9.541326601E+06 2.91084 3.55955 5.01311 17.15580 6.23152
537 9.555543984E+06 2.91001 3.55967 5.01196 17.12651 6.24793
538 9.570067099E+06 2.90929 3.55978 5.01095 17.09667 6.26372
539 9.584989092E+06 2.90867 3.55987 5.01009 17.06609 6.27864
540 9.600340480E+06 2.90816 3.55995 5.00935 17.03471 6.29323
541 9.616133960E+06 2.90773 3.56000 5.00872 17.00248 6.30750
542 9.632095055E+06 2.90740 3.56004 5.00821 16.96996 6.32123
543 9.648031781E+06 2.90719 3.56006 5.00785 16.93753 6.33436
544 9.663913234E+06 2.90712 3.56005 5.00766 16.90523 6.34698
545 9.679768020E+06 2.90719 3.56001 5.00765 16.87299 6.35931
546 9.695700337E+06 2.90740 3.55994 5.00781 16.84059 6.37158
547 9.711301262E+06 2.90774 3.55985 5.00813 16.80884 6.38354
548 9.726430101E+06 2.90818 3.55974 5.00858 16.77802 6.39339
549 9.741056317E+06 2.90871 3.55962 5.00913 16.74819 6.40240
550 9.755420596E+06 2.90934 3.55947 5.00980 16.71884 6.41083
551 9.769208665E+06 2.91004 3.55931 5.01057 16.69062 6.41864
552 9.782345531E+06 2.91081 3.55914 5.01142 16.66367 6.42592
553 9.794810939E+06 2.91163 3.55896 5.01234 16.63805 6.43281
554 9.806636959E+06 2.91250 3.55877 5.01333 16.61367 6.43947
555 9.817871227E+06 2.91342 3.55858 5.01439 16.59045 6.44606
556 9.828548117E+06 2.91437 3.55838 5.01550 16.56832 6.45213
557 9.838717430E+06 2.91537 3.55817 5.01666 16.54718 6.45693
558 9.848478501E+06 2.91639 3.55796 5.01786 16.52682 6.46137
559 9.857940140E+06 2.91745 3.55774 5.01912 16.50702 6.46554
560 9.867018585E+06 2.91855 3.55752 5.02043 16.48796 6.46947
561 9.875729454E+06 2.91967 3.55730 5.02177 16.46961 6.47324
562 9.884087024E+06 2.92081 3.55707 5.02315 16.45193 6.47689
563 9.892102629E+06 2.92197 3.55685 5.02457 16.43491 6.48050
564 9.899778413E+06 2.92316 3.55662 5.02603 16.41855 6.48412
565 9.907114631E+06 2.92437 3.55638 5.02752 16.40285 6.48782
566 9.914126622E+06 2.92561 3.55615 5.02905 16.38778 6.49166
567 9.920817599E+06 2.92686 3.55591 5.03061 16.37333 6.49467
568 9.927198871E+06 2.92814 3.55567 5.03221 16.35950 6.49729
569 9.933347256E+06 2.92945 3.55543 5.03386 16.34610 6.49975
570 9.939227603E+06 2.93079 3.55518 5.03556 16.33323 6.50206
571 9.944829081E+06 2.93216 3.55493 5.03730 16.32091 6.50423
572 9.950154280E+06 2.93356 3.55468 5.03908 16.30914 6.50628
573 9.955204136E+06 2.93500 3.55442 5.04093 16.29792 6.50825
574 9.959977738E+06 2.93648 3.55416 5.04283 16.28725 6.51017
575 9.964482139E+06 2.93800 3.55389 5.04480 16.27713 6.51209
576 9.968720507E+06 2.93956 3.55362 5.04683 16.26755 6.51403
577 9.972695141E+06 2.94117 3.55334 5.04892 16.25852 6.51604
578 9.976406880E+06 2.94281 3.55305 5.05107 16.25002 6.51814
579 9.979866097E+06 2.94448 3.55277 5.05327 16.24206 6.51993
580 9.983080662E+06 2.94619 3.55247 5.05552 16.23460 6.52125
581 9.986080255E+06 2.94794 3.55218 5.05784 16.22760 6.52243
582 9.988869260E+06 2.94975 3.55187 5.06023 16.22104 6.52351
583 9.991441117E+06 2.95159 3.55156 5.06268 16.21495 6.52451
584 9.993801054E+06 2.95348 3.55125 5.06520 16.20932 6.52543
585 9.995960777E+06 2.95542 3.55093 5.06779 16.20413 6.52630
586 9.997928507E+06 2.95740 3.55060 5.07044 16.19936 6.52714
587 9.999710659E+06 2.95942 3.55027 5.07314 16.19500 6.52797
588 1.000131777E+07 2.96147 3.54993 5.07590 16.19104 6.52882
589 1.000276498E+07 2.96357 3.54958 5.07871 16.18744 6.52971
590 1.000405609E+07 2.96569 3.54923 5.08157 16.18420 6.53066
591 1.000519978E+07 2.96786 3.54888 5.08448 16.18131 6.53128
592 1.000620899E+07 2.97005 3.54852 5.08742 16.17873 6.53159
593 1.000709602E+07 2.97227 3.54816 5.09042 16.17644 6.53179
594 1.000787092E+07 2.97453 3.54779 5.09345 16.17443 6.53193
595 1.000854480E+07 2.97678 3.54742 5.09647 16.17266 6.53202
596 1.000912592E+07 2.97903 3.54705 5.09948 16.17112 6.53208
597 1.000962366E+07 2.98126 3.54668 5.10246 16.16978 6.53215
598 1.001004652E+07 2.98346 3.54631 5.10540 16.16864 6.53226
599 1.001040372E+07 2.98562 3.54595 5.10827 16.16767 6.53244
600 1.001070367E+07 2.98774 3.54559 5.11107 16.16684 6.53263
601 1.001095339E+07 2.98982 3.54523 5.11382 16.16615 6.53240
602 1.001115884E+07 2.99172 3.54491 5.11631 16.16557 6.53213
603 1.001132833E+07 2.99348 3.54460 5.11859 16.16509 6.53185
604 1.001146630E+07 2.99507 3.54431 5.12064 16.16470 6.53164
605 1.001159310E+07 2.99670 3.54403 5.12274 16.16434 6.53149
606 1.001171633E+07 2.99847 3.54371 5.12505 16.16399 6.53143
607 1.001183687E+07 3.00042 3.54338 5.12758 16.16364 6.53146
608 1.001195478E+07 3.00251 3.54301 5.13031 16.16329 6.53148
609 1.001207022E+07 3.00472 3.54263 5.13320 16.16295 6.53127
610 1.001218433E+07 3.00702 3.54224 5.13622 16.16261 6.53108
611 1.001229830E+07 3.00940 3.54183 5.13934 16.16227 6.53092
612 1.001241152E+07 3.01180 3.54142 5.14251 16.16192 6.53081
613 1.001252427E+07 3.01422 3.54100 5.14570 16.16158 6.53076
614 1.001263691E+07 3.01663 3.54059 5.14888 16.16123 6.53076
615 1.001274965E+07 3.01903 3.54019 5.15204 16.16087 6.53082
616 1.001286262E+07 3.02140 3.53978 5.15517 16.16051 6.53095
617 1.001297600E+07 3.02374 3.53939 5.15827 16.16015 6.53085
618 1.001308985E+07 3.02605 3.53900 5.16134 16.15978 6.53076
619 1.001320577E+07 3.02834 3.53862 5.16440 16.15940 6.53069
620 1.001332264E+07 3.03060 3.53825 5.16742 16.15901 6.53066
621 1.001344046E+07 3.03282 3.53788 5.17040 16.15862 6.53066
622 1.001355930E+07 3.03500 3.53753 5.17334 16.15821 6.53069
623 1.001367920E+07 3.03715 3.53718 5.17625 16.15780 6.53077
624 1.001380018E+07 3.03926 3.53684 5.17912 16.15739 6.53088
625 1.001392239E+07 3.04134 3.53651 5.18195 16.15696 6.53100
626 1.001404594E+07 3.04337 3.53619 5.18474 16.15652 6.53099
627 1.001417121E+07 3.04536 3.53588 5.18748 16.15608 6.53100
628 1.001429917E+07 3.04733 3.53558 5.19020 16.15562 6.53104
629 1.001442900E+07 3.04925 3.53528 5.19286 16.15514 6.53109
630 1.001456079E+07 3.05112 3.53500 5.19547 16.15466 6.53117
631 1.001469458E+07 3.05295 3.53472 5.19803 16.15417 6.53128
632 1.001483046E+07 3.05472 3.53446 5.20052 16.15366 6.53142
633 1.001496850E+07 3.05644 3.53420 5.20294 16.15314 6.53159
634 1.001510873E+07 3.05810 3.53396 5.20528 16.15260 6.53179
635 1.001525114E+07 3.05969 3.53373 5.20754 16.15205 6.53190
636 1.001539576E+07 3.06122 3.53351 5.20971 16.15149 6.53202
637 1.001554351E+07 3.06269 3.53330 5.21181 16.15092 6.53216
638 1.001569351E+07 3.06410 3.53310 5.21382 16.15032 6.53232
639 1.001584569E+07 3.06544 3.53291 5.21575 16.14972 6.53249
640 1.001600003E+07 3.06672 3.53273 5.21760 16.14910 6.53269
641 1.001615662E+07 3.06794 3.53256 5.21935 16.14847 6.53291
642 1.001631548E+07 3.06909 3.53240 5.22102 16.14783 6.53315
643 1.001647668E+07 3.07017 3.53225 5.22259 16.14717 6.53342
644 1.001664026E+07 3.07118 3.53211 5.22405 16.14650 6.53369
645 1.001680619E+07 3.07210 3.53199 5.22541 16.14581 6.53393
646 1.001697526E+07 3.07294 3.53188 5.22664 16.14511 6.53418
647 1.001714826E+07 3.07369 3.53178 5.22775 16.14439 6.53445
648 1.001732464E+07 3.07433 3.53170 5.22869 16.14365 6.53475
649 1.001750441E+07 3.07484 3.53163 5.22945 16.14289 6.53506
650 1.001768793E+07 3.07520 3.53159 5.22999 16.14212 6.53541
651 1.001787493E+07 3.07539 3.53157 5.23029 16.14133 6.53578
652 1.001806470E+07 3.07540 3.53157 5.23034 16.14053 6.53619
653 1.001825609E+07 3.07523 3.53160 5.23012 16.13973 6.53662
654 1.001844747E+07 3.07489 3.53166 5.22965 16.13892 6.53700
655 1.001863809E+07 3.07437 3.53174 5.22893 16.13812 6.53737
656 1.001882792E+07 3.07371 3.53183 5.22799 16.13733 6.53775
657 1.001901512E+07 3.07293 3.53195 5.22689 16.13655 6.53813
658 1.001919939E+07 3.07206 3.53207 5.22564 16.13579 6.53851
659 1.001938079E+07 3.07112 3.53221 5.22430 16.13504 6.53892
660 1.001955939E+07 3.07013 3.53235 5.22290 16.13431 6.53935
661 1.001973536E+07 3.06912 3.53249 5.22146 16.13360 6.53964
662 1.001990911E+07 3.06811 3.53264 5.22001 16.13289 6.53990
663 1.002008236E+07 3.06710 3.53278 5.21857 16.13220 6.54016
664 1.002025371E+07 3.06612 3.53292 5.21717 16.13151 6.54044
665 1.002042324E+07 3.06519 3.53306 5.21584 16.13084 6.54077
666 1.002059104E+07 3.06431 3.53319 5.21460 16.13017 6.54104
667 1.002075701E+07 3.06350 3.53330 5.21346 16.12952 6.54117
668 1.002092225E+07 3.06276 3.53341 5.21241 16.12887 6.54130
669 1.002108716E+07 3.06209 3.53351 5.21148 16.12823 6.54147
670 1.002125021E+07 3.06151 3.53360 5.21067 16.12759 6.54176
671 1.002141062E+07 3.06101 3.53368 5.20998 16.12697 6.54182
672 1.002156739E+07 3.06061 3.53374 5.20943 16.12636 6.54183
673 1.002172303E+07 3.06028 3.53380 5.20900 16.12576 6.54190
674 1.002187603E+07 3.06004 3.53384 5.20870 16.12516 6.54209
675 1.002202540E+07 3.05988 3.53388 5.20851 16.12459 6.54215
676 1.002217088E+07 3.05980 3.53390 5.20843 16.12402 6.54208
677 1.002231416E+07 3.05979 3.53391 5.20846 16.12347 6.54209
678 1.002245508E+07 3.05987 3.53391 5.20862 16.12292 6.54223
679 1.002259208E+07 3.05999 3.53391 5.20885 16.12239 6.54225
680 1.002272462E+07 3.06016 3.53390 5.20915 16.12188 6.54214
681 1.002285438E+07 3.06038 3.53388 5.20952 16.12138 6.54213
682 1.002298112E+07 3.06065 3.53385 5.20995 16.12088 6.54227
683 1.002310353E+07 3.06095 3.53383 5.21044 16.12041 6.54222
684 1.002322142E+07 3.06128 3.53379 5.21097 16.11994 6.54211
685 1.002333652E+07 3.06167 3.53375 5.21158 16.11949 6.54210
686 1.002344826E+07 3.06207 3.53371 5.21222 16.11905 6.54224
687 1.002355584E+07 3.06248 3.53367 5.21288 16.11863 6.54216
688 1.002365922E+07 3.06290 3.53362 5.21354 16.11822 6.54205
689 1.002375987E+07 3.06333 3.53358 5.21421 16.11782 6.54206
690 1.002385709E+07 3.06377 3.53353 5.21490 16.11744 6.54219
691 1.002395043E+07 3.06421 3.53348 5.21559 16.11707 6.54212
692 1.002404000E+07 3.06465 3.53344 5.21628 16.11671 6.54202
693 1.002412693E+07 3.06510 3.53339 5.21699 16.11636 6.54202
694 1.002421074E+07 3.06557 3.53334 5.21773 16.11602 6.54213
695 1.002429123E+07 3.06602 3.53329 5.21844 16.11570 6.54212
696 1.002436843E+07 3.06646 3.53324 5.21913 16.11539 6.54203
697 1.002444309E+07 3.06689 3.53319 5.21980 16.11508 6.54201
698 1.002451509E+07 3.06731 3.53315 5.22046 16.11479 6.54209
699 1.002458410E+07 3.06772 3.53311 5.22111 16.11451 6.54219
700 1.002465015E+07 3.06812 3.53306 5.22174 16.11424 6.54209
701 1.002471341E+07 3.06851 3.53302 5.22235 16.11398 6.54205
702 1.002477436E+07 3.06889 3.53298 5.22295 16.11373 6.54209
703 1.002483250E+07 3.06925 3.53295 5.22353 16.11349 6.54222
704 1.002488785E+07 3.06960 3.53291 5.22408 16.11326 6.54222
705 1.002494051E+07 3.06994 3.53288 5.22463 16.11304 6.54215
706 1.002499089E+07 3.07029 3.53284 5.22518 16.11283 6.54214
707 1.002503895E+07 3.07061 3.53281 5.22570 16.11263 6.54220
708 1.002508456E+07 3.07091 3.53278 5.22618 16.11244 6.54234
709 1.002512781E+07 3.07120 3.53275 5.22664 16.11226 6.54235
710 1.002516878E+07 3.07146 3.53273 5.22708 16.11209 6.54229
711 1.002520780E+07 3.07172 3.53270 5.22749 16.11193 6.54229
712 1.002524487E+07 3.07196 3.53268 5.22788 16.11177 6.54234
713 1.002527995E+07 3.07218 3.53266 5.22826 16.11162 6.54246
714 1.002531310E+07 3.07240 3.53264 5.22861 16.11148 6.54257
715 1.002534444E+07 3.07260 3.53263 5.22894 16.11135 6.54251
716 1.002537409E+07 3.07278 3.53261 5.22926 16.11123 6.54249
717 1.002540228E+07 3.07296 3.53260 5.22955 16.11111 6.54251
718 1.002542889E+07 3.07313 3.53258 5.22984 16.11099 6.54258
719 1.002545402E+07 3.07328 3.53257 5.23010 16.11089 6.54270
720 1.002547776E+07 3.07343 3.53256 5.23036 16.11079 6.54281
721 1.002550017E+07 3.07360 3.53255 5.23064 16.11069 6.54276
722 1.002552138E+07 3.07375 3.53254 5.23089 16.11060 6.54275
723 1.002554151E+07 3.07389 3.53253 5.23113 16.11052 6.54277
724 1.002556049E+07 3.07401 3.53252 5.23134 16.11043 6.54283
725 1.002557838E+07 3.07413 3.53251 5.23154 16.11036 6.54292
726 1.002559523E+07 3.07423 3.53250 5.23173 16.11029 6.54306
727 1.002561107E+07 3.07433 3.53250 5.23190 16.11022 6.54309
728 1.002562597E+07 3.07442 3.53249 5.23206 16.11015 6.54306
729 1.002564004E+07 3.07450 3.53249 5.23220 16.11009 6.54306
730 1.002565330E+07 3.07458 3.53249 5.23234 16.11004 6.54309
731 1.002566578E+07 3.07465 3.53248 5.23246 16.10998 6.54315
732 1.002567754E+07 3.07471 3.53248 5.23258 16.10993 6.54325
733 1.002568863E+07 3.07477 3.53247 5.23268 16.10989 6.54337
734 1.002569911E+07 3.07482 3.53247 5.23278 16.10984 6.54344
735 1.002570903E+07 3.07487 3.53247 5.23287 16.10980 6.54342
736 1.002571849E+07 3.07495 3.53246 5.23298 16.10976 6.54341
737 1.002572754E+07 3.07502 3.53246 5.23311 16.10972 6.54343
738 1.002573625E+07 3.07510 3.53245 5.23322 16.10968 6.54347
739 1.002574471E+07 3.07517 3.53244 5.23333 16.10964 6.54354
740 1.002575303E+07 3.07524 3.53243 5.23344 16.10961 6.54363
741 1.002576130E+07 3.07530 3.53242 5.23354 16.10957 6.54375
742 1.002576960E+07 3.07537 3.53241 5.23364 16.10954 6.54383
743 1.002577800E+07 3.07544 3.53240 5.23374 16.10950 6.54381
744 1.002578639E+07 3.07551 3.53239 5.23383 16.10946 6.54380
745 1.002579436E+07 3.07558 3.53238 5.23392 16.10943 6.54381
746 1.002580136E+07 3.07563 3.53237 5.23399 16.10940 6.54384
747 1.002580706E+07 3.07567 3.53236 5.23403 16.10938 6.54391
748 1.002581181E+07 3.07571 3.53235 5.23406 16.10936 6.54400
749 1.002581583E+07 3.07573 3.53234 5.23407 16.10934 6.54412
750 1.002581932E+07 3.07574 3.53233 5.23407 16.10932 6.54423
751 1.002582241E+07 3.07576 3.53232 5.23406 16.10931 6.54421
752 1.002582521E+07 3.07579 3.53231 5.23407 16.10930 6.54420
753 1.002582778E+07 3.07582 3.53230 5.23408 16.10929 6.54421
754 1.002583016E+07 3.07585 3.53229 5.23409 16.10928 6.54424
755 1.002583240E+07 3.07588 3.53227 5.23410 16.10927 6.54429
756 1.002583453E+07 3.07591 3.53226 5.23410 16.10926 6.54435
757 1.002583654E+07 3.07594 3.53224 5.23409 16.10925 6.54444
758 1.002583847E+07 3.07597 3.53222 5.23407 16.10924 6.54455
759 1.002584030E+07 3.07599 3.53221 5.23405 16.10923 6.54467
760 1.002584204E+07 3.07601 3.53219 5.23402 16.10922 6.54465
761 1.002584368E+07 3.07603 3.53217 5.23398 16.10922 6.54464
762 1.002584523E+07 3.07605 3.53215 5.23394 16.10921 6.54464
763 1.002584669E+07 3.07606 3.53213 5.23388 16.10920 6.54467
764 1.002584806E+07 3.07608 3.53211 5.23382 16.10920 6.54471
765 1.002584934E+07 3.07609 3.53209 5.23376 16.10919 6.54477
766 1.002585055E+07 3.07610 3.53206 5.23368 16.10919 6.54485
767 1.002585167E+07 3.07611 3.53204 5.23361 16.10918 6.54496
768 1.002585272E+07 3.07614 3.53201 5.23355 16.10918 6.54509
769 1.002585370E+07 3.07616 3.53198 5.23348 16.10917 6.54510
770 1.002585462E+07 3.07619 3.53195 5.23342 16.10917 6.54508
771 1.002585548E+07 3.07623 3.53192 5.23335 16.10917 6.54508
772 1.002585628E+07 3.07626 3.53188 5.23328 16.10916 6.54510
773 1.002585703E+07 3.07629 3.53185 5.23321 16.10916 6.54513
774 1.002585772E+07 3.07632 3.53181 5.23312 16.10916 6.54519
775 1.002585837E+07 3.07635 3.53177 5.23303 16.10915 6.54526
776 1.002585897E+07 3.07638 3.53173 5.23294 16.10915 6.54535
777 1.002585954E+07 3.07641 3.53169 5.23283 16.10915 6.54547
778 1.002586006E+07 3.07644 3.53165 5.23272 16.10915 6.54556
779 1.002586054E+07 3.07647 3.53161 5.23260 16.10915 6.54553
