1 3.749068000E+04 0.76994 4.53872 4.64801 19.99876 0.00003
2 6.970856464E+04 0.77060 4.53862 4.64890 19.99769 0.00003
3 1.083700262E+05 0.77155 4.53842 4.65001 19.99640 0.00003
4 1.547637801E+05 0.77271 4.53818 4.65137 19.99485 0.00003
5 2.104362848E+05 0.77410 4.53789 4.65301 19.99296 0.00003
6 2.772432904E+05 0.77575 4.53756 4.65500 19.99069 0.00003
7 3.574116971E+05 0.77772 4.53718 4.65740 19.98793 0.00003
8 4.536137852E+05 0.78004 4.53674 4.66031 19.98458 0.00003
9 5.690562908E+05 0.78281 4.53624 4.66384 19.98049 0.00003
10 7.075872976E+05 0.78610 4.53567 4.66813 19.97550 0.00003
11 8.590738514E+05 0.78970 4.53506 4.67289 19.96992 0.00002
12 1.011856764E+06 0.79332 4.53446 4.67775 19.96417 0.00002
13 1.164735236E+06 0.79698 4.53387 4.68267 19.95829 0.00002
14 1.317128732E+06 0.80065 4.53327 4.68764 19.95230 0.00002
15 1.468448486E+06 0.80436 4.53266 4.69262 19.94621 0.00002
16 1.618033128E+06 0.80810 4.53204 4.69760 19.94006 0.00002
17 1.765386034E+06 0.81184 4.53141 4.70256 19.93387 0.00002
18 1.911027119E+06 0.81560 4.53077 4.70752 19.92762 0.00002
19 2.055139045E+06 0.81937 4.53013 4.71249 19.92129 0.00002
20 2.197601661E+06 0.82317 4.52947 4.71747 19.91490 0.00002
21 2.338287897E+06 0.82699 4.52881 4.72245 19.90845 0.00002
22 2.477089356E+06 0.83083 4.52813 4.72742 19.90195 0.00002
23 2.613924512E+06 0.83470 4.52744 4.73239 19.89540 0.00002
24 2.748700127E+06 0.83859 4.52673 4.73733 19.88882 0.00002
25 2.881310452E+06 0.84251 4.52600 4.74226 19.88220 0.00002
26 3.011610317E+06 0.84646 4.52525 4.74718 19.87556 0.00002
27 3.139257242E+06 0.85044 4.52448 4.75205 19.86892 0.00002
28 3.264205762E+06 0.85445 4.52368 4.75686 19.86229 0.00002
29 3.386149461E+06 0.85848 4.52285 4.76159 19.85569 0.00002
30 3.505090577E+06 0.86250 4.52200 4.76626 19.84913 0.00002
31 3.621745269E+06 0.86654 4.52114 4.77089 19.84258 0.00002
32 3.736268476E+06 0.87061 4.52026 4.77548 19.83604 0.00002
33 3.848673910E+06 0.87469 4.51936 4.78005 19.82949 0.00002
34 3.958990056E+06 0.87879 4.51844 4.78458 19.82296 0.00002
35 4.067244461E+06 0.88292 4.51750 4.78907 19.81644 0.00002
36 4.173476436E+06 0.88706 4.51654 4.79353 19.80993 0.00002
37 4.277712886E+06 0.89123 4.51556 4.79794 19.80343 0.00002
38 4.379951456E+06 0.89542 4.51456 4.80232 19.79696 0.00002
39 4.480184692E+06 0.89964 4.51353 4.80665 19.79052 0.00002
40 4.578407685E+06 0.90388 4.51249 4.81094 19.78411 0.00002
41 4.674576587E+06 0.90814 4.51141 4.81516 19.77774 0.00002
42 4.768552382E+06 0.91244 4.51030 4.81932 19.77143 0.00002
43 4.860136661E+06 0.91674 4.50917 4.82339 19.76519 0.00002
44 4.949575282E+06 0.92105 4.50802 4.82741 19.75903 0.00002
45 5.037292401E+06 0.92537 4.50685 4.83139 19.75290 0.00002
46 5.123409169E+06 0.92971 4.50567 4.83534 19.74682 0.00002
47 5.207957732E+06 0.93408 4.50446 4.83925 19.74078 0.00002
48 5.290944003E+06 0.93847 4.50323 4.84312 19.73478 0.00002
49 5.372356144E+06 0.94290 4.50198 4.84698 19.72883 0.00002
50 5.452040329E+06 0.94736 4.50071 4.85081 19.72294 0.00002
51 5.530043871E+06 0.95183 4.49942 4.85459 19.71712 0.00002
52 5.606518574E+06 0.95632 4.49811 4.85833 19.71136 0.00002
53 5.681512054E+06 0.96084 4.49678 4.86203 19.70566 0.00002
54 5.755036404E+06 0.96539 4.49542 4.86569 19.70002 0.00002
55 5.827087954E+06 0.96995 4.49404 4.86930 19.69445 0.00002
56 5.897590585E+06 0.97454 4.49263 4.87284 19.68896 0.00003
57 5.966464799E+06 0.97914 4.49120 4.87631 19.68355 0.00003
58 6.033685939E+06 0.98373 4.48975 4.87973 19.67825 0.00003
59 6.099564995E+06 0.98834 4.48830 4.88310 19.67301 0.00003
60 6.164243531E+06 0.99297 4.48682 4.88644 19.66785 0.00003
61 6.227739905E+06 0.99762 4.48532 4.88975 19.66275 0.00003
62 6.290082323E+06 1.00229 4.48380 4.89303 19.65772 0.00003
63 6.351295778E+06 1.00698 4.48227 4.89627 19.65276 0.00003
64 6.411430093E+06 1.01168 4.48073 4.89951 19.64787 0.00003
65 6.471053322E+06 1.01642 4.47917 4.90276 19.64301 0.00003
66 6.529933081E+06 1.02121 4.47758 4.90600 19.63818 0.00003
67 6.587842682E+06 1.02603 4.47598 4.90922 19.63343 0.00003
68 6.644695943E+06 1.03088 4.47435 4.91239 19.62874 0.00003
69 6.700460774E+06 1.03574 4.47270 4.91552 19.62414 0.00004
70 6.755108582E+06 1.04067 4.47101 4.91863 19.61963 0.00004
71 6.808259428E+06 1.04560 4.46931 4.92166 19.61523 0.00004
72 6.859960864E+06 1.05052 4.46758 4.92459 19.61096 0.00004
73 6.910122118E+06 1.05540 4.46585 4.92745 19.60681 0.00004
74 6.959231537E+06 1.06028 4.46412 4.93027 19.60276 0.00004
75 7.007512548E+06 1.06518 4.46237 4.93307 19.59879 0.00004
76 7.054990467E+06 1.07008 4.46061 4.93586 19.59488 0.00004
77 7.102093542E+06 1.07503 4.45885 4.93868 19.59102 0.00004
78 7.148893859E+06 1.08005 4.45705 4.94152 19.58718 0.00005
79 7.195048214E+06 1.08510 4.45522 4.94434 19.58342 0.00005
80 7.240394272E+06 1.09018 4.45338 4.94713 19.57972 0.00005
81 7.284924455E+06 1.09527 4.45152 4.94988 19.57611 0.00005
82 7.328643787E+06 1.10038 4.44965 4.95261 19.57259 0.00005
83 7.371580259E+06 1.10551 4.44776 4.95530 19.56914 0.00005
84 7.413748297E+06 1.11064 4.44586 4.95796 19.56577 0.00006
85 7.455148430E+06 1.11579 4.44394 4.96058 19.56248 0.00006
86 7.495755180E+06 1.12095 4.44200 4.96315 19.55927 0.00006
87 7.535532658E+06 1.12610 4.44005 4.96565 19.55615 0.00006
88 7.574329981E+06 1.13122 4.43809 4.96805 19.55266 0.00007
89 7.612064680E+06 1.13636 4.43611 4.97041 19.54853 0.00007
90 7.648738329E+06 1.14150 4.43412 4.97272 19.54380 0.00007
91 7.684516687E+06 1.14663 4.43212 4.97497 19.53848 0.00008
92 7.719645330E+06 1.15178 4.43010 4.97722 19.53254 0.00008
93 7.754402820E+06 1.15699 4.42806 4.97946 19.52594 0.00008
94 7.788697404E+06 1.16224 4.42599 4.98167 19.51870 0.00009
95 7.822358391E+06 1.16751 4.42389 4.98384 19.51087 0.00009
96 7.855315899E+06 1.17280 4.42178 4.98596 19.50247 0.00010
97 7.887575787E+06 1.17808 4.41966 4.98804 19.49354 0.00010
98 7.919147026E+06 1.18337 4.41752 4.99007 19.48408 0.00011
99 7.950011029E+06 1.18865 4.41538 4.99205 19.47413 6.14531
100 7.980176065E+06 1.19314 4.41357 4.99381 19.46381 6.18529
101 7.995258584E+06 1.19544 4.41262 4.99460 19.45850 6.20321
102 8.013357606E+06 1.19846 4.41138 4.99569 19.45188 6.21281
103 8.035076432E+06 1.20217 4.40986 4.99702 19.44359 6.21654
104 8.061139024E+06 1.20674 4.40798 4.99866 19.43310 6.21622
105 8.092414134E+06 1.21238 4.40566 5.00065 19.41972 6.21361
106 8.123368394E+06 1.21804 4.40333 5.00264 19.40568 6.21041
107 8.153682100E+06 1.22367 4.40101 5.00462 19.39115 6.20757
108 8.183362212E+06 1.22922 4.39872 5.00657 19.37616 6.20560
109 8.212426323E+06 1.23469 4.39647 5.00851 19.36073 6.20470
110 8.240915929E+06 1.24003 4.39429 5.01044 19.34489 6.20467
111 8.268912793E+06 1.24520 4.39218 5.01238 19.32863 6.20421
112 8.296472147E+06 1.25015 4.39020 5.01433 19.31196 6.20286
113 8.323616037E+06 1.25475 4.38839 5.01631 19.29492 6.20074
114 8.350360312E+06 1.25883 4.38686 5.01834 19.27758 6.19819
115 8.376240244E+06 1.26216 4.38571 5.02041 19.26033 6.19534
116 8.400225340E+06 1.26439 4.38512 5.02248 19.24404 6.19244
117 8.420933932E+06 1.26530 4.38515 5.02446 19.22981 6.18994
118 8.437837819E+06 1.26507 4.38573 5.02630 19.21818 6.18790
119 8.450860169E+06 1.26387 4.38673 5.02793 19.20925 6.18640
120 8.460654442E+06 1.26209 4.38798 5.02934 19.20260 6.18532
121 8.468259377E+06 1.25994 4.38937 5.03061 19.19751 6.18460
122 8.474336457E+06 1.25758 4.39084 5.03177 19.19349 6.18461
123 8.479309399E+06 1.25506 4.39238 5.03288 19.19027 6.18467
124 8.483444292E+06 1.25245 4.39395 5.03394 19.18763 6.18474
125 8.486925216E+06 1.24977 4.39555 5.03499 19.18546 6.18482
126 8.489880170E+06 1.24705 4.39717 5.03603 19.18366 6.18491
127 8.492403133E+06 1.24431 4.39880 5.03708 19.18215 6.18500
128 8.494567805E+06 1.24158 4.40043 5.03814 19.18089 6.18509
129 8.496432322E+06 1.23887 4.40206 5.03921 19.17983 6.18518
130 8.498041854E+06 1.23619 4.40367 5.04031 19.17893 6.18526
131 8.499438577E+06 1.23356 4.40527 5.04144 19.17818 6.18534
132 8.500656325E+06 1.23100 4.40684 5.04259 19.17754 6.18541
133 8.501721518E+06 1.22850 4.40838 5.04377 19.17700 6.18548
134 8.502655019E+06 1.22609 4.40989 5.04498 19.17653 6.18554
135 8.503474097E+06 1.22376 4.41136 5.04621 19.17614 6.18544
136 8.504193190E+06 1.22153 4.41279 5.04746 19.17580 6.18534
137 8.504824687E+06 1.21941 4.41417 5.04875 19.17552 6.18526
138 8.505378452E+06 1.21738 4.41552 5.05007 19.17527 6.18521
139 8.505863309E+06 1.21545 4.41682 5.05141 19.17507 6.18518
140 8.506287012E+06 1.21363 4.41807 5.05276 19.17489 6.18518
141 8.506657926E+06 1.21192 4.41927 5.05414 19.17474 6.18520
142 8.506982474E+06 1.21031 4.42041 5.05551 19.17462 6.18518
143 8.507266576E+06 1.20881 4.42150 5.05688 19.17451 6.18452
144 8.507515545E+06 1.20740 4.42255 5.05824 19.17442 6.18368
145 8.507733898E+06 1.20608 4.42355 5.05959 19.17434 6.18276
146 8.507925284E+06 1.20485 4.42450 5.06092 19.17427 6.18179
147 8.508093160E+06 1.20370 4.42540 5.06222 19.17422 6.18078
148 8.508240496E+06 1.20262 4.42626 5.06350 19.17417 6.17972
149 8.508369667E+06 1.20161 4.42707 5.06473 19.17413 6.17841
150 8.508483214E+06 1.20066 4.42783 5.06590 19.17409 6.17685
151 8.508581604E+06 1.19983 4.42851 5.06693 19.17407 6.17531
152 8.508675151E+06 1.19904 4.42914 5.06787 19.17404 6.17373
153 8.508767021E+06 1.19828 4.42974 5.06876 19.17401 6.17208
154 8.508858444E+06 1.19755 4.43031 5.06958 19.17399 6.17033
155 8.508950311E+06 1.19685 4.43085 5.07033 19.17396 6.16847
156 8.509043281E+06 1.19617 4.43136 5.07102 19.17394 6.16647
157 8.509137948E+06 1.19552 4.43183 5.07162 19.17391 6.16431
158 8.509234849E+06 1.19491 4.43227 5.07214 19.17389 6.16200
159 8.509334604E+06 1.19434 4.43266 5.07257 19.17387 6.15950
160 8.509437663E+06 1.19382 4.43301 5.07290 19.17384 6.15682
161 8.509544599E+06 1.19335 4.43329 5.07311 19.17382 6.15397
162 8.509655985E+06 1.19295 4.43351 5.07320 19.17379 6.15099
163 8.509772356E+06 1.19263 4.43366 5.07315 19.17377 6.14794
164 8.509894190E+06 1.19240 4.43373 5.07294 19.17374 6.14495
165 8.510021707E+06 1.19228 4.43369 5.07257 19.17371 6.14220
166 8.510155237E+06 1.19228 4.43355 5.07201 19.17368 6.13978
167 8.510294954E+06 1.19244 4.43328 5.07125 19.17365 6.13602
168 8.510439482E+06 1.19276 4.43289 5.07031 19.17361 6.13109
169 8.510588492E+06 1.19326 4.43235 5.06917 19.17358 6.12488
170 8.510740583E+06 1.19395 4.43168 5.06787 19.17354 6.11790
171 8.510894878E+06 1.19485 4.43087 5.06642 19.17350 6.11130
172 8.511050450E+06 1.19598 4.42992 5.06486 19.17346 6.10651
173 8.511206457E+06 1.19734 4.42882 5.06321 19.17341 6.09129
174 8.511362274E+06 1.19896 4.42759 5.06153 19.17336 6.06305
175 8.511519747E+06 1.20090 4.42620 5.05983 19.17331 6.03331
176 8.511679014E+06 1.20318 4.42464 5.05815 19.17326 6.00344
177 8.511837785E+06 1.20582 4.42292 5.05656 19.17320 5.97497
178 8.511995718E+06 1.20881 4.42106 5.05511 19.17314 5.94905
179 8.512152607E+06 1.21218 4.41906 5.05385 19.17308 5.92687
180 8.512308191E+06 1.21590 4.41694 5.05279 19.17301 5.90943
181 8.512461721E+06 1.21996 4.41470 5.05196 19.17294 5.89650
182 8.512612482E+06 1.22430 4.41238 5.05137 19.17287 5.88797
183 8.512760406E+06 1.22888 4.41000 5.05100 19.17279 5.88236
184 8.512905524E+06 1.23369 4.40756 5.05084 19.17272 5.87124
185 8.513048030E+06 1.23868 4.40507 5.05087 19.17264 5.85362
186 8.513188257E+06 1.24383 4.40254 5.05107 19.17255 5.83609
187 8.513326126E+06 1.24911 4.39999 5.05142 19.17246 5.81937
188 8.513461717E+06 1.25448 4.39742 5.05188 19.17238 5.80399
189 8.513595249E+06 1.25994 4.39483 5.05244 19.17228 5.79035
190 8.513726960E+06 1.26545 4.39223 5.05309 19.17219 5.77862
191 8.513857111E+06 1.27101 4.38963 5.05379 19.17209 5.76875
192 8.513986031E+06 1.27662 4.38702 5.05454 19.17199 5.76078
193 8.514113734E+06 1.28226 4.38439 5.05533 19.17189 5.75427
194 8.514240417E+06 1.28794 4.38176 5.05615 19.17178 5.74908
195 8.514366215E+06 1.29365 4.37911 5.05700 19.17167 5.74517
196 8.514491274E+06 1.29940 4.37645 5.05786 19.17155 5.74247
197 8.514615720E+06 1.30517 4.37379 5.05873 19.17144 5.73252
198 8.514739661E+06 1.31098 4.37110 5.05962 19.17132 5.72148
199 8.514862067E+06 1.31677 4.36843 5.06051 19.17119 5.71066
200 8.514983840E+06 1.32256 4.36576 5.06140 19.17107 5.70030
201 8.515105200E+06 1.32837 4.36307 5.06228 19.17094 5.69063
202 8.515226279E+06 1.33417 4.36039 5.06316 19.17081 5.68183
203 8.515347560E+06 1.34000 4.35769 5.06402 19.17067 5.67391
204 8.515468658E+06 1.34585 4.35498 5.06487 19.17053 5.66703
205 8.515589576E+06 1.35172 4.35226 5.06571 19.17039 5.66114
206 8.515710354E+06 1.35762 4.34952 5.06654 19.17025 5.65606
207 8.515830992E+06 1.36353 4.34677 5.06736 19.17011 5.65177
208 8.515951494E+06 1.36946 4.34400 5.06816 19.16997 5.64827
209 8.516071872E+06 1.37541 4.34122 5.06895 19.16983 5.64555
210 8.516192130E+06 1.38138 4.33843 5.06972 19.16968 5.64360
211 8.516312274E+06 1.38738 4.33562 5.07048 19.16955 5.63583
212 8.516432309E+06 1.39338 4.33281 5.07124 19.16941 5.62758
213 8.516551462E+06 1.39932 4.33002 5.07197 19.16927 5.61949
214 8.516670757E+06 1.40530 4.32722 5.07270 19.16913 5.61170
215 8.516789946E+06 1.41129 4.32440 5.07341 19.16900 5.60441
216 8.516909022E+06 1.41729 4.32157 5.07410 19.16886 5.59772
217 8.517027951E+06 1.42332 4.31872 5.07477 19.16872 5.59166
218 8.517146684E+06 1.42936 4.31586 5.07542 19.16859 5.58633
219 8.517265259E+06 1.43542 4.31299 5.07605 19.16846 5.58169
220 8.517383700E+06 1.44150 4.31011 5.07667 19.16832 5.57762
221 8.517502009E+06 1.44760 4.30721 5.07727 19.16819 5.57411
222 8.517620163E+06 1.45370 4.30430 5.07785 19.16806 5.57113
223 8.517738552E+06 1.45979 4.30140 5.07842 19.16793 5.56867
224 8.517857354E+06 1.46593 4.29847 5.07897 19.16779 5.56673
225 8.517976073E+06 1.47210 4.29552 5.07952 19.16766 5.56430
226 8.518094671E+06 1.47830 4.29255 5.08005 19.16753 5.55813
227 8.518212899E+06 1.48451 4.28958 5.08057 19.16741 5.55191
228 8.518330005E+06 1.49070 4.28661 5.08107 19.16728 5.54587
229 8.518446816E+06 1.49690 4.28363 5.08156 19.16715 5.54009
230 8.518563359E+06 1.50313 4.28064 5.08204 19.16703 5.53467
231 8.518679648E+06 1.50938 4.27763 5.08250 19.16690 5.52967
232 8.518795651E+06 1.51560 4.27463 5.08294 19.16678 5.52509
233 8.518911988E+06 1.52183 4.27161 5.08336 19.16666 5.52097
234 8.519028555E+06 1.52811 4.26858 5.08377 19.16653 5.51733
235 8.519144916E+06 1.53442 4.26552 5.08416 19.16641 5.51411
236 8.519261037E+06 1.54075 4.26245 5.08454 19.16629 5.51128
237 8.519376886E+06 1.54711 4.25936 5.08490 19.16617 5.50881
238 8.519492434E+06 1.55350 4.25625 5.08525 19.16605 5.50671
239 8.519607661E+06 1.55992 4.25312 5.08558 19.16593 5.50495
240 8.519722548E+06 1.56637 4.24998 5.08590 19.16582 5.50352
241 8.519837078E+06 1.57284 4.24682 5.08621 19.16570 5.50171
242 8.519951233E+06 1.57926 4.24369 5.08651 19.16559 5.49736
243 8.520065938E+06 1.58574 4.24052 5.08680 19.16547 5.49294
244 8.520179645E+06 1.59221 4.23735 5.08707 19.16536 5.48863
245 8.520292912E+06 1.59871 4.23417 5.08734 19.16525 5.48450
246 8.520405743E+06 1.60523 4.23097 5.08759 19.16514 5.48059
247 8.520518131E+06 1.61178 4.22776 5.08783 19.16503 5.47696
248 8.520630065E+06 1.61836 4.22452 5.08805 19.16492 5.47360
249 8.520741463E+06 1.62496 4.22127 5.08826 19.16481 5.47054
250 8.520852352E+06 1.63160 4.21800 5.08845 19.16471 5.46779
251 8.520962741E+06 1.63822 4.21474 5.08862 19.16460 5.46531
252 8.521073075E+06 1.64481 4.21148 5.08878 19.16450 5.46307
253 8.521183972E+06 1.65149 4.20818 5.08893 19.16440 5.46103
254 8.521294441E+06 1.65820 4.20486 5.08907 19.16429 5.45920
255 8.521404418E+06 1.66494 4.20151 5.08919 19.16419 5.45758
256 8.521513873E+06 1.67173 4.19815 5.08930 19.16409 5.45616
257 8.521622787E+06 1.67854 4.19477 5.08939 19.16399 5.45492
258 8.521731122E+06 1.68539 4.19136 5.08948 19.16390 5.45385
259 8.521838833E+06 1.69228 4.18794 5.08955 19.16380 5.45295
260 8.521945869E+06 1.69920 4.18449 5.08962 19.16371 5.45073
261 8.522052184E+06 1.70604 4.18109 5.08967 19.16361 5.44806
262 8.522158345E+06 1.71290 4.17767 5.08972 19.16352 5.44542
263 8.522263983E+06 1.71981 4.17423 5.08976 19.16343 5.44287
264 8.522368810E+06 1.72673 4.17077 5.08979 19.16334 5.44046
265 8.522472780E+06 1.73368 4.16730 5.08981 19.16325 5.43819
266 8.522575841E+06 1.74065 4.16382 5.08981 19.16317 5.43607
267 8.522677913E+06 1.74763 4.16033 5.08980 19.16308 5.43410
268 8.522778992E+06 1.75462 4.15682 5.08978 19.16300 5.43229
269 8.522879061E+06 1.76164 4.15331 5.08975 19.16292 5.43063
270 8.522978087E+06 1.76859 4.14982 5.08971 19.16284 5.42911
271 8.523076809E+06 1.77549 4.14636 5.08966 19.16276 5.42768
272 8.523175648E+06 1.78249 4.14284 5.08959 19.16268 5.42634
273 8.523273511E+06 1.78949 4.13932 5.08951 19.16260 5.42511
274 8.523370358E+06 1.79652 4.13579 5.08943 19.16253 5.42397
275 8.523466186E+06 1.80356 4.13224 5.08933 19.16245 5.42292
276 8.523560998E+06 1.81062 4.12869 5.08922 19.16238 5.42195
277 8.523654797E+06 1.81770 4.12512 5.08911 19.16231 5.42106
278 8.523747585E+06 1.82480 4.12154 5.08899 19.16224 5.42022
279 8.523839364E+06 1.83186 4.11797 5.08886 19.16217 5.41945
280 8.523930806E+06 1.83885 4.11445 5.08872 19.16210 5.41871
281 8.524022769E+06 1.84596 4.11085 5.08857 19.16203 5.41801
282 8.524113870E+06 1.85310 4.10724 5.08841 19.16197 5.41737
283 8.524204048E+06 1.86028 4.10361 5.08825 19.16190 5.41676
284 8.524293287E+06 1.86748 4.09997 5.08808 19.16184 5.41620
285 8.524381582E+06 1.87472 4.09631 5.08791 19.16178 5.41567
286 8.524468926E+06 1.88199 4.09263 5.08773 19.16172 5.41518
287 8.524555303E+06 1.88929 4.08893 5.08754 19.16166 5.41472
288 8.524640676E+06 1.89652 4.08526 5.08735 19.16159 5.41411
289 8.524725876E+06 1.90369 4.08163 5.08715 19.16153 5.41324
290 8.524811505E+06 1.91099 4.07793 5.08693 19.16147 5.41240
291 8.524896082E+06 1.91831 4.07421 5.08671 19.16141 5.41161
292 8.524979693E+06 1.92567 4.07048 5.08648 19.16135 5.41087
293 8.525062312E+06 1.93305 4.06673 5.08625 19.16129 5.41018
294 8.525143922E+06 1.94046 4.06296 5.08601 19.16123 5.40954
295 8.525224508E+06 1.94790 4.05918 5.08577 19.16116 5.40895
296 8.525304049E+06 1.95537 4.05538 5.08552 19.16110 5.40840
297 8.525382522E+06 1.96269 4.05166 5.08528 19.16104 5.40788
298 8.525461436E+06 1.97004 4.04793 5.08503 19.16097 5.40736
299 8.525540433E+06 1.97751 4.04413 5.08476 19.16090 5.40689
300 8.525618463E+06 1.98501 4.04031 5.08449 19.16083 5.40645
301 8.525695425E+06 1.99254 4.03647 5.08421 19.16076 5.40606
302 8.525771292E+06 2.00010 4.03262 5.08393 19.16069 5.40571
303 8.525846067E+06 2.00769 4.02876 5.08365 19.16062 5.40541
304 8.525919752E+06 2.01531 4.02488 5.08337 19.16055 5.40522
305 8.525992372E+06 2.02291 4.02100 5.08308 19.16047 5.40514
306 8.526064316E+06 2.03028 4.01725 5.08281 19.16039 5.40504
307 8.526137844E+06 2.03790 4.01337 5.08250 19.16031 5.40505
308 8.526210667E+06 2.04557 4.00945 5.08219 19.16023 5.40514
309 8.526282582E+06 2.05329 4.00551 5.08186 19.16014 5.40526
310 8.526353440E+06 2.06105 4.00155 5.08154 19.16005 5.40540
311 8.526423219E+06 2.06885 3.99757 5.08121 19.15996 5.40555
312 8.526491926E+06 2.07668 3.99357 5.08087 19.15987 5.40570
313 8.526559608E+06 2.08454 3.98955 5.08054 19.15978 5.40584
314 8.526626343E+06 2.09212 3.98569 5.08023 19.15969 5.40598
315 8.526694822E+06 2.09993 3.98170 5.07988 19.15959 5.40613
316 8.526763413E+06 2.10786 3.97764 5.07952 19.15950 5.40627
317 8.526831457E+06 2.11589 3.97353 5.07914 19.15940 5.40641
318 8.526898729E+06 2.12399 3.96938 5.07875 19.15930 5.40655
319 8.526965182E+06 2.13216 3.96520 5.07836 19.15920 5.40668
320 8.527030813E+06 2.14040 3.96098 5.07796 19.15910 5.40681
321 8.527095702E+06 2.14872 3.95672 5.07756 19.15900 5.40694
322 8.527159908E+06 2.15687 3.95255 5.07718 19.15890 5.40706
323 8.527225336E+06 2.16511 3.94833 5.07678 19.15879 5.40717
324 8.527291987E+06 2.17360 3.94397 5.07634 19.15868 5.40729
325 8.527358939E+06 2.18227 3.93952 5.07587 19.15857 5.40730
326 8.527426080E+06 2.19115 3.93496 5.07538 19.15845 5.40719
327 8.527493394E+06 2.20023 3.93029 5.07487 19.15833 5.40710
328 8.527561416E+06 2.20958 3.92548 5.07434 19.15821 5.40703
329 8.527630873E+06 2.21930 3.92048 5.07377 19.15809 5.40699
330 8.527702876E+06 2.22951 3.91522 5.07316 19.15795 5.40700
331 8.527779275E+06 2.24035 3.90964 5.07249 19.15780 5.40706
332 8.527864218E+06 2.25237 3.90343 5.07172 19.15764 5.40720
333 8.527963796E+06 2.26668 3.89602 5.07069 19.15744 5.40691
334 8.528075607E+06 2.28308 3.88751 5.06942 19.15720 5.40640
335 8.528154867E+06 2.29452 3.88154 5.06845 19.15703 5.40597
336 8.528212957E+06 2.30280 3.87721 5.06768 19.15690 5.40562
337 8.528261089E+06 2.30971 3.87358 5.06698 19.15680 5.40499
338 8.528303307E+06 2.31587 3.87033 5.06631 19.15670 5.40439
339 8.528341547E+06 2.32156 3.86732 5.06567 19.15662 5.40380
340 8.528376666E+06 2.32681 3.86455 5.06507 19.15654 5.40325
341 8.528410053E+06 2.33185 3.86188 5.06448 19.15646 5.40271
342 8.528441929E+06 2.33674 3.85929 5.06388 19.15639 5.40219
343 8.528472424E+06 2.34141 3.85684 5.06343 19.15632 5.40170
344 8.528503058E+06 2.34603 3.85441 5.06297 19.15625 5.40123
345 8.528533601E+06 2.35068 3.85196 5.06242 19.15617 5.40077
346 8.528563284E+06 2.35528 3.84951 5.06183 19.15610 5.40033
347 8.528592054E+06 2.35977 3.84712 5.06128 19.15603 5.39992
348 8.528620629E+06 2.36427 3.84473 5.06070 19.15596 5.39953
349 8.528648760E+06 2.36879 3.84232 5.06010 19.15590 5.39916
350 8.528676281E+06 2.37332 3.83990 5.05948 19.15583 5.39881
351 8.528703119E+06 2.37778 3.83756 5.05906 19.15576 5.39850
352 8.528730567E+06 2.38230 3.83519 5.05859 19.15569 5.39821
353 8.528758225E+06 2.38688 3.83276 5.05803 19.15562 5.39795
354 8.528785576E+06 2.39139 3.83036 5.05748 19.15555 5.39771
355 8.528813215E+06 2.39599 3.82792 5.05689 19.15548 5.39751
356 8.528840803E+06 2.40066 3.82542 5.05626 19.15541 5.39733
357 8.528868122E+06 2.40540 3.82289 5.05560 19.15534 5.39708
358 8.528895079E+06 2.41021 3.82031 5.05492 19.15527 5.39677
359 8.528921655E+06 2.41504 3.81779 5.05447 19.15521 5.39647
360 8.528949074E+06 2.41997 3.81519 5.05394 19.15513 5.39616
361 8.528976854E+06 2.42490 3.81258 5.05338 19.15506 5.39585
362 8.529005314E+06 2.42996 3.80990 5.05275 19.15498 5.39554
363 8.529034003E+06 2.43512 3.80715 5.05207 19.15491 5.39524
364 8.529062640E+06 2.44037 3.80434 5.05135 19.15483 5.39494
365 8.529091104E+06 2.44570 3.80149 5.05060 19.15475 5.39464
366 8.529119314E+06 2.45110 3.79859 5.04981 19.15468 5.39436
367 8.529147234E+06 2.45656 3.79571 5.04921 19.15460 5.39410
368 8.529175733E+06 2.46207 3.79282 5.04866 19.15452 5.39386
369 8.529205370E+06 2.46774 3.78982 5.04801 19.15444 5.39361
370 8.529235647E+06 2.47357 3.78672 5.04726 19.15436 5.39338
371 8.529266100E+06 2.47953 3.78354 5.04645 19.15427 5.39316
372 8.529296506E+06 2.48561 3.78028 5.04559 19.15419 5.39296
373 8.529326627E+06 2.49177 3.77698 5.04469 19.15410 5.39276
374 8.529356390E+06 2.49801 3.77362 5.04374 19.15402 5.39259
375 8.529385749E+06 2.50429 3.77026 5.04287 19.15393 5.39244
376 8.529415185E+06 2.51059 3.76696 5.04227 19.15385 5.39231
377 8.529445804E+06 2.51701 3.76356 5.04149 19.15376 5.39219
378 8.529476801E+06 2.52348 3.76010 5.04061 19.15367 5.39204
379 8.529507830E+06 2.52996 3.75662 5.03965 19.15358 5.39189
380 8.529538712E+06 2.53643 3.75313 5.03863 19.15349 5.39172
381 8.529569142E+06 2.54282 3.74967 5.03756 19.15340 5.39156
382 8.529598985E+06 2.54911 3.74625 5.03645 19.15332 5.39139
383 8.529628177E+06 2.55531 3.74287 5.03537 19.15323 5.39122
384 8.529657240E+06 2.56157 3.73950 5.03438 19.15315 5.39106
385 8.529686945E+06 2.56805 3.73605 5.03354 19.15306 5.39090
386 8.529717651E+06 2.57465 3.73250 5.03253 19.15297 5.39074
387 8.529749034E+06 2.58135 3.72886 5.03140 19.15288 5.39058
388 8.529780941E+06 2.58816 3.72515 5.03017 19.15278 5.39042
389 8.529813349E+06 2.59509 3.72136 5.02885 19.15269 5.39028
390 8.529846067E+06 2.60199 3.71756 5.02746 19.15259 5.39015
391 8.529879175E+06 2.60879 3.71380 5.02601 19.15250 5.39003
392 8.529912753E+06 2.61591 3.70986 5.02450 19.15240 5.38992
393 8.529948051E+06 2.62369 3.70558 5.02294 19.15230 5.38983
394 8.529986722E+06 2.63235 3.70081 5.02118 19.15219 5.38974
395 8.530029210E+06 2.64133 3.69582 5.01919 19.15207 5.38967
396 8.530073616E+06 2.65128 3.69031 5.01703 19.15194 5.38973
397 8.530120334E+06 2.66247 3.68412 5.01464 19.15181 5.38983
398 8.530167301E+06 2.67300 3.67823 5.01215 19.15168 5.38996
399 8.530210097E+06 2.68189 3.67319 5.00976 19.15156 5.39007
400 8.530247983E+06 2.68997 3.66860 5.00760 19.15146 5.39018
401 8.530283046E+06 2.69660 3.66477 5.00553 19.15136 5.39028
402 8.530317724E+06 2.70290 3.66108 5.00337 19.15127 5.39038
403 8.530352079E+06 2.71011 3.65691 5.00111 19.15118 5.39049
404 8.530385036E+06 2.71728 3.65276 4.99883 19.15110 5.39060
405 8.530417130E+06 2.72360 3.64903 4.99655 19.15102 5.39070
406 8.530449345E+06 2.72911 3.64568 4.99418 19.15093 5.39080
407 8.530481920E+06 2.73447 3.64238 4.99169 19.15085 5.39089
408 8.530514118E+06 2.73951 3.63922 4.98916 19.15077 5.39099
409 8.530545867E+06 2.74368 3.63656 4.98683 19.15070 5.39107
410 8.530578802E+06 2.74731 3.63412 4.98434 19.15062 5.39116
411 8.530613341E+06 2.75140 3.63138 4.98156 19.15054 5.39125
412 8.530647719E+06 2.75588 3.62842 4.97867 19.15046 5.39134
413 8.530682035E+06 2.76038 3.62544 4.97577 19.15038 5.39143
414 8.530716803E+06 2.76446 3.62266 4.97282 19.15030 5.39152
415 8.530752776E+06 2.76827 3.61996 4.96964 19.15023 5.39160
416 8.530789361E+06 2.77182 3.61736 4.96632 19.15015 5.39169
417 8.530826620E+06 2.77514 3.61483 4.96284 19.15007 5.39178
418 8.530864221E+06 2.77803 3.61250 4.95930 19.14999 5.39186
419 8.530902340E+06 2.78040 3.61042 4.95572 19.14991 5.39194
420 8.530940949E+06 2.78230 3.60857 4.95212 19.14984 5.39202
421 8.530979899E+06 2.78384 3.60690 4.94854 19.14976 5.39210
422 8.531019196E+06 2.78523 3.60536 4.94515 19.14968 5.39218
423 8.531058941E+06 2.78664 3.60390 4.94212 19.14961 5.39226
424 8.531099254E+06 2.78864 3.60254 4.94068 19.14953 5.39234
425 8.531141439E+06 2.79123 3.60129 4.94085 19.14945 5.39243
426 8.531186318E+06 2.79341 3.60007 4.94035 19.14937 5.39252
427 8.531232296E+06 2.79527 3.59890 4.93939 19.14928 5.39261
428 8.531278892E+06 2.79713 3.59776 4.93854 19.14920 5.39270
429 8.531326018E+06 2.79891 3.59665 4.93767 19.14911 5.39280
430 8.531373518E+06 2.80049 3.59559 4.93659 19.14902 5.39289
431 8.531421142E+06 2.80192 3.59457 4.93538 19.14894 5.39298
432 8.531468705E+06 2.80351 3.59356 4.93451 19.14885 5.39307
433 8.531516288E+06 2.80513 3.59257 4.93377 19.14876 5.39317
434 8.531563824E+06 2.80666 3.59160 4.93295 19.14868 5.39326
435 8.531611144E+06 2.80814 3.59064 4.93210 19.14860 5.39335
436 8.531658146E+06 2.81001 3.58966 4.93191 19.14851 5.39344
437 8.531705151E+06 2.81184 3.58869 4.93169 19.14843 5.39353
438 8.531751952E+06 2.81364 3.58774 4.93148 19.14835 5.39362
439 8.531798471E+06 2.81565 3.58679 4.93168 19.14827 5.39371
440 8.531844937E+06 2.81783 3.58583 4.93223 19.14819 5.39380
441 8.531891348E+06 2.81999 3.58490 4.93281 19.14810 5.39389
442 8.531937588E+06 2.82224 3.58398 4.93363 19.14802 5.39398
443 8.531983754E+06 2.82479 3.58305 4.93502 19.14794 5.39407
444 8.532030129E+06 2.82731 3.58215 4.93644 19.14786 5.39416
445 8.532076471E+06 2.82986 3.58126 4.93801 19.14778 5.39425
446 8.532122810E+06 2.83277 3.58036 4.94022 19.14770 5.39434
447 8.532169584E+06 2.83565 3.57948 4.94246 19.14762 5.39443
448 8.532216480E+06 2.83855 3.57862 4.94482 19.14753 5.39452
449 8.532263534E+06 2.84181 3.57774 4.94780 19.14745 5.39461
450 8.532311254E+06 2.84503 3.57688 4.95082 19.14736 5.39470
451 8.532359293E+06 2.84828 3.57604 4.95395 19.14727 5.39479
452 8.532407739E+06 2.85184 3.57518 4.95765 19.14719 5.39489
453 8.532457110E+06 2.85537 3.57435 4.96136 19.14709 5.39498
454 8.532507028E+06 2.85894 3.57353 4.96522 19.14700 5.39508
455 8.532557616E+06 2.86276 3.57269 4.96953 19.14691 5.39517
456 8.532609214E+06 2.86651 3.57189 4.97382 19.14681 5.39527
457 8.532661643E+06 2.87032 3.57110 4.97827 19.14671 5.39537
458 8.532715075E+06 2.87431 3.57030 4.98306 19.14660 5.39547
459 8.532769665E+06 2.87819 3.56954 4.98777 19.14649 5.39557
460 8.532825507E+06 2.88214 3.56878 4.99264 19.14638 5.39568
461 8.532882693E+06 2.88620 3.56803 4.99774 19.14626 5.39579
462 8.532941457E+06 2.89013 3.56730 5.00272 19.14614 5.39590
463 8.533002131E+06 2.89411 3.56659 5.00783 19.14602 5.39602
464 8.533064672E+06 2.89815 3.56588 5.01308 19.14588 5.39614
465 8.533129390E+06 2.90205 3.56521 5.01818 19.14574 5.39627
466 8.533196846E+06 2.90598 3.56454 5.02337 19.14559 5.39641
467 8.533267072E+06 2.90992 3.56388 5.02862 19.14544 5.39655
468 8.533340732E+06 2.91372 3.56326 5.03370 19.14527 5.39670
469 8.533418563E+06 2.91752 3.56264 5.03883 19.14509 5.39686
470 8.533500893E+06 2.92130 3.56203 5.04397 19.14490 5.39704
471 8.533588827E+06 2.92495 3.56145 5.04894 19.14469 5.39722
472 8.533683525E+06 2.92859 3.56088 5.05393 19.14446 5.39743
473 8.533785935E+06 2.93216 3.56032 5.05885 19.14421 5.39765
474 8.533898120E+06 2.93558 3.55979 5.06358 19.14393 5.39790
475 8.534022480E+06 2.93898 3.55927 5.06831 19.14362 5.39818
476 8.534161922E+06 2.94225 3.55878 5.07286 19.14326 5.39850
477 8.534321019E+06 2.94535 3.55831 5.07720 19.14285 5.39887
478 8.534506131E+06 2.94837 3.55787 5.08144 19.14236 5.39931
479 8.534726305E+06 2.95113 3.55746 5.08534 19.14178 5.39984
480 8.534990513E+06 2.95364 3.55709 5.08889 19.14107 5.40050
481 8.535307564E+06 2.95580 3.55678 5.09196 19.14020 5.40132
482 8.535688025E+06 2.95755 3.55653 5.09446 19.13916 5.40234
483 8.536144577E+06 2.95898 3.55633 5.09651 19.13789 5.40362
484 8.536692440E+06 2.96011 3.55617 5.09814 19.13637 5.40522
485 8.537349876E+06 2.96103 3.55604 5.09947 19.13453 5.40724
486 8.538138800E+06 2.96184 3.55593 5.10064 19.13232 5.40978
487 8.539085507E+06 2.96251 3.55584 5.10162 19.12966 5.41297
488 8.540221557E+06 2.96309 3.55576 5.10248 19.12645 5.41698
489 8.541584816E+06 2.96356 3.55570 5.10318 19.12260 5.42244
490 8.543220727E+06 2.96395 3.55565 5.10375 19.11796 5.42935
491 8.545183820E+06 2.96429 3.55561 5.10426 19.11238 5.43796
492 8.547539532E+06 2.96459 3.55557 5.10471 19.10568 5.44858
493 8.550366386E+06 2.96489 3.55553 5.10515 19.09763 5.46153
494 8.553758611E+06 2.96521 3.55548 5.10561 19.08795 5.47717
495 8.557829281E+06 2.96559 3.55543 5.10614 19.07632 5.49586
496 8.562714085E+06 2.96605 3.55536 5.10676 19.06233 5.51807
497 8.568575849E+06 2.96659 3.55527 5.10750 19.04550 5.54427
498 8.575609967E+06 2.96723 3.55516 5.10835 19.02525 5.57503
499 8.584050908E+06 2.96797 3.55503 5.10931 19.00088 5.61100
500 8.592937924E+06 2.96872 3.55490 5.11028 18.97513 5.64790
501 8.602173647E+06 2.96946 3.55476 5.11122 18.94830 5.68530
502 8.611701034E+06 2.97018 3.55463 5.11212 18.92054 5.72295
503 8.621461424E+06 2.97086 3.55450 5.11296 18.89202 5.76061
504 8.631402860E+06 2.97146 3.55438 5.11367 18.86291 5.79807
505 8.641489618E+06 2.97198 3.55427 5.11427 18.83333 5.83521
506 8.651778303E+06 2.97244 3.55416 5.11478 18.80311 5.87223
507 8.662303783E+06 2.97285 3.55407 5.11520 18.77216 5.90923
508 8.673060392E+06 2.97319 3.55398 5.11552 18.74050 5.94618
509 8.684001639E+06 2.97344 3.55390 5.11572 18.70829 5.98289
510 8.695077135E+06 2.97360 3.55383 5.11578 18.67569 6.01917
511 8.706265002E+06 2.97364 3.55379 5.11567 18.64278 6.05492
512 8.717577276E+06 2.97359 3.55375 5.11543 18.60955 6.09019
513 8.729101597E+06 2.97347 3.55373 5.11509 18.57574 6.12522
514 8.740865872E+06 2.97328 3.55371 5.11464 18.54129 6.16008
515 8.752817225E+06 2.97299 3.55371 5.11406 18.50638 6.19458
516 8.764871641E+06 2.97259 3.55372 5.11332 18.47127 6.22848
517 8.776935347E+06 2.97209 3.55375 5.11244 18.43625 6.26153
518 8.789007656E+06 2.97149 3.55380 5.11142 18.40133 6.29374
519 8.801185252E+06 2.97082 3.55386 5.11032 18.36626 6.32516
520 8.813552499E+06 2.97011 3.55392 5.10914 18.33079 6.35580
521 8.826133691E+06 2.96932 3.55400 5.10787 18.29488 6.38591
522 8.838860182E+06 2.96845 3.55409 5.10649 18.25873 6.41532
523 8.851548988E+06 2.96750 3.55419 5.10501 18.22288 6.44361
524 8.864110407E+06 2.96652 3.55430 5.10347 18.18758 6.47062
525 8.876708774E+06 2.96550 3.55442 5.10191 18.15237 6.49674
526 8.889411882E+06 2.96448 3.55454 5.10035 18.11706 6.52215
527 8.902309141E+06 2.96345 3.55466 5.09877 18.08141 6.54702
528 8.915403381E+06 2.96240 3.55478 5.09718 18.04542 6.57137
529 8.928511778E+06 2.96134 3.55491 5.09558 18.00958 6.59488
530 8.941564291E+06 2.96029 3.55505 5.09399 17.97409 6.61750
531 8.954538107E+06 2.95927 3.55517 5.09247 17.93900 6.63926
532 8.967574602E+06 2.95830 3.55529 5.09103 17.90391 6.66049
533 8.980841872E+06 2.95740 3.55541 5.08967 17.86837 6.68150
534 8.994388220E+06 2.95654 3.55551 5.08838 17.83224 6.70189
535 9.008099031E+06 2.95574 3.55561 5.08716 17.79582 6.72112
536 9.022006194E+06 2.95498 3.55570 5.08601 17.75903 6.73970
537 9.036015304E+06 2.95428 3.55578 5.08494 17.72210 6.75755
538 9.049987896E+06 2.95368 3.55585 5.08401 17.68538 6.77454
539 9.064028323E+06 2.95320 3.55590 5.08323 17.64859 6.79090
540 9.078336902E+06 2.95283 3.55593 5.08260 17.61118 6.80694
541 9.092970315E+06 2.95258 3.55593 5.08212 17.57299 6.82280
542 9.107830531E+06 2.95243 3.55592 5.08178 17.53426 6.83848
543 9.122670866E+06 2.95239 3.55589 5.08157 17.49562 6.85392
544 9.137197652E+06 2.95244 3.55584 5.08149 17.45782 6.86844
545 9.151164548E+06 2.95261 3.55578 5.08156 17.42148 6.88083
546 9.164654632E+06 2.95288 3.55569 5.08177 17.38636 6.89217
547 9.177877572E+06 2.95326 3.55559 5.08213 17.35192 6.90279
548 9.190717900E+06 2.95375 3.55547 5.08261 17.31843 6.91274
549 9.203177738E+06 2.95432 3.55533 5.08321 17.28588 6.92216
550 9.215247198E+06 2.95498 3.55518 5.08392 17.25430 6.93119
551 9.226913831E+06 2.95570 3.55502 5.08472 17.22370 6.93996
552 9.238141906E+06 2.95648 3.55485 5.08560 17.19418 6.94859
553 9.248897702E+06 2.95731 3.55467 5.08655 17.16582 6.95657
554 9.259161960E+06 2.95819 3.55449 5.08757 17.13868 6.96318
555 9.268996975E+06 2.95911 3.55430 5.08864 17.11260 6.96927
556 9.278478681E+06 2.96007 3.55410 5.08978 17.08737 6.97496
557 9.287511115E+06 2.96106 3.55390 5.09096 17.06326 6.98027
558 9.296116748E+06 2.96208 3.55370 5.09219 17.04020 6.98528
559 9.304318600E+06 2.96313 3.55349 5.09346 17.01814 6.99009
560 9.312137247E+06 2.96421 3.55328 5.09478 16.99702 6.99478
561 9.319585121E+06 2.96531 3.55307 5.09614 16.97683 6.99943
562 9.326681726E+06 2.96644 3.55285 5.09754 16.95750 7.00412
563 9.333454401E+06 2.96760 3.55264 5.09898 16.93898 7.00882
564 9.339911759E+06 2.96878 3.55241 5.10047 16.92124 7.01243
565 9.346077170E+06 2.96998 3.55219 5.10198 16.90422 7.01578
566 9.352033080E+06 2.97122 3.55197 5.10355 16.88770 7.01896
567 9.357730485E+06 2.97248 3.55173 5.10515 16.87182 7.02198
568 9.363170250E+06 2.97377 3.55150 5.10680 16.85657 7.02486
569 9.368357054E+06 2.97509 3.55127 5.10849 16.84196 7.02764
570 9.373295599E+06 2.97644 3.55103 5.11022 16.82797 7.03036
571 9.377993117E+06 2.97782 3.55078 5.11201 16.81459 7.03306
572 9.382456282E+06 2.97923 3.55054 5.11384 16.80180 7.03577
573 9.386688306E+06 2.98067 3.55029 5.11572 16.78960 7.03849
574 9.390689125E+06 2.98214 3.55003 5.11764 16.77800 7.04123
575 9.394459422E+06 2.98364 3.54977 5.11962 16.76699 7.04400
576 9.398000239E+06 2.98519 3.54951 5.12165 16.75658 7.04598
577 9.401315445E+06 2.98678 3.54924 5.12375 16.74677 7.04777
578 9.404440869E+06 2.98843 3.54896 5.12594 16.73745 7.04942
579 9.407354937E+06 2.99013 3.54867 5.12820 16.72870 7.05094
580 9.410063128E+06 2.99188 3.54838 5.13053 16.72051 7.05235
581 9.412568972E+06 2.99367 3.54808 5.13292 16.71286 7.05367
582 9.414886038E+06 2.99551 3.54778 5.13537 16.70573 7.05494
583 9.417016305E+06 2.99737 3.54747 5.13787 16.69912 7.05618
584 9.418968754E+06 2.99928 3.54716 5.14042 16.69301 7.05740
585 9.420752962E+06 3.00123 3.54683 5.14304 16.68738 7.05864
586 9.422375332E+06 3.00322 3.54651 5.14572 16.68221 7.05992
587 9.423838637E+06 3.00526 3.54617 5.14846 16.67750 7.06126
588 9.425152682E+06 3.00733 3.54583 5.15124 16.67324 7.06215
589 9.426323591E+06 3.00943 3.54549 5.15406 16.66940 7.06277
590 9.427367997E+06 3.01158 3.54514 5.15695 16.66594 7.06326
591 9.428295572E+06 3.01376 3.54478 5.15988 16.66283 7.06366
592 9.429111233E+06 3.01596 3.54442 5.16283 16.66007 7.06398
593 9.429823508E+06 3.01819 3.54405 5.16582 16.65764 7.06425
594 9.430442735E+06 3.02046 3.54368 5.16887 16.65550 7.06450
595 9.430977490E+06 3.02272 3.54330 5.17190 16.65363 7.06477
596 9.431431282E+06 3.02493 3.54293 5.17484 16.65203 7.06509
597 9.431813319E+06 3.02708 3.54257 5.17768 16.65066 7.06550
598 9.432133009E+06 3.02914 3.54222 5.18040 16.64951 7.06541
599 9.432398217E+06 3.03110 3.54188 5.18297 16.64855 7.06523
600 9.432620244E+06 3.03296 3.54156 5.18540 16.64774 7.06501
601 9.432801607E+06 3.03470 3.54125 5.18763 16.64707 7.06479
602 9.432947739E+06 3.03626 3.54096 5.18962 16.64652 7.06461
603 9.433068059E+06 3.03768 3.54071 5.19143 16.64607 7.06454
604 9.433184579E+06 3.03920 3.54043 5.19338 16.64563 7.06456
605 9.433298633E+06 3.04087 3.54014 5.19553 16.64520 7.06464
606 9.433410178E+06 3.04267 3.53982 5.19786 16.64477 7.06442
607 9.433519515E+06 3.04458 3.53949 5.20036 16.64435 7.06421
608 9.433628498E+06 3.04662 3.53914 5.20303 16.64392 7.06403
609 9.433736083E+06 3.04873 3.53877 5.20581 16.64350 7.06390
610 9.433842714E+06 3.05089 3.53841 5.20865 16.64307 7.06383
611 9.433948685E+06 3.05307 3.53804 5.21153 16.64264 7.06383
612 9.434054369E+06 3.05525 3.53767 5.21442 16.64221 7.06389
613 9.434159968E+06 3.05742 3.53731 5.21730 16.64178 7.06401
614 9.434265743E+06 3.05956 3.53695 5.22017 16.64134 7.06390
615 9.434371938E+06 3.06168 3.53660 5.22300 16.64089 7.06380
616 9.434479836E+06 3.06379 3.53625 5.22584 16.64043 7.06373
617 9.434588444E+06 3.06586 3.53592 5.22864 16.63996 7.06369
618 9.434697822E+06 3.06791 3.53559 5.23140 16.63948 7.06369
619 9.434807980E+06 3.06992 3.53526 5.23413 16.63900 7.06372
620 9.434918985E+06 3.07190 3.53495 5.23683 16.63850 7.06380
621 9.435030885E+06 3.07385 3.53464 5.23950 16.63800 7.06393
622 9.435143712E+06 3.07576 3.53434 5.24213 16.63748 7.06399
623 9.435257563E+06 3.07764 3.53405 5.24472 16.63696 7.06398
624 9.435373154E+06 3.07949 3.53376 5.24728 16.63642 7.06399
625 9.435490592E+06 3.08132 3.53349 5.24983 16.63587 7.06402
626 9.435609440E+06 3.08311 3.53322 5.25233 16.63531 7.06407
627 9.435729764E+06 3.08488 3.53295 5.25480 16.63473 7.06415
628 9.435851636E+06 3.08660 3.53270 5.25723 16.63414 7.06425
629 9.435975242E+06 3.08829 3.53245 5.25961 16.63353 7.06439
630 9.436100693E+06 3.08993 3.53221 5.26193 16.63291 7.06456
631 9.436228084E+06 3.09153 3.53197 5.26420 16.63227 7.06471
632 9.436357444E+06 3.09308 3.53175 5.26641 16.63162 7.06480
633 9.436489278E+06 3.09459 3.53154 5.26856 16.63095 7.06492
634 9.436623664E+06 3.09605 3.53133 5.27065 16.63025 7.06505
635 9.436759954E+06 3.09746 3.53113 5.27267 16.62955 7.06520
636 9.436898229E+06 3.09881 3.53094 5.27462 16.62882 7.06537
637 9.437038454E+06 3.10011 3.53076 5.27649 16.62808 7.06556
638 9.437180610E+06 3.10135 3.53059 5.27829 16.62732 7.06577
639 9.437324543E+06 3.10253 3.53043 5.28000 16.62655 7.06601
640 9.437470351E+06 3.10366 3.53027 5.28165 16.62576 7.06627
641 9.437618011E+06 3.10474 3.53013 5.28322 16.62496 7.06649
642 9.437767520E+06 3.10576 3.52999 5.28471 16.62414 7.06671
643 9.437919821E+06 3.10674 3.52986 5.28614 16.62330 7.06696
644 9.438074497E+06 3.10765 3.52974 5.28749 16.62244 7.06721
645 9.438231562E+06 3.10850 3.52962 5.28874 16.62156 7.06749
646 9.438391210E+06 3.10927 3.52952 5.28987 16.62066 7.06778
647 9.438553542E+06 3.10995 3.52944 5.29088 16.61974 7.06810
648 9.438718867E+06 3.11052 3.52936 5.29174 16.61881 7.06844
649 9.438887251E+06 3.11099 3.52931 5.29244 16.61785 7.06882
650 9.439058478E+06 3.11132 3.52927 5.29294 16.61687 7.06921
651 9.439232116E+06 3.11150 3.52925 5.29324 16.61588 7.06960
652 9.439408347E+06 3.11154 3.52925 5.29332 16.61487 7.07000
653 9.439586392E+06 3.11141 3.52927 5.29316 16.61385 7.07041
654 9.439764399E+06 3.11112 3.52932 5.29276 16.61284 7.07083
655 9.439940802E+06 3.11068 3.52938 5.29214 16.61184 7.07125
656 9.440115143E+06 3.11011 3.52947 5.29133 16.61085 7.07169
657 9.440286881E+06 3.10943 3.52957 5.29035 16.60988 7.07216
658 9.440455891E+06 3.10866 3.52967 5.28925 16.60893 7.07262
659 9.440622120E+06 3.10782 3.52979 5.28806 16.60801 7.07301
660 9.440785901E+06 3.10694 3.52992 5.28679 16.60710 7.07337
661 9.440947897E+06 3.10602 3.53005 5.28548 16.60620 7.07372
662 9.441107612E+06 3.10509 3.53018 5.28415 16.60533 7.07407
663 9.441265153E+06 3.10417 3.53031 5.28282 16.60447 7.07444
664 9.441420636E+06 3.10326 3.53044 5.28152 16.60363 7.07486
665 9.441574045E+06 3.10238 3.53057 5.28026 16.60280 7.07512
666 9.441725245E+06 3.10153 3.53069 5.27905 16.60200 7.07534
667 9.441876153E+06 3.10071 3.53080 5.27788 16.60119 7.07556
668 9.442025367E+06 3.09995 3.53092 5.27680 16.60040 7.07581
669 9.442172743E+06 3.09924 3.53102 5.27580 16.59962 7.07615
670 9.442318108E+06 3.09859 3.53111 5.27489 16.59886 7.07631
671 9.442461193E+06 3.09801 3.53120 5.27407 16.59811 7.07640
672 9.442603689E+06 3.09749 3.53128 5.27335 16.59737 7.07652
673 9.442743793E+06 3.09704 3.53135 5.27272 16.59664 7.07673
674 9.442880523E+06 3.09665 3.53141 5.27220 16.59593 7.07694
675 9.443013538E+06 3.09634 3.53147 5.27179 16.59524 7.07694
676 9.443143412E+06 3.09609 3.53151 5.27146 16.59457 7.07697
677 9.443271272E+06 3.09591 3.53155 5.27124 16.59391 7.07708
678 9.443395408E+06 3.09580 3.53157 5.27113 16.59326 7.07731
679 9.443515559E+06 3.09573 3.53159 5.27108 16.59264 7.07724
680 9.443631558E+06 3.09571 3.53161 5.27109 16.59204 7.07721
681 9.443745348E+06 3.09573 3.53162 5.27116 16.59146 7.07728
682 9.443855061E+06 3.09578 3.53162 5.27129 16.59089 7.07748
683 9.443960401E+06 3.09587 3.53162 5.27146 16.59034 7.07740
684 9.444061397E+06 3.09598 3.53162 5.27168 16.58982 7.07734
685 9.444159828E+06 3.09617 3.53161 5.27199 16.58931 7.07737
686 9.444254580E+06 3.09635 3.53159 5.27231 16.58881 7.07754
687 9.444345294E+06 3.09654 3.53158 5.27265 16.58834 7.07751
688 9.444432037E+06 3.09674 3.53157 5.27299 16.58789 7.07743
689 9.444515954E+06 3.09695 3.53155 5.27335 16.58745 7.07743
690 9.444596647E+06 3.09717 3.53153 5.27372 16.58703 7.07755
691 9.444673827E+06 3.09739 3.53152 5.27410 16.58662 7.07762
692 9.444747628E+06 3.09765 3.53150 5.27454 16.58623 7.07752
693 9.444818634E+06 3.09792 3.53147 5.27497 16.58586 7.07750
694 9.444887139E+06 3.09817 3.53145 5.27540 16.58550 7.07756
695 9.444952571E+06 3.09841 3.53144 5.27581 16.58515 7.07774
696 9.445014913E+06 3.09865 3.53142 5.27621 16.58482 7.07766
697 9.445074240E+06 3.09888 3.53140 5.27660 16.58451 7.07760
698 9.445131297E+06 3.09911 3.53138 5.27698 16.58420 7.07761
699 9.445185575E+06 3.09933 3.53137 5.27736 16.58391 7.07771
700 9.445237073E+06 3.09954 3.53135 5.27772 16.58364 7.07786
701 9.445285870E+06 3.09978 3.53133 5.27813 16.58338 7.07777
702 9.445332175E+06 3.10000 3.53132 5.27851 16.58313 7.07774
703 9.445376435E+06 3.10021 3.53130 5.27887 16.58289 7.07776
704 9.445418301E+06 3.10041 3.53129 5.27921 16.58267 7.07786
705 9.445457840E+06 3.10059 3.53128 5.27953 16.58245 7.07804
706 9.445495182E+06 3.10076 3.53127 5.27983 16.58225 7.07797
707 9.445530416E+06 3.10092 3.53126 5.28012 16.58206 7.07793
708 9.445563970E+06 3.10107 3.53125 5.28039 16.58188 7.07794
709 9.445595602E+06 3.10121 3.53125 5.28065 16.58171 7.07801
710 9.445625428E+06 3.10134 3.53124 5.28090 16.58155 7.07815
711 9.445653527E+06 3.10146 3.53124 5.28113 16.58139 7.07825
712 9.445679997E+06 3.10159 3.53124 5.28136 16.58125 7.07819
713 9.445704997E+06 3.10173 3.53123 5.28162 16.58111 7.07818
714 9.445728681E+06 3.10186 3.53123 5.28186 16.58098 7.07821
715 9.445750988E+06 3.10197 3.53122 5.28208 16.58086 7.07828
716 9.445771974E+06 3.10207 3.53122 5.28228 16.58075 7.07841
717 9.445791729E+06 3.10217 3.53122 5.28246 16.58064 7.07855
718 9.445810317E+06 3.10225 3.53122 5.28263 16.58054 7.07850
719 9.445827803E+06 3.10232 3.53122 5.28278 16.58044 7.07849
720 9.445844313E+06 3.10239 3.53122 5.28292 16.58035 7.07850
721 9.445859797E+06 3.10245 3.53123 5.28305 16.58027 7.07856
722 9.445874310E+06 3.10251 3.53123 5.28317 16.58019 7.07865
723 9.445887908E+06 3.10255 3.53123 5.28328 16.58011 7.07879
724 9.445900643E+06 3.10260 3.53124 5.28338 16.58004 7.07888
725 9.445912565E+06 3.10263 3.53124 5.28347 16.57998 7.07885
726 9.445923759E+06 3.10268 3.53124 5.28358 16.57991 7.07884
727 9.445934297E+06 3.10274 3.53124 5.28370 16.57986 7.07887
728 9.445944184E+06 3.10280 3.53124 5.28382 16.57980 7.07892
729 9.445953468E+06 3.10286 3.53124 5.28392 16.57975 7.07901
730 9.445962199E+06 3.10290 3.53124 5.28401 16.57970 7.07913
731 9.445970421E+06 3.10294 3.53124 5.28409 16.57966 7.07929
732 9.445978187E+06 3.10297 3.53124 5.28416 16.57961 7.07926
733 9.445985544E+06 3.10300 3.53124 5.28422 16.57957 7.07924
734 9.445992587E+06 3.10303 3.53124 5.28427 16.57954 7.07925
735 9.445999333E+06 3.10305 3.53124 5.28431 16.57950 7.07928
736 9.446005848E+06 3.10307 3.53124 5.28435 16.57946 7.07934
737 9.446012216E+06 3.10309 3.53124 5.28439 16.57943 7.07943
738 9.446018490E+06 3.10311 3.53124 5.28442 16.57939 7.07954
739 9.446024713E+06 3.10313 3.53124 5.28445 16.57936 7.07967
740 9.446030909E+06 3.10315 3.53123 5.28448 16.57932 7.07970
741 9.446036984E+06 3.10318 3.53123 5.28451 16.57929 7.07968
742 9.446042740E+06 3.10322 3.53122 5.28457 16.57926 7.07968
743 9.446047878E+06 3.10327 3.53121 5.28464 16.57923 7.07970
744 9.446052157E+06 3.10332 3.53120 5.28468 16.57921 7.07976
745 9.446055762E+06 3.10335 3.53119 5.28471 16.57919 7.07984
746 9.446058848E+06 3.10338 3.53118 5.28473 16.57917 7.07996
747 9.446061536E+06 3.10340 3.53117 5.28474 16.57915 7.08010
748 9.446063919E+06 3.10342 3.53116 5.28473 16.57914 7.08015
749 9.446066067E+06 3.10344 3.53115 5.28472 16.57913 7.08013
750 9.446068031E+06 3.10345 3.53114 5.28470 16.57912 7.08013
751 9.446069847E+06 3.10346 3.53113 5.28467 16.57911 7.08015
752 9.446071538E+06 3.10346 3.53112 5.28463 16.57910 7.08019
753 9.446073126E+06 3.10346 3.53111 5.28458 16.57909 7.08026
754 9.446074624E+06 3.10346 3.53109 5.28453 16.57908 7.08035
755 9.446076041E+06 3.10346 3.53108 5.28447 16.57907 7.08046
756 9.446077384E+06 3.10346 3.53106 5.28441 16.57907 7.08061
757 9.446078656E+06 3.10347 3.53105 5.28436 16.57906 7.08063
758 9.446079858E+06 3.10348 3.53103 5.28432 16.57905 7.08061
759 9.446080993E+06 3.10350 3.53101 5.28428 16.57905 7.08061
760 9.446082061E+06 3.10352 3.53099 5.28423 16.57904 7.08064
761 9.446083064E+06 3.10354 3.53096 5.28419 16.57903 7.08068
762 9.446084003E+06 3.10356 3.53094 5.28413 16.57903 7.08074
763 9.446084883E+06 3.10358 3.53092 5.28407 16.57902 7.08083
764 9.446085706E+06 3.10360 3.53089 5.28400 16.57902 7.08095
765 9.446086476E+06 3.10362 3.53086 5.28393 16.57902 7.08110
766 9.446087195E+06 3.10364 3.53083 5.28384 16.57901 7.08112
767 9.446087867E+06 3.10365 3.53080 5.28376 16.57901 7.08110
768 9.446088496E+06 3.10366 3.53077 5.28367 16.57900 7.08110
769 9.446089084E+06 3.10367 3.53074 5.28357 16.57900 7.08112
770 9.446089632E+06 3.10368 3.53071 5.28346 16.57900 7.08117
771 9.446090143E+06 3.10370 3.53068 5.28335 16.57900 7.08123
772 9.446090619E+06 3.10371 3.53065 5.28325 16.57899 7.08132
