1 4.655587000E+04 0.78246 4.54657 4.70447 20.99800 0.00003
2 8.721578931E+04 0.78341 4.54640 4.70568 20.99624 0.00003
3 1.360076925E+05 0.78464 4.54616 4.70718 20.99412 0.00003
4 1.945579763E+05 0.78614 4.54587 4.70899 20.99156 0.00003
5 2.648183169E+05 0.78793 4.54552 4.71118 20.98845 0.00003
6 3.491307256E+05 0.79008 4.54511 4.71384 20.98468 0.00003
7 4.503056160E+05 0.79264 4.54463 4.71705 20.98009 0.00003
8 5.717154845E+05 0.79572 4.54407 4.72095 20.97448 0.00002
9 7.123850580E+05 0.79930 4.54342 4.72552 20.96786 0.00002
10 8.538686425E+05 0.80289 4.54279 4.73018 20.96105 0.00002
11 9.960221721E+05 0.80651 4.54216 4.73491 20.95407 0.00002
12 1.138278131E+06 0.81015 4.54154 4.73972 20.94693 0.00002
13 1.280232452E+06 0.81381 4.54093 4.74457 20.93965 0.00002
14 1.421529437E+06 0.81749 4.54031 4.74947 20.93224 0.00002
15 1.561865063E+06 0.82120 4.53969 4.75439 20.92472 0.00002
16 1.700981960E+06 0.82492 4.53906 4.75933 20.91709 0.00002
17 1.838657549E+06 0.82867 4.53842 4.76428 20.90938 0.00002
18 1.974681970E+06 0.83245 4.53777 4.76923 20.90159 0.00002
19 2.108825739E+06 0.83625 4.53710 4.77415 20.89374 0.00002
20 2.240792669E+06 0.84009 4.53641 4.77905 20.88584 0.00002
21 2.370202406E+06 0.84395 4.53568 4.78389 20.87794 0.00002
22 2.496918626E+06 0.84782 4.53495 4.78868 20.87004 0.00002
23 2.621571249E+06 0.85170 4.53420 4.79345 20.86211 0.00002
24 2.744265290E+06 0.85561 4.53343 4.79820 20.85414 0.00002
25 2.864958438E+06 0.85954 4.53265 4.80293 20.84615 0.00002
26 2.983587738E+06 0.86349 4.53185 4.80763 20.83813 0.00002
27 3.100136632E+06 0.86746 4.53104 4.81230 20.83010 0.00002
28 3.214597156E+06 0.87145 4.53020 4.81694 20.82207 0.00002
29 3.326959398E+06 0.87546 4.52935 4.82154 20.81403 0.00002
30 3.437231683E+06 0.87949 4.52847 4.82611 20.80599 0.00002
31 3.545401276E+06 0.88354 4.52758 4.83063 20.79796 0.00002
32 3.651417720E+06 0.88762 4.52665 4.83510 20.78995 0.00002
33 3.755181558E+06 0.89173 4.52570 4.83950 20.78198 0.00002
34 3.856460810E+06 0.89586 4.52472 4.84382 20.77407 0.00002
35 3.955251211E+06 0.89999 4.52372 4.84808 20.76623 0.00002
36 4.052090546E+06 0.90413 4.52270 4.85230 20.75842 0.00002
37 4.147128086E+06 0.90832 4.52166 4.85651 20.75064 0.00002
38 4.240111840E+06 0.91253 4.52060 4.86068 20.74291 0.00002
39 4.331229667E+06 0.91675 4.51952 4.86482 20.73523 0.00002
40 4.420644072E+06 0.92100 4.51842 4.86891 20.72758 0.00002
41 4.508415901E+06 0.92527 4.51730 4.87297 20.71997 0.00002
42 4.594553534E+06 0.92956 4.51616 4.87699 20.71240 0.00002
43 4.679073752E+06 0.93387 4.51500 4.88097 20.70487 0.00002
44 4.761977914E+06 0.93821 4.51381 4.88491 20.69740 0.00002
45 4.843238407E+06 0.94257 4.51261 4.88881 20.68998 0.00002
46 4.922821808E+06 0.94696 4.51137 4.89264 20.68263 0.00002
47 5.000644342E+06 0.95137 4.51011 4.89642 20.67536 0.00002
48 5.076590554E+06 0.95580 4.50882 4.90011 20.66820 0.00002
49 5.150720479E+06 0.96023 4.50751 4.90375 20.66114 0.00002
50 5.223380310E+06 0.96467 4.50619 4.90736 20.65415 0.00002
51 5.294711742E+06 0.96913 4.50485 4.91092 20.64723 0.00002
52 5.364761112E+06 0.97362 4.50349 4.91445 20.64037 0.00002
53 5.433554859E+06 0.97813 4.50211 4.91795 20.63358 0.00002
54 5.501109085E+06 0.98266 4.50071 4.92142 20.62686 0.00002
55 5.567410698E+06 0.98721 4.49930 4.92485 20.62021 0.00002
56 5.632492924E+06 0.99177 4.49787 4.92827 20.61364 0.00003
57 5.696893148E+06 0.99637 4.49643 4.93170 20.60709 0.00003
58 5.760383624E+06 1.00104 4.49495 4.93513 20.60059 0.00003
59 5.822566810E+06 1.00576 4.49344 4.93852 20.59419 0.00003
60 5.883322127E+06 1.01048 4.49192 4.94186 20.58790 0.00003
61 5.942767162E+06 1.01522 4.49036 4.94514 20.58171 0.00003
62 6.000832459E+06 1.01998 4.48878 4.94833 20.57564 0.00003
63 6.057276001E+06 1.02473 4.48718 4.95144 20.56972 0.00003
64 6.112278810E+06 1.02947 4.48558 4.95449 20.56394 0.00003
65 6.166273167E+06 1.03421 4.48396 4.95751 20.55824 0.00003
66 6.219347783E+06 1.03898 4.48232 4.96049 20.55263 0.00003
67 6.271508313E+06 1.04376 4.48068 4.96348 20.54711 0.00003
68 6.323190728E+06 1.04858 4.47902 4.96649 20.54163 0.00003
69 6.374462206E+06 1.05346 4.47734 4.96951 20.53618 0.00004
70 6.424993097E+06 1.05838 4.47562 4.97251 20.53081 0.00004
71 6.474637191E+06 1.06333 4.47389 4.97548 20.52552 0.00004
72 6.523388724E+06 1.06829 4.47215 4.97841 20.52034 0.00004
73 6.571268911E+06 1.07328 4.47038 4.98131 20.51524 0.00004
74 6.618293723E+06 1.07828 4.46860 4.98418 20.51025 0.00004
75 6.664464616E+06 1.08330 4.46679 4.98701 20.50535 0.00004
76 6.709770121E+06 1.08833 4.46497 4.98978 20.50055 0.00004
77 6.754163105E+06 1.09338 4.46312 4.99249 20.49586 0.00004
78 6.797503867E+06 1.09843 4.46125 4.99513 20.49130 0.00005
79 6.839504513E+06 1.10350 4.45937 4.99772 20.48690 0.00005
80 6.880284326E+06 1.10852 4.45749 5.00026 20.48265 0.00005
81 6.920334721E+06 1.11354 4.45561 5.00278 20.47849 0.00005
82 6.959904548E+06 1.11860 4.45372 5.00533 20.47440 0.00005
83 6.999318660E+06 1.12374 4.45180 5.00791 20.47035 0.00006
84 7.038291259E+06 1.12893 4.44985 5.01048 20.46637 0.00006
85 7.076651593E+06 1.13414 4.44788 5.01303 20.46247 0.00006
86 7.114356685E+06 1.13937 4.44590 5.01556 20.45867 0.00006
87 7.151402337E+06 1.14461 4.44390 5.01805 20.45496 0.00006
88 7.187795319E+06 1.14987 4.44188 5.02052 20.45134 0.00007
89 7.223549288E+06 1.15514 4.43986 5.02296 20.44782 0.00007
90 7.258664536E+06 1.16044 4.43781 5.02534 20.44372 0.00007
91 7.293061685E+06 1.16573 4.43574 5.02766 20.43883 0.00008
92 7.326704608E+06 1.17103 4.43365 5.02991 20.43319 0.00008
93 7.359585949E+06 1.17630 4.43156 5.03207 20.42682 0.00008
94 7.391646030E+06 1.18153 4.42946 5.03414 20.41976 0.00009
95 7.422939739E+06 1.18673 4.42736 5.03617 20.41204 0.00009
96 7.453612423E+06 1.19196 4.42525 5.03816 20.40365 0.00010
97 7.483671422E+06 1.19729 4.42308 5.04014 20.39459 0.00010
98 7.512765691E+06 1.20258 4.42092 5.04207 20.38502 6.35968
99 7.541169819E+06 1.20730 4.41902 5.04391 20.37495 6.74044
100 7.555371883E+06 1.20965 4.41804 5.04472 20.36974 6.75403
101 7.572414360E+06 1.21273 4.41678 5.04581 20.36321 6.75611
102 7.592865332E+06 1.21650 4.41523 5.04716 20.35495 6.75502
103 7.617406499E+06 1.22109 4.41334 5.04878 20.34442 6.75239
104 7.646855899E+06 1.22670 4.41102 5.05072 20.33088 6.74678
105 7.676668165E+06 1.23246 4.40863 5.05269 20.31622 6.73585
106 7.705860799E+06 1.23814 4.40627 5.05461 20.30093 6.71813
107 7.734396864E+06 1.24374 4.40394 5.05649 20.28509 6.69946
108 7.762277603E+06 1.24925 4.40165 5.05835 20.26873 6.68418
109 7.789593492E+06 1.25467 4.39941 5.06020 20.25185 6.67225
110 7.816391123E+06 1.26007 4.39718 5.06207 20.23444 6.66300
111 7.842287826E+06 1.26526 4.39505 5.06394 20.21684 6.65545
112 7.867603550E+06 1.27019 4.39305 5.06582 20.19889 6.64920
113 7.892528508E+06 1.27481 4.39121 5.06773 20.18051 6.64398
114 7.917042623E+06 1.27897 4.38962 5.06968 20.16181 6.63945
115 7.940812252E+06 1.28244 4.38839 5.07169 20.14314 6.63552
116 7.962971696E+06 1.28484 4.38770 5.07371 20.12536 6.63219
117 7.982184777E+06 1.28583 4.38768 5.07563 20.10978 6.62952
118 7.997751953E+06 1.28543 4.38832 5.07740 20.09714 6.62748
119 8.009461972E+06 1.28406 4.38939 5.07892 20.08770 6.62604
120 8.018207730E+06 1.28214 4.39068 5.08023 20.08073 6.62506
121 8.025027023E+06 1.27992 4.39208 5.08141 20.07537 6.62476
122 8.030517090E+06 1.27749 4.39357 5.08250 20.07113 6.62484
123 8.035036486E+06 1.27493 4.39511 5.08354 20.06771 6.62500
124 8.038818080E+06 1.27228 4.39668 5.08454 20.06490 6.62522
125 8.042021997E+06 1.26961 4.39827 5.08553 20.06257 6.62547
126 8.044763732E+06 1.26692 4.39986 5.08651 20.06063 6.62575
127 8.047124511E+06 1.26422 4.40146 5.08751 20.05899 6.62605
128 8.049165916E+06 1.26152 4.40306 5.08852 20.05761 6.62637
129 8.050934836E+06 1.25883 4.40466 5.08955 20.05645 6.62669
130 8.052469500E+06 1.25618 4.40625 5.09061 20.05547 6.62702
131 8.053806794E+06 1.25359 4.40782 5.09169 20.05464 6.62735
132 8.054973497E+06 1.25105 4.40936 5.09280 20.05393 6.62767
133 8.055991962E+06 1.24859 4.41088 5.09395 20.05334 6.62798
134 8.056881402E+06 1.24621 4.41237 5.09513 20.05283 6.62828
135 8.057658419E+06 1.24391 4.41382 5.09634 20.05241 6.62856
136 8.058337638E+06 1.24171 4.41523 5.09759 20.05204 6.62882
137 8.058931711E+06 1.23960 4.41660 5.09886 20.05174 6.62906
138 8.059451460E+06 1.23758 4.41794 5.10016 20.05148 6.62926
139 8.059905571E+06 1.23567 4.41922 5.10146 20.05126 6.62942
140 8.060303230E+06 1.23385 4.42046 5.10277 20.05108 6.62953
141 8.060651818E+06 1.23215 4.42164 5.10409 20.05092 6.62961
142 8.060957245E+06 1.23054 4.42278 5.10542 20.05079 6.62960
143 8.061224802E+06 1.22902 4.42387 5.10675 20.05067 6.62944
144 8.061459149E+06 1.22760 4.42491 5.10807 20.05058 6.62875
145 8.061664591E+06 1.22627 4.42590 5.10938 20.05050 6.62777
146 8.061844979E+06 1.22502 4.42685 5.11067 20.05043 6.62667
147 8.062003362E+06 1.22385 4.42775 5.11193 20.05037 6.62545
148 8.062142406E+06 1.22274 4.42861 5.11317 20.05032 6.62411
149 8.062264390E+06 1.22170 4.42943 5.11438 20.05028 6.62264
150 8.062371594E+06 1.22072 4.43021 5.11553 20.05025 6.62096
151 8.062464611E+06 1.21986 4.43090 5.11655 20.05022 6.61929
152 8.062552378E+06 1.21905 4.43153 5.11748 20.05019 6.61763
153 8.062639274E+06 1.21826 4.43215 5.11836 20.05017 6.61589
154 8.062725525E+06 1.21750 4.43273 5.11918 20.05014 6.61409
155 8.062812174E+06 1.21677 4.43329 5.11995 20.05012 6.61219
156 8.062899775E+06 1.21605 4.43382 5.12064 20.05009 6.61020
157 8.062988900E+06 1.21537 4.43432 5.12127 20.05007 6.60811
158 8.063080029E+06 1.21472 4.43478 5.12182 20.05005 6.60593
159 8.063173674E+06 1.21411 4.43520 5.12228 20.05002 6.60367
160 8.063270336E+06 1.21355 4.43558 5.12266 20.05000 6.60135
161 8.063370592E+06 1.21303 4.43590 5.12293 20.04998 6.59902
162 8.063474915E+06 1.21258 4.43617 5.12308 20.04995 6.59676
163 8.063583852E+06 1.21221 4.43636 5.12311 20.04993 6.59469
164 8.063697868E+06 1.21192 4.43648 5.12300 20.04990 6.59306
165 8.063817331E+06 1.21174 4.43651 5.12274 20.04988 6.59113
166 8.063942640E+06 1.21167 4.43643 5.12231 20.04985 6.58835
167 8.064074355E+06 1.21175 4.43623 5.12169 20.04982 6.58478
168 8.064211947E+06 1.21200 4.43591 5.12087 20.04979 6.58066
169 8.064353756E+06 1.21242 4.43545 5.11987 20.04975 6.57630
170 8.064498880E+06 1.21304 4.43484 5.11869 20.04972 6.57221
171 8.064646336E+06 1.21386 4.43410 5.11737 20.04968 6.56834
172 8.064795314E+06 1.21491 4.43321 5.11591 20.04964 6.54283
173 8.064945080E+06 1.21621 4.43218 5.11436 20.04960 6.51320
174 8.065098744E+06 1.21781 4.43096 5.11270 20.04955 6.48083
175 8.065252899E+06 1.21971 4.42958 5.11101 20.04950 6.44794
176 8.065407054E+06 1.22196 4.42804 5.10933 20.04944 6.41602
177 8.065560532E+06 1.22456 4.42634 5.10772 20.04938 6.38652
178 8.065712904E+06 1.22753 4.42448 5.10623 20.04932 6.36094
179 8.065863913E+06 1.23088 4.42248 5.10491 20.04926 6.34086
180 8.066013380E+06 1.23461 4.42034 5.10380 20.04919 6.32646
181 8.066160577E+06 1.23868 4.41808 5.10291 20.04911 6.31761
182 8.066304958E+06 1.24307 4.41572 5.10226 20.04903 6.31197
183 8.066446439E+06 1.24772 4.41329 5.10183 20.04895 6.29249
184 8.066585137E+06 1.25261 4.41079 5.10163 20.04887 6.27205
185 8.066721496E+06 1.25772 4.40823 5.10162 20.04878 6.25176
186 8.066855131E+06 1.26298 4.40564 5.10177 20.04869 6.23238
187 8.066986168E+06 1.26838 4.40302 5.10207 20.04859 6.21441
188 8.067114785E+06 1.27387 4.40038 5.10250 20.04850 6.19831
189 8.067241184E+06 1.27945 4.39772 5.10302 20.04839 6.18447
190 8.067365622E+06 1.28509 4.39505 5.10363 20.04829 6.17298
191 8.067488282E+06 1.29077 4.39238 5.10430 20.04818 6.16365
192 8.067609547E+06 1.29649 4.38970 5.10501 20.04807 6.15639
193 8.067729708E+06 1.30225 4.38700 5.10577 20.04795 6.15065
194 8.067848827E+06 1.30805 4.38430 5.10655 20.04784 6.14634
195 8.067967021E+06 1.31389 4.38159 5.10736 20.04771 6.14339
196 8.068084426E+06 1.31976 4.37886 5.10819 20.04759 6.13316
197 8.068201162E+06 1.32566 4.37612 5.10904 20.04746 6.12130
198 8.068316313E+06 1.33154 4.37339 5.10989 20.04732 6.10939
199 8.068430654E+06 1.33743 4.37066 5.11074 20.04719 6.09770
200 8.068544430E+06 1.34334 4.36792 5.11159 20.04705 6.08647
201 8.068657726E+06 1.34927 4.36516 5.11244 20.04691 6.07594
202 8.068770621E+06 1.35518 4.36242 5.11328 20.04676 6.06633
203 8.068883715E+06 1.36112 4.35966 5.11412 20.04661 6.05778
204 8.068996693E+06 1.36709 4.35688 5.11495 20.04645 6.05025
205 8.069109384E+06 1.37308 4.35409 5.11576 20.04629 6.04388
206 8.069221832E+06 1.37908 4.35129 5.11656 20.04613 6.03852
207 8.069334069E+06 1.38511 4.34847 5.11734 20.04597 6.03400
208 8.069446089E+06 1.39116 4.34564 5.11811 20.04581 6.03031
209 8.069557896E+06 1.39723 4.34279 5.11887 20.04565 6.02743
210 8.069669502E+06 1.40332 4.33994 5.11962 20.04549 6.02536
211 8.069780915E+06 1.40943 4.33706 5.12035 20.04533 6.01777
212 8.069892140E+06 1.41552 4.33420 5.12108 20.04518 6.00913
213 8.070002798E+06 1.42159 4.33134 5.12179 20.04502 6.00040
214 8.070113306E+06 1.42768 4.32847 5.12249 20.04487 5.99178
215 8.070223586E+06 1.43378 4.32559 5.12317 20.04471 5.98345
216 8.070333636E+06 1.43990 4.32270 5.12384 20.04456 5.97557
217 8.070443470E+06 1.44603 4.31980 5.12450 20.04441 5.96831
218 8.070553103E+06 1.45219 4.31688 5.12514 20.04426 5.96178
219 8.070662558E+06 1.45836 4.31395 5.12576 20.04411 5.95592
220 8.070771731E+06 1.46456 4.31100 5.12636 20.04396 5.95081
221 8.070880656E+06 1.47076 4.30804 5.12694 20.04381 5.94644
222 8.070989441E+06 1.47692 4.30510 5.12750 20.04366 5.94265
223 8.071098906E+06 1.48315 4.30213 5.12806 20.04351 5.93938
224 8.071208284E+06 1.48940 4.29914 5.12860 20.04337 5.93666
225 8.071317489E+06 1.49567 4.29613 5.12912 20.04322 5.93448
226 8.071426498E+06 1.50197 4.29311 5.12963 20.04308 5.93284
227 8.071535294E+06 1.50830 4.29007 5.13013 20.04293 5.92780
228 8.071643864E+06 1.51466 4.28702 5.13062 20.04279 5.92146
229 8.071751388E+06 1.52100 4.28397 5.13110 20.04265 5.91507
230 8.071858294E+06 1.52734 4.28091 5.13156 20.04251 5.90875
231 8.071964828E+06 1.53366 4.27786 5.13201 20.04237 5.90257
232 8.072071606E+06 1.53997 4.27481 5.13244 20.04223 5.89660
233 8.072178692E+06 1.54634 4.27173 5.13287 20.04210 5.89095
234 8.072285525E+06 1.55274 4.26864 5.13328 20.04196 5.88574
235 8.072392083E+06 1.55916 4.26553 5.13368 20.04182 5.88104
236 8.072498363E+06 1.56561 4.26240 5.13406 20.04169 5.87679
237 8.072604259E+06 1.57208 4.25926 5.13443 20.04156 5.87305
238 8.072709796E+06 1.57858 4.25609 5.13477 20.04143 5.86980
239 8.072814984E+06 1.58510 4.25292 5.13511 20.04129 5.86698
240 8.072919816E+06 1.59164 4.24973 5.13543 20.04117 5.86451
241 8.073024462E+06 1.59812 4.24656 5.13573 20.04104 5.86236
242 8.073129886E+06 1.60469 4.24335 5.13603 20.04091 5.86052
243 8.073235023E+06 1.61129 4.24012 5.13631 20.04078 5.85902
244 8.073339803E+06 1.61792 4.23687 5.13658 20.04066 5.85782
245 8.073444194E+06 1.62459 4.23361 5.13684 20.04053 5.85416
246 8.073548175E+06 1.63129 4.23032 5.13710 20.04041 5.84984
247 8.073650953E+06 1.63797 4.22704 5.13734 20.04029 5.84551
248 8.073753035E+06 1.64468 4.22374 5.13756 20.04017 5.84122
249 8.073854584E+06 1.65140 4.22043 5.13778 20.04005 5.83703
250 8.073955600E+06 1.65805 4.21716 5.13798 20.03993 5.83294
251 8.074057325E+06 1.66476 4.21385 5.13818 20.03982 5.82898
252 8.074158939E+06 1.67153 4.21052 5.13836 20.03970 5.82525
253 8.074260098E+06 1.67833 4.20716 5.13853 20.03959 5.82179
254 8.074360781E+06 1.68516 4.20378 5.13869 20.03948 5.81863
255 8.074460979E+06 1.69203 4.20038 5.13884 20.03937 5.81575
256 8.074560622E+06 1.69893 4.19697 5.13898 20.03926 5.81315
257 8.074659700E+06 1.70586 4.19353 5.13910 20.03915 5.81083
258 8.074758201E+06 1.71283 4.19008 5.13921 20.03904 5.80877
259 8.074856097E+06 1.71974 4.18664 5.13930 20.03894 5.80693
260 8.074954242E+06 1.72666 4.18321 5.13939 20.03883 5.80525
261 8.075052599E+06 1.73366 4.17972 5.13946 20.03873 5.80374
262 8.075150311E+06 1.74070 4.17622 5.13952 20.03862 5.80240
263 8.075247300E+06 1.74776 4.17270 5.13957 20.03852 5.80122
264 8.075343509E+06 1.75484 4.16917 5.13961 20.03842 5.80020
265 8.075438885E+06 1.76195 4.16562 5.13964 20.03833 5.79931
266 8.075533383E+06 1.76908 4.16206 5.13966 20.03823 5.79855
267 8.075626958E+06 1.77624 4.15849 5.13967 20.03814 5.79650
268 8.075719569E+06 1.78335 4.15494 5.13968 20.03804 5.79423
269 8.075811282E+06 1.79034 4.15144 5.13968 20.03795 5.79195
270 8.075903184E+06 1.79743 4.14789 5.13967 20.03786 5.78969
271 8.075994131E+06 1.80453 4.14434 5.13965 20.03777 5.78750
272 8.076084072E+06 1.81164 4.14077 5.13962 20.03769 5.78540
273 8.076173013E+06 1.81877 4.13720 5.13958 20.03760 5.78340
274 8.076260964E+06 1.82591 4.13362 5.13954 20.03752 5.78150
275 8.076347937E+06 1.83307 4.13002 5.13949 20.03744 5.77972
276 8.076433942E+06 1.84026 4.12642 5.13943 20.03736 5.77804
277 8.076518991E+06 1.84736 4.12285 5.13937 20.03728 5.77646
278 8.076604041E+06 1.85441 4.11931 5.13930 20.03720 5.77495
279 8.076689471E+06 1.86159 4.11570 5.13921 20.03713 5.77352
280 8.076774086E+06 1.86880 4.11207 5.13912 20.03705 5.77219
281 8.076857825E+06 1.87603 4.10843 5.13901 20.03698 5.77097
282 8.076940686E+06 1.88328 4.10477 5.13890 20.03690 5.76984
283 8.077022669E+06 1.89057 4.10110 5.13878 20.03683 5.76881
284 8.077103768E+06 1.89789 4.09741 5.13865 20.03676 5.76786
285 8.077183980E+06 1.90524 4.09370 5.13852 20.03669 5.76698
286 8.077263289E+06 1.91244 4.09006 5.13838 20.03663 5.76615
287 8.077343172E+06 1.91970 4.08640 5.13823 20.03656 5.76534
288 8.077423118E+06 1.92706 4.08268 5.13807 20.03649 5.76459
289 8.077502241E+06 1.93445 4.07894 5.13790 20.03642 5.76388
290 8.077580470E+06 1.94188 4.07518 5.13772 20.03635 5.76323
291 8.077657765E+06 1.94934 4.07141 5.13754 20.03628 5.76262
292 8.077734092E+06 1.95683 4.06761 5.13736 20.03621 5.76206
293 8.077809415E+06 1.96436 4.06380 5.13717 20.03614 5.76155
294 8.077883710E+06 1.97191 4.05998 5.13698 20.03607 5.76107
295 8.077956950E+06 1.97918 4.05630 5.13680 20.03600 5.76060
296 8.078031599E+06 1.98669 4.05250 5.13660 20.03592 5.76014
297 8.078105529E+06 1.99423 4.04867 5.13639 20.03585 5.75972
298 8.078178484E+06 2.00180 4.04483 5.13618 20.03577 5.75934
299 8.078250415E+06 2.00940 4.04098 5.13597 20.03569 5.75899
300 8.078321307E+06 2.01703 4.03711 5.13575 20.03561 5.75867
301 8.078391131E+06 2.02468 4.03323 5.13553 20.03553 5.75842
302 8.078459845E+06 2.03237 4.02933 5.13531 20.03545 5.75821
303 8.078527451E+06 2.03990 4.02552 5.13511 20.03536 5.75801
304 8.078595408E+06 2.04740 4.02172 5.13490 20.03527 5.75783
305 8.078663939E+06 2.05507 4.01782 5.13467 20.03518 5.75769
306 8.078731692E+06 2.06279 4.01390 5.13443 20.03509 5.75766
307 8.078798563E+06 2.07054 4.00997 5.13419 20.03499 5.75774
308 8.078864536E+06 2.07833 4.00601 5.13395 20.03489 5.75793
309 8.078929579E+06 2.08617 4.00203 5.13371 20.03479 5.75809
310 8.078993612E+06 2.09405 3.99803 5.13346 20.03469 5.75824
311 8.079056549E+06 2.10186 3.99406 5.13322 20.03459 5.75836
312 8.079119178E+06 2.10947 3.99020 5.13301 20.03448 5.75849
313 8.079183286E+06 2.11736 3.98620 5.13275 20.03437 5.75860
314 8.079246904E+06 2.12532 3.98215 5.13248 20.03426 5.75869
315 8.079309850E+06 2.13334 3.97807 5.13221 20.03415 5.75876
316 8.079372138E+06 2.14140 3.97397 5.13193 20.03404 5.75882
317 8.079433807E+06 2.14954 3.96983 5.13164 20.03392 5.75886
318 8.079494816E+06 2.15778 3.96564 5.13135 20.03381 5.75890
319 8.079555045E+06 2.16605 3.96143 5.13106 20.03369 5.75893
320 8.079614723E+06 2.17403 3.95738 5.13081 20.03358 5.75898
321 8.079676707E+06 2.18238 3.95312 5.13050 20.03345 5.75903
322 8.079738779E+06 2.19089 3.94879 5.13017 20.03333 5.75908
323 8.079800620E+06 2.19951 3.94439 5.12983 20.03320 5.75913
324 8.079862379E+06 2.20827 3.93993 5.12948 20.03307 5.75920
325 8.079924287E+06 2.21718 3.93538 5.12911 20.03293 5.75926
326 8.079986637E+06 2.22632 3.93071 5.12872 20.03279 5.75934
327 8.080049563E+06 2.23573 3.92590 5.12831 20.03265 5.75943
328 8.080113669E+06 2.24529 3.92102 5.12792 20.03250 5.75954
329 8.080180943E+06 2.25523 3.91595 5.12749 20.03235 5.75966
330 8.080253172E+06 2.26600 3.91043 5.12696 20.03217 5.75981
331 8.080331614E+06 2.27786 3.90435 5.12634 20.03198 5.75999
332 8.080420914E+06 2.29152 3.89732 5.12558 20.03175 5.75979
333 8.080528074E+06 2.30816 3.88875 5.12458 20.03146 5.75907
334 8.080614541E+06 2.32168 3.88176 5.12363 20.03123 5.75814
335 8.080674006E+06 2.33105 3.87688 5.12287 20.03106 5.75734
336 8.080720140E+06 2.33826 3.87313 5.12230 20.03093 5.75668
337 8.080760661E+06 2.34452 3.86988 5.12182 20.03082 5.75609
338 8.080798102E+06 2.35025 3.86689 5.12132 20.03071 5.75556
339 8.080833093E+06 2.35560 3.86409 5.12081 20.03061 5.75508
340 8.080866209E+06 2.36072 3.86140 5.12030 20.03051 5.75466
341 8.080897663E+06 2.36567 3.85880 5.11977 20.03042 5.75429
342 8.080927633E+06 2.37051 3.85625 5.11923 20.03033 5.75398
343 8.080956248E+06 2.37526 3.85373 5.11869 20.03024 5.75373
344 8.080983593E+06 2.37987 3.85132 5.11827 20.03016 5.75318
345 8.081010767E+06 2.38433 3.84901 5.11795 20.03008 5.75255
346 8.081038950E+06 2.38885 3.84665 5.11753 20.02999 5.75190
347 8.081067242E+06 2.39340 3.84425 5.11705 20.02990 5.75126
348 8.081095111E+06 2.39797 3.84184 5.11654 20.02981 5.75062
349 8.081122352E+06 2.40255 3.83941 5.11599 20.02973 5.75000
350 8.081148870E+06 2.40715 3.83697 5.11543 20.02964 5.74939
351 8.081174611E+06 2.41177 3.83451 5.11484 20.02956 5.74881
352 8.081199576E+06 2.41627 3.83218 5.11449 20.02948 5.74828
353 8.081225436E+06 2.42080 3.82983 5.11416 20.02940 5.74778
354 8.081252318E+06 2.42544 3.82740 5.11372 20.02931 5.74729
355 8.081279401E+06 2.43015 3.82492 5.11320 20.02922 5.74682
356 8.081306311E+06 2.43493 3.82238 5.11264 20.02913 5.74638
357 8.081332871E+06 2.43978 3.81981 5.11204 20.02905 5.74597
358 8.081358954E+06 2.44470 3.81719 5.11141 20.02896 5.74560
359 8.081384512E+06 2.44958 3.81461 5.11084 20.02887 5.74527
360 8.081410264E+06 2.45453 3.81204 5.11045 20.02878 5.74499
361 8.081436966E+06 2.45957 3.80942 5.11006 20.02869 5.74473
362 8.081464540E+06 2.46474 3.80671 5.10955 20.02860 5.74452
363 8.081492361E+06 2.47000 3.80393 5.10896 20.02850 5.74433
364 8.081520125E+06 2.47534 3.80110 5.10832 20.02841 5.74415
365 8.081547678E+06 2.48076 3.79822 5.10764 20.02831 5.74391
366 8.081574975E+06 2.48620 3.79534 5.10699 20.02821 5.74365
367 8.081602560E+06 2.49174 3.79240 5.10634 20.02812 5.74339
368 8.081630514E+06 2.49746 3.78940 5.10575 20.02802 5.74311
369 8.081658900E+06 2.50331 3.78635 5.10529 20.02791 5.74284
370 8.081688192E+06 2.50932 3.78320 5.10468 20.02781 5.74255
371 8.081717815E+06 2.51546 3.77996 5.10399 20.02770 5.74226
372 8.081747347E+06 2.52169 3.77665 5.10323 20.02759 5.74197
373 8.081776589E+06 2.52797 3.77331 5.10245 20.02749 5.74168
374 8.081805672E+06 2.53426 3.76999 5.10171 20.02738 5.74141
375 8.081835066E+06 2.54066 3.76659 5.10092 20.02727 5.74114
376 8.081864443E+06 2.54714 3.76314 5.10008 20.02716 5.74089
377 8.081893681E+06 2.55369 3.75970 5.09944 20.02705 5.74065
378 8.081923371E+06 2.56027 3.75624 5.09874 20.02694 5.74043
379 8.081953321E+06 2.56683 3.75276 5.09793 20.02683 5.74023
380 8.081983091E+06 2.57332 3.74929 5.09705 20.02672 5.74004
381 8.082012442E+06 2.57966 3.74591 5.09619 20.02661 5.73987
382 8.082041715E+06 2.58593 3.74255 5.09532 20.02650 5.73973
383 8.082071001E+06 2.59225 3.73916 5.09440 20.02639 5.73960
384 8.082100425E+06 2.59869 3.73570 5.09342 20.02627 5.73949
385 8.082130178E+06 2.60528 3.73214 5.09237 20.02616 5.73940
386 8.082160286E+06 2.61204 3.72852 5.09138 20.02605 5.73931
387 8.082191065E+06 2.61898 3.72481 5.09046 20.02593 5.73921
388 8.082222861E+06 2.62607 3.72100 5.08939 20.02581 5.73910
389 8.082255321E+06 2.63320 3.71714 5.08823 20.02569 5.73899
390 8.082288409E+06 2.64017 3.71337 5.08706 20.02556 5.73888
391 8.082322476E+06 2.64736 3.70946 5.08581 20.02543 5.73879
392 8.082358076E+06 2.65520 3.70520 5.08443 20.02530 5.73869
393 8.082396779E+06 2.66398 3.70042 5.08287 20.02516 5.73861
394 8.082439768E+06 2.67340 3.69526 5.08109 20.02500 5.73855
395 8.082485916E+06 2.68354 3.68969 5.07909 20.02483 5.73858
396 8.082533112E+06 2.69496 3.68345 5.07694 20.02466 5.73873
397 8.082580756E+06 2.70609 3.67731 5.07467 20.02448 5.73888
398 8.082624855E+06 2.71503 3.67229 5.07247 20.02433 5.73903
399 8.082663610E+06 2.72329 3.66765 5.07041 20.02419 5.73917
400 8.082698828E+06 2.73035 3.66363 5.06846 20.02407 5.73929
401 8.082733691E+06 2.73671 3.65996 5.06650 20.02395 5.73941
402 8.082768585E+06 2.74384 3.65589 5.06448 20.02383 5.73953
403 8.082802133E+06 2.75132 3.65163 5.06241 20.02372 5.73965
404 8.082834366E+06 2.75824 3.64771 5.06054 20.02361 5.73976
405 8.082866253E+06 2.76392 3.64440 5.05869 20.02351 5.73986
406 8.082899257E+06 2.76896 3.64138 5.05668 20.02341 5.73995
407 8.082932966E+06 2.77404 3.63829 5.05449 20.02330 5.74005
408 8.082966092E+06 2.77868 3.63542 5.05227 20.02320 5.74014
409 8.082999803E+06 2.78263 3.63287 5.04998 20.02309 5.74023
410 8.083035701E+06 2.78666 3.63021 5.04742 20.02298 5.74032
411 8.083072014E+06 2.79121 3.62726 5.04470 20.02288 5.74043
412 8.083108007E+06 2.79610 3.62411 5.04187 20.02277 5.74053
413 8.083143680E+06 2.80066 3.62112 5.03905 20.02267 5.74064
414 8.083180546E+06 2.80478 3.61832 5.03608 20.02257 5.74074
415 8.083218582E+06 2.80845 3.61573 5.03307 20.02246 5.74085
416 8.083257772E+06 2.81185 3.61324 5.02988 20.02236 5.74097
417 8.083297462E+06 2.81496 3.61091 5.02681 20.02225 5.74108
418 8.083337873E+06 2.81761 3.60879 5.02363 20.02215 5.74119
419 8.083378886E+06 2.81977 3.60691 5.02041 20.02204 5.74130
420 8.083420448E+06 2.82158 3.60519 5.01717 20.02194 5.74141
421 8.083462554E+06 2.82321 3.60358 5.01399 20.02183 5.74152
422 8.083505193E+06 2.82486 3.60205 5.01117 20.02173 5.74163
423 8.083548563E+06 2.82689 3.60062 5.00951 20.02162 5.74175
424 8.083593584E+06 2.82953 3.59931 5.00955 20.02152 5.74187
425 8.083641402E+06 2.83179 3.59804 5.00900 20.02140 5.74200
426 8.083690478E+06 2.83412 3.59679 5.00862 20.02129 5.74213
427 8.083740597E+06 2.83616 3.59558 5.00787 20.02117 5.74226
428 8.083791383E+06 2.83798 3.59441 5.00685 20.02105 5.74239
429 8.083842524E+06 2.83964 3.59329 5.00567 20.02093 5.74252
430 8.083893793E+06 2.84145 3.59218 5.00486 20.02081 5.74265
431 8.083945282E+06 2.84320 3.59111 5.00408 20.02069 5.74278
432 8.083996869E+06 2.84483 3.59008 5.00321 20.02058 5.74292
433 8.084048372E+06 2.84637 3.58909 5.00232 20.02046 5.74305
434 8.084099660E+06 2.84820 3.58809 5.00199 20.02035 5.74318
435 8.084150997E+06 2.85001 3.58711 5.00169 20.02023 5.74331
436 8.084202226E+06 2.85176 3.58615 5.00138 20.02012 5.74344
437 8.084253228E+06 2.85360 3.58520 5.00126 20.02000 5.74357
438 8.084304088E+06 2.85572 3.58424 5.00164 20.01989 5.74370
439 8.084355015E+06 2.85780 3.58330 5.00203 20.01978 5.74383
440 8.084405820E+06 2.85985 3.58238 5.00245 20.01967 5.74396
441 8.084456442E+06 2.86222 3.58144 5.00346 20.01956 5.74409
442 8.084507323E+06 2.86465 3.58052 5.00462 20.01945 5.74422
443 8.084558277E+06 2.86703 3.57963 5.00581 20.01933 5.74435
444 8.084609212E+06 2.86959 3.57873 5.00737 20.01922 5.74449
445 8.084660405E+06 2.87234 3.57785 5.00930 20.01911 5.74462
446 8.084711998E+06 2.87503 3.57699 5.01124 20.01899 5.74475
447 8.084763770E+06 2.87780 3.57614 5.01340 20.01888 5.74489
448 8.084815908E+06 2.88082 3.57529 5.01605 20.01876 5.74502
449 8.084868779E+06 2.88379 3.57447 5.01870 20.01864 5.74516
450 8.084922068E+06 2.88677 3.57366 5.02143 20.01852 5.74530
451 8.084975854E+06 2.89004 3.57285 5.02471 20.01840 5.74544
452 8.085030789E+06 2.89325 3.57206 5.02798 20.01827 5.74558
453 8.085086439E+06 2.89641 3.57130 5.03124 20.01814 5.74573
454 8.085142770E+06 2.89988 3.57051 5.03506 20.01801 5.74588
455 8.085200533E+06 2.90328 3.56976 5.03884 20.01787 5.74603
456 8.085259349E+06 2.90660 3.56903 5.04257 20.01773 5.74619
457 8.085319219E+06 2.91018 3.56829 5.04678 20.01758 5.74635
458 8.085380707E+06 2.91370 3.56758 5.05094 20.01743 5.74651
459 8.085443755E+06 2.91712 3.56689 5.05504 20.01727 5.74668
460 8.085508391E+06 2.92073 3.56619 5.05947 20.01711 5.74685
461 8.085574969E+06 2.92429 3.56552 5.06390 20.01694 5.74703
462 8.085643840E+06 2.92775 3.56487 5.06823 20.01676 5.74722
463 8.085715060E+06 2.93132 3.56422 5.07278 20.01657 5.74741
464 8.085788971E+06 2.93487 3.56359 5.07735 20.01638 5.74761
465 8.085866228E+06 2.93830 3.56299 5.08180 20.01617 5.74782
466 8.085947051E+06 2.94179 3.56239 5.08637 20.01595 5.74804
467 8.086031840E+06 2.94526 3.56180 5.09096 20.01571 5.74828
468 8.086121510E+06 2.94861 3.56124 5.09542 20.01546 5.74853
469 8.086216752E+06 2.95196 3.56069 5.09991 20.01518 5.74879
470 8.086318397E+06 2.95529 3.56015 5.10441 20.01489 5.74908
471 8.086427950E+06 2.95850 3.55963 5.10876 20.01456 5.74939
472 8.086546985E+06 2.96167 3.55913 5.11309 20.01421 5.74973
473 8.086677447E+06 2.96480 3.55864 5.11739 20.01381 5.75011
474 8.086822183E+06 2.96778 3.55817 5.12151 20.01336 5.75053
475 8.086985083E+06 2.97070 3.55773 5.12556 20.01285 5.75101
476 8.087171370E+06 2.97351 3.55730 5.12947 20.01226 5.75158
477 8.087388301E+06 2.97613 3.55691 5.13313 20.01156 5.75224
478 8.087647458E+06 2.97863 3.55653 5.13664 20.01072 5.75305
479 8.087958446E+06 2.98086 3.55621 5.13978 20.00970 5.75404
480 8.088331632E+06 2.98277 3.55593 5.14249 20.00845 5.75527
481 8.088779455E+06 2.98437 3.55570 5.14478 20.00695 5.75678
482 8.089316843E+06 2.98565 3.55551 5.14661 20.00514 5.75865
483 8.089961708E+06 2.98670 3.55537 5.14812 20.00295 5.76098
484 8.090735546E+06 2.98756 3.55525 5.14935 20.00031 5.76388
485 8.091664152E+06 2.98825 3.55515 5.15036 19.99713 5.76757
486 8.092778479E+06 2.98886 3.55507 5.15125 19.99331 5.77240
487 8.094115672E+06 2.98936 3.55501 5.15198 19.98870 5.77848
488 8.095720303E+06 2.98981 3.55495 5.15264 19.98317 5.78607
489 8.097645860E+06 2.99020 3.55489 5.15322 19.97650 5.79544
490 8.099956528E+06 2.99059 3.55484 5.15378 19.96850 5.80690
491 8.102729331E+06 2.99101 3.55478 5.15438 19.95886 5.82081
492 8.106056693E+06 2.99148 3.55471 5.15503 19.94728 5.83754
493 8.110049529E+06 2.99202 3.55463 5.15579 19.93333 5.85754
494 8.114840931E+06 2.99266 3.55452 5.15665 19.91655 5.88129
495 8.120590614E+06 2.99341 3.55440 5.15766 19.89634 5.90937
496 8.127490234E+06 2.99430 3.55425 5.15884 19.87198 5.94243
497 8.135769777E+06 2.99536 3.55407 5.16023 19.84261 5.98124
498 8.144446055E+06 2.99642 3.55388 5.16161 19.81168 6.02103
499 8.153357442E+06 2.99745 3.55370 5.16294 19.77976 6.06105
500 8.162451997E+06 2.99843 3.55352 5.16420 19.74704 6.10105
501 8.171730808E+06 2.99938 3.55335 5.16539 19.71352 6.14106
502 8.181201334E+06 3.00029 3.55317 5.16652 19.67917 6.18110
503 8.190848976E+06 3.00116 3.55301 5.16758 19.64406 6.22111
504 8.200636498E+06 3.00197 3.55284 5.16856 19.60831 6.26093
505 8.210522277E+06 3.00270 3.55269 5.16941 19.57211 6.30038
506 8.220476037E+06 3.00333 3.55256 5.17013 19.53557 6.33932
507 8.230527447E+06 3.00390 3.55243 5.17075 19.49860 6.37788
508 8.240748978E+06 3.00441 3.55231 5.17128 19.46095 6.41632
509 8.251169892E+06 3.00486 3.55219 5.17172 19.42251 6.45471
510 8.261760376E+06 3.00524 3.55208 5.17206 19.38342 6.49293
511 8.272476791E+06 3.00554 3.55199 5.17227 19.34384 6.53081
512 8.283275029E+06 3.00573 3.55191 5.17234 19.30397 6.56818
513 8.294129288E+06 3.00583 3.55184 5.17227 19.26392 6.60495
514 8.305107792E+06 3.00585 3.55179 5.17210 19.22346 6.64132
515 8.316281952E+06 3.00583 3.55174 5.17185 19.18233 6.67710
516 8.327655634E+06 3.00573 3.55170 5.17150 19.14055 6.71250
517 8.339214648E+06 3.00555 3.55167 5.17102 19.09818 6.74745
518 8.350845118E+06 3.00527 3.55166 5.17041 19.05566 6.78157
519 8.362464096E+06 3.00491 3.55166 5.16968 19.01332 6.81462
520 8.374123355E+06 3.00447 3.55167 5.16885 18.97099 6.84676
521 8.385930598E+06 3.00399 3.55169 5.16795 18.92828 6.87830
522 8.397976087E+06 3.00346 3.55171 5.16700 18.88488 6.90946
523 8.410202943E+06 3.00288 3.55174 5.16597 18.84102 6.94007
524 8.422513568E+06 3.00223 3.55179 5.16484 18.79707 6.96990
525 8.434786070E+06 3.00152 3.55184 5.16365 18.75346 6.99868
526 8.446967983E+06 3.00080 3.55190 5.16243 18.71039 7.02638
527 8.459237350E+06 3.00005 3.55196 5.16119 18.66722 7.05343
528 8.471645762E+06 2.99932 3.55202 5.15997 18.62378 7.08000
529 8.484235674E+06 2.99859 3.55208 5.15876 18.57991 7.10623
530 8.496981504E+06 2.99786 3.55215 5.15754 18.53572 7.13132
531 8.509750805E+06 2.99712 3.55221 5.15632 18.49166 7.15517
532 8.522483270E+06 2.99639 3.55228 5.15513 18.44793 7.17792
533 8.535274760E+06 2.99572 3.55233 5.15401 18.40420 7.19982
534 8.548208396E+06 2.99511 3.55238 5.15299 18.36016 7.22103
535 8.561356989E+06 2.99456 3.55242 5.15203 18.31556 7.24173
536 8.574727007E+06 2.99407 3.55245 5.15116 18.27037 7.26195
537 8.588248999E+06 2.99364 3.55247 5.15038 18.22481 7.28167
538 8.601747690E+06 2.99327 3.55247 5.14969 18.17947 7.30076
539 8.615040285E+06 2.99299 3.55247 5.14911 18.13492 7.31914
540 8.628151720E+06 2.99282 3.55245 5.14869 18.09107 7.33705
541 8.641187650E+06 2.99276 3.55241 5.14841 18.04752 7.35296
542 8.654162874E+06 2.99281 3.55235 5.14828 18.00422 7.36800
543 8.667101412E+06 2.99297 3.55228 5.14829 17.96106 7.38229
544 8.679769530E+06 2.99321 3.55219 5.14843 17.91880 7.39571
545 8.692106843E+06 2.99354 3.55209 5.14867 17.87763 7.40833
546 8.704050872E+06 2.99394 3.55197 5.14902 17.83774 7.42024
547 8.715564942E+06 2.99442 3.55185 5.14948 17.79923 7.43158
548 8.726620239E+06 2.99497 3.55171 5.15003 17.76221 7.44249
549 8.737209430E+06 2.99559 3.55157 5.15069 17.72667 7.45314
550 8.747356925E+06 2.99626 3.55141 5.15143 17.69255 7.46226
551 8.757081377E+06 2.99699 3.55125 5.15224 17.65976 7.47039
552 8.766553767E+06 2.99779 3.55108 5.15314 17.62773 7.47803
553 8.775725185E+06 2.99863 3.55090 5.15411 17.59663 7.48521
554 8.784555761E+06 2.99952 3.55072 5.15515 17.56658 7.49199
555 8.793054958E+06 3.00045 3.55053 5.15625 17.53756 7.49847
556 8.801224103E+06 3.00141 3.55033 5.15739 17.50956 7.50472
557 8.809069498E+06 3.00240 3.55013 5.15859 17.48257 7.51083
558 8.816600286E+06 3.00343 3.54993 5.15983 17.45655 7.51689
559 8.823815032E+06 3.00448 3.54973 5.16111 17.43151 7.52298
560 8.830717829E+06 3.00555 3.54952 5.16243 17.40745 7.52846
561 8.837310394E+06 3.00665 3.54931 5.16379 17.38437 7.53312
562 8.843658947E+06 3.00777 3.54910 5.16518 17.36203 7.53751
563 8.849779635E+06 3.00892 3.54889 5.16663 17.34039 7.54167
564 8.855644199E+06 3.01010 3.54867 5.16812 17.31955 7.54561
565 8.861260143E+06 3.01131 3.54844 5.16965 17.29949 7.54940
566 8.866627097E+06 3.01255 3.54822 5.17122 17.28021 7.55306
567 8.871750628E+06 3.01381 3.54799 5.17283 17.26170 7.55664
568 8.876629880E+06 3.01510 3.54776 5.17449 17.24396 7.56018
569 8.881279633E+06 3.01642 3.54753 5.17619 17.22697 7.56373
570 8.885705304E+06 3.01776 3.54729 5.17792 17.21068 7.56735
571 8.889909073E+06 3.01912 3.54705 5.17970 17.19512 7.57108
572 8.893891142E+06 3.02051 3.54681 5.18151 17.18028 7.57425
573 8.897654060E+06 3.02193 3.54656 5.18336 17.16617 7.57697
574 8.901229451E+06 3.02338 3.54631 5.18526 17.15266 7.57952
575 8.904616270E+06 3.02487 3.54606 5.18722 17.13977 7.58189
576 8.907806596E+06 3.02640 3.54580 5.18924 17.12754 7.58407
577 8.910800136E+06 3.02796 3.54553 5.19131 17.11598 7.58609
578 8.913604451E+06 3.02957 3.54526 5.19344 17.10506 7.58801
579 8.916219408E+06 3.03122 3.54499 5.19563 17.09480 7.58985
580 8.918652720E+06 3.03292 3.54470 5.19789 17.08516 7.59164
581 8.920903774E+06 3.03466 3.54441 5.20021 17.07617 7.59341
582 8.922979509E+06 3.03643 3.54412 5.20258 17.06781 7.59519
583 8.924891251E+06 3.03826 3.54382 5.20502 17.06003 7.59701
584 8.926645998E+06 3.04012 3.54351 5.20752 17.05283 7.59889
585 8.928248071E+06 3.04202 3.54320 5.21006 17.04618 7.60013
586 8.929705808E+06 3.04394 3.54288 5.21264 17.04008 7.60120
587 8.931039752E+06 3.04592 3.54255 5.21529 17.03443 7.60212
588 8.932245313E+06 3.04794 3.54222 5.21801 17.02927 7.60292
589 8.933334818E+06 3.05002 3.54188 5.22080 17.02456 7.60363
590 8.934312378E+06 3.05214 3.54153 5.22366 17.02029 7.60426
591 8.935176118E+06 3.05428 3.54118 5.22653 17.01647 7.60484
592 8.935931419E+06 3.05642 3.54083 5.22940 17.01309 7.60541
593 8.936585971E+06 3.05856 3.54048 5.23226 17.01012 7.60601
594 8.937148439E+06 3.06067 3.54012 5.23508 17.00755 7.60665
595 8.937626831E+06 3.06274 3.53977 5.23783 17.00533 7.60703
596 8.938031179E+06 3.06476 3.53943 5.24050 17.00344 7.60709
597 8.938372705E+06 3.06672 3.53910 5.24308 17.00183 7.60703
598 8.938658060E+06 3.06860 3.53878 5.24555 17.00047 7.60692
599 8.938893329E+06 3.07038 3.53847 5.24786 16.99933 7.60679
600 8.939085072E+06 3.07202 3.53817 5.24998 16.99840 7.60669
601 8.939239483E+06 3.07351 3.53790 5.25188 16.99764 7.60666
602 8.939363802E+06 3.07483 3.53766 5.25354 16.99703 7.60675
603 8.939475063E+06 3.07611 3.53743 5.25519 16.99648 7.60671
604 8.939583466E+06 3.07750 3.53718 5.25696 16.99594 7.60648
605 8.939690234E+06 3.07901 3.53692 5.25892 16.99540 7.60626
606 8.939795875E+06 3.08065 3.53663 5.26105 16.99486 7.60607
607 8.939899674E+06 3.08239 3.53633 5.26334 16.99433 7.60593
608 8.940002058E+06 3.08421 3.53602 5.26575 16.99380 7.60587
609 8.940103215E+06 3.08609 3.53571 5.26824 16.99326 7.60588
610 8.940203570E+06 3.08801 3.53539 5.27079 16.99273 7.60599
611 8.940303395E+06 3.08994 3.53507 5.27338 16.99220 7.60594
612 8.940402896E+06 3.09186 3.53475 5.27596 16.99166 7.60582
613 8.940503292E+06 3.09379 3.53443 5.27857 16.99111 7.60572
614 8.940604344E+06 3.09572 3.53412 5.28117 16.99055 7.60565
615 8.940705804E+06 3.09761 3.53382 5.28374 16.98998 7.60561
616 8.940807793E+06 3.09949 3.53352 5.28630 16.98940 7.60562
617 8.940910348E+06 3.10133 3.53323 5.28881 16.98881 7.60567
618 8.941013565E+06 3.10314 3.53294 5.29130 16.98821 7.60578
619 8.941117469E+06 3.10493 3.53266 5.29375 16.98760 7.60587
620 8.941222055E+06 3.10668 3.53239 5.29617 16.98698 7.60583
621 8.941327809E+06 3.10841 3.53213 5.29857 16.98635 7.60582
622 8.941435177E+06 3.11012 3.53187 5.30095 16.98569 7.60582
623 8.941543466E+06 3.11181 3.53161 5.30331 16.98503 7.60584
624 8.941652781E+06 3.11347 3.53136 5.30564 16.98435 7.60590
625 8.941763185E+06 3.11511 3.53112 5.30794 16.98366 7.60598
626 8.941874756E+06 3.11672 3.53088 5.31020 16.98295 7.60610
627 8.941987555E+06 3.11830 3.53065 5.31244 16.98223 7.60625
628 8.942101705E+06 3.11985 3.53042 5.31463 16.98149 7.60635
629 8.942217253E+06 3.12137 3.53020 5.31679 16.98073 7.60642
630 8.942334835E+06 3.12286 3.52999 5.31892 16.97995 7.60650
631 8.942454495E+06 3.12432 3.52978 5.32101 16.97915 7.60660
632 8.942575873E+06 3.12575 3.52958 5.32306 16.97833 7.60671
633 8.942699035E+06 3.12714 3.52938 5.32506 16.97749 7.60685
634 8.942823961E+06 3.12849 3.52919 5.32701 16.97663 7.60701
635 8.942950670E+06 3.12980 3.52901 5.32889 16.97575 7.60719
636 8.943079088E+06 3.13106 3.52884 5.33072 16.97485 7.60739
637 8.943209091E+06 3.13227 3.52867 5.33247 16.97393 7.60762
638 8.943340744E+06 3.13344 3.52851 5.33417 16.97299 7.60779
639 8.943474086E+06 3.13456 3.52836 5.33581 16.97203 7.60798
640 8.943609758E+06 3.13565 3.52821 5.33739 16.97104 7.60819
641 8.943747012E+06 3.13669 3.52807 5.33892 16.97004 7.60841
642 8.943885990E+06 3.13768 3.52794 5.34037 16.96901 7.60864
643 8.944026640E+06 3.13863 3.52782 5.34176 16.96797 7.60888
644 8.944169007E+06 3.13952 3.52770 5.34308 16.96690 7.60915
645 8.944313100E+06 3.14036 3.52759 5.34433 16.96582 7.60944
646 8.944459230E+06 3.14115 3.52749 5.34550 16.96471 7.60975
647 8.944607442E+06 3.14188 3.52739 5.34658 16.96358 7.61006
648 8.944757883E+06 3.14254 3.52731 5.34756 16.96243 7.61038
649 8.944911088E+06 3.14312 3.52724 5.34844 16.96125 7.61072
650 8.945067205E+06 3.14361 3.52718 5.34917 16.96004 7.61107
651 8.945225851E+06 3.14398 3.52713 5.34974 16.95881 7.61144
652 8.945386619E+06 3.14424 3.52711 5.35014 16.95756 7.61183
653 8.945548918E+06 3.14436 3.52710 5.35034 16.95630 7.61224
654 8.945711921E+06 3.14435 3.52710 5.35035 16.95503 7.61268
655 8.945874961E+06 3.14420 3.52713 5.35016 16.95377 7.61314
656 8.946036862E+06 3.14392 3.52717 5.34977 16.95251 7.61362
657 8.946196534E+06 3.14351 3.52723 5.34920 16.95128 7.61407
658 8.946354244E+06 3.14300 3.52731 5.34848 16.95006 7.61451
659 8.946509510E+06 3.14240 3.52739 5.34762 16.94887 7.61493
660 8.946661976E+06 3.14172 3.52749 5.34665 16.94771 7.61535
661 8.946811720E+06 3.14099 3.52759 5.34559 16.94657 7.61576
662 8.946958719E+06 3.14021 3.52770 5.34448 16.94546 7.61620
663 8.947102982E+06 3.13941 3.52782 5.34333 16.94438 7.61665
664 8.947244585E+06 3.13860 3.52793 5.34216 16.94333 7.61701
665 8.947383862E+06 3.13778 3.52805 5.34098 16.94229 7.61734
666 8.947521857E+06 3.13696 3.52816 5.33981 16.94128 7.61764
667 8.947657821E+06 3.13616 3.52828 5.33867 16.94028 7.61796
668 8.947791698E+06 3.13538 3.52839 5.33755 16.93931 7.61831
669 8.947923336E+06 3.13463 3.52849 5.33649 16.93835 7.61867
670 8.948052605E+06 3.13392 3.52860 5.33548 16.93742 7.61888
671 8.948179907E+06 3.13325 3.52870 5.33453 16.93651 7.61907
672 8.948305893E+06 3.13262 3.52879 5.33364 16.93561 7.61927
673 8.948429504E+06 3.13204 3.52888 5.33282 16.93473 7.61954
674 8.948550460E+06 3.13151 3.52896 5.33208 16.93388 7.61982
675 8.948668414E+06 3.13102 3.52903 5.33142 16.93304 7.61990
676 8.948783407E+06 3.13059 3.52910 5.33084 16.93224 7.62000
677 8.948895950E+06 3.13021 3.52916 5.33033 16.93145 7.62015
678 8.949004822E+06 3.12989 3.52922 5.32989 16.93068 7.62040
679 8.949109805E+06 3.12961 3.52927 5.32954 16.92995 7.62049
680 8.949210762E+06 3.12937 3.52931 5.32924 16.92924 7.62050
681 8.949308951E+06 3.12918 3.52935 5.32901 16.92856 7.62057
682 8.949403643E+06 3.12903 3.52939 5.32885 16.92790 7.62073
683 8.949494413E+06 3.12894 3.52941 5.32877 16.92727 7.62090
684 8.949581360E+06 3.12886 3.52944 5.32872 16.92666 7.62086
685 8.949664753E+06 3.12881 3.52946 5.32870 16.92608 7.62087
686 8.949745221E+06 3.12878 3.52948 5.32871 16.92552 7.62095
687 8.949822055E+06 3.12876 3.52950 5.32875 16.92498 7.62115
688 8.949895330E+06 3.12876 3.52951 5.32881 16.92447 7.62116
689 8.949965146E+06 3.12878 3.52952 5.32889 16.92398 7.62112
690 8.950032394E+06 3.12883 3.52953 5.32903 16.92351 7.62114
691 8.950096704E+06 3.12890 3.52954 5.32920 16.92306 7.62126
692 8.950157875E+06 3.12897 3.52955 5.32937 16.92264 7.62144
693 8.950215917E+06 3.12903 3.52955 5.32952 16.92223 7.62137
694 8.950270942E+06 3.12910 3.52956 5.32968 16.92184 7.62135
695 8.950323637E+06 3.12916 3.52957 5.32984 16.92147 7.62138
696 8.950373518E+06 3.12923 3.52958 5.33000 16.92112 7.62151
697 8.950420627E+06 3.12929 3.52958 5.33016 16.92079 7.62167
698 8.950465078E+06 3.12938 3.52959 5.33035 16.92048 7.62161
699 8.950507098E+06 3.12949 3.52959 5.33057 16.92018 7.62159
700 8.950547136E+06 3.12958 3.52959 5.33077 16.91990 7.62162
701 8.950584844E+06 3.12966 3.52960 5.33095 16.91963 7.62172
702 8.950620334E+06 3.12973 3.52960 5.33111 16.91938 7.62190
703 8.950653718E+06 3.12979 3.52961 5.33127 16.91914 7.62189
704 8.950685085E+06 3.12985 3.52962 5.33141 16.91892 7.62186
705 8.950714785E+06 3.12990 3.52963 5.33155 16.91871 7.62187
706 8.950742751E+06 3.12995 3.52964 5.33168 16.91851 7.62193
707 8.950769014E+06 3.12999 3.52964 5.33180 16.91833 7.62205
708 8.950793671E+06 3.13006 3.52965 5.33196 16.91815 7.62224
709 8.950816834E+06 3.13014 3.52965 5.33214 16.91799 7.62220
710 8.950838592E+06 3.13020 3.52966 5.33228 16.91783 7.62217
711 8.950859161E+06 3.13025 3.52967 5.33241 16.91768 7.62219
712 8.950878460E+06 3.13029 3.52967 5.33252 16.91755 7.62225
713 8.950896567E+06 3.13033 3.52968 5.33262 16.91742 7.62236
714 8.950913531E+06 3.13035 3.52969 5.33271 16.91730 7.62252
715 8.950929405E+06 3.13037 3.52970 5.33279 16.91718 7.62257
716 8.950944243E+06 3.13039 3.52971 5.33286 16.91708 7.62254
717 8.950958160E+06 3.13040 3.52972 5.33293 16.91698 7.62254
718 8.950971186E+06 3.13041 3.52973 5.33298 16.91688 7.62258
719 8.950983339E+06 3.13041 3.52974 5.33302 16.91680 7.62266
720 8.950994668E+06 3.13044 3.52975 5.33311 16.91672 7.62277
721 8.951005238E+06 3.13048 3.52975 5.33320 16.91664 7.62294
722 8.951015097E+06 3.13051 3.52975 5.33329 16.91657 7.62297
723 8.951024284E+06 3.13054 3.52976 5.33335 16.91650 7.62295
724 8.951032883E+06 3.13055 3.52976 5.33341 16.91644 7.62296
725 8.951040918E+06 3.13057 3.52977 5.33345 16.91638 7.62299
726 8.951048419E+06 3.13057 3.52977 5.33348 16.91633 7.62306
727 8.951055424E+06 3.13057 3.52978 5.33351 16.91628 7.62316
728 8.951061976E+06 3.13057 3.52979 5.33352 16.91623 7.62330
729 8.951068113E+06 3.13056 3.52979 5.33353 16.91619 7.62344
730 8.951073873E+06 3.13055 3.52980 5.33352 16.91615 7.62341
731 8.951079297E+06 3.13054 3.52980 5.33352 16.91611 7.62340
732 8.951084440E+06 3.13052 3.52980 5.33350 16.91607 7.62342
733 8.951089308E+06 3.13051 3.52981 5.33348 16.91604 7.62346
734 8.951093937E+06 3.13052 3.52981 5.33350 16.91600 7.62353
735 8.951098370E+06 3.13054 3.52980 5.33353 16.91597 7.62363
736 8.951102649E+06 3.13056 3.52980 5.33356 16.91594 7.62376
737 8.951106807E+06 3.13058 3.52980 5.33358 16.91591 7.62392
738 8.951110852E+06 3.13059 3.52979 5.33359 16.91588 7.62389
739 8.951114784E+06 3.13060 3.52979 5.33359 16.91585 7.62388
740 8.951118588E+06 3.13061 3.52978 5.33359 16.91583 7.62389
741 8.951122171E+06 3.13062 3.52978 5.33357 16.91580 7.62392
742 8.951125425E+06 3.13061 3.52977 5.33355 16.91578 7.62399
743 8.951128250E+06 3.13061 3.52976 5.33352 16.91576 7.62409
744 8.951130698E+06 3.13060 3.52976 5.33347 16.91574 7.62423
745 8.951132820E+06 3.13059 3.52975 5.33342 16.91572 7.62441
746 8.951134674E+06 3.13057 3.52974 5.33335 16.91571 7.62438
747 8.951136326E+06 3.13056 3.52973 5.33329 16.91570 7.62437
748 8.951137821E+06 3.13055 3.52972 5.33324 16.91569 7.62439
749 8.951139181E+06 3.13055 3.52971 5.33320 16.91568 7.62443
750 8.951140425E+06 3.13056 3.52970 5.33316 16.91567 7.62450
751 8.951141572E+06 3.13057 3.52968 5.33313 16.91566 7.62460
752 8.951142640E+06 3.13058 3.52967 5.33308 16.91565 7.62473
753 8.951143641E+06 3.13059 3.52965 5.33303 16.91565 7.62490
754 8.951144584E+06 3.13059 3.52964 5.33298 16.91564 7.62491
755 8.951145475E+06 3.13059 3.52962 5.33291 16.91563 7.62489
756 8.951146318E+06 3.13059 3.52960 5.33285 16.91563 7.62490
757 8.951147115E+06 3.13059 3.52959 5.33277 16.91562 7.62494
758 8.951147866E+06 3.13059 3.52957 5.33269 16.91562 7.62500
759 8.951148572E+06 3.13058 3.52955 5.33260 16.91561 7.62510
760 8.951149234E+06 3.13057 3.52953 5.33250 16.91561 7.62522
761 8.951149856E+06 3.13056 3.52951 5.33240 16.91560 7.62538
762 8.951150438E+06 3.13055 3.52949 5.33230 16.91560 7.62544
763 8.951150983E+06 3.13055 3.52947 5.33221 16.91559 7.62542
764 8.951151494E+06 3.13056 3.52944 5.33212 16.91559 7.62543
765 8.951151973E+06 3.13057 3.52942 5.33204 16.91559 7.62545
766 8.951152422E+06 3.13058 3.52939 5.33196 16.91558 7.62551
767 8.951152843E+06 3.13059 3.52936 5.33187 16.91558 7.62560
