1 4.147331000E+03 0.79089 4.55399 4.75099 21.99978 0.00003
2 7.683476087E+03 0.79069 4.55421 4.75147 21.99959 0.00003
3 1.192685019E+04 0.79046 4.55437 4.75164 21.99937 0.00003
4 1.701889912E+04 0.79029 4.55448 4.75174 21.99910 0.00003
5 2.312935783E+04 0.79021 4.55455 4.75186 21.99877 0.00003
6 3.046190828E+04 0.79021 4.55459 4.75204 21.99838 0.00003
7 3.926096882E+04 0.79031 4.55461 4.75229 21.99791 0.00003
8 4.981984147E+04 0.79049 4.55459 4.75260 21.99734 0.00003
9 6.249048865E+04 0.79077 4.55455 4.75298 21.99666 0.00003
10 7.769526527E+04 0.79115 4.55448 4.75345 21.99585 0.00003
11 9.594099721E+04 0.79163 4.55438 4.75402 21.99486 0.00003
12 1.178358755E+05 0.79223 4.55425 4.75471 21.99368 0.00003
13 1.441097295E+05 0.79296 4.55409 4.75554 21.99226 0.00003
14 1.756383543E+05 0.79384 4.55390 4.75654 21.99054 0.00003
15 2.134727041E+05 0.79490 4.55367 4.75774 21.98847 0.00003
16 2.588739238E+05 0.79616 4.55341 4.75919 21.98597 0.00003
17 3.133553874E+05 0.79765 4.55310 4.76095 21.98294 0.00003
18 3.787331438E+05 0.79942 4.55275 4.76307 21.97928 0.00003
19 4.571864514E+05 0.80152 4.55234 4.76564 21.97484 0.00003
20 5.513304206E+05 0.80402 4.55187 4.76875 21.96943 0.00002
21 6.643031836E+05 0.80699 4.55133 4.77252 21.96283 0.00002
22 7.992024099E+05 0.81052 4.55070 4.77709 21.95478 0.00002
23 9.356305549E+05 0.81410 4.55008 4.78177 21.94647 0.00002
24 1.072384510E+06 0.81769 4.54947 4.78652 21.93796 0.00002
25 1.208911831E+06 0.82132 4.54886 4.79131 21.92927 0.00002
26 1.344733585E+06 0.82497 4.54824 4.79613 21.92044 0.00002
27 1.479344321E+06 0.82865 4.54760 4.80095 21.91150 0.00002
28 1.612185712E+06 0.83235 4.54695 4.80575 21.90247 0.00002
29 1.743037003E+06 0.83606 4.54629 4.81054 21.89340 0.00002
30 1.872436771E+06 0.83979 4.54563 4.81533 21.88422 0.00002
31 2.000405920E+06 0.84353 4.54495 4.82012 21.87495 0.00002
32 2.126832971E+06 0.84730 4.54427 4.82491 21.86560 0.00002
33 2.251617672E+06 0.85110 4.54357 4.82969 21.85617 0.00002
34 2.374682769E+06 0.85491 4.54285 4.83447 21.84668 0.00002
35 2.495921496E+06 0.85875 4.54212 4.83922 21.83712 0.00002
36 2.615230839E+06 0.86262 4.54137 4.84396 21.82753 0.00002
37 2.732518332E+06 0.86651 4.54060 4.84866 21.81790 0.00002
38 2.847656680E+06 0.87043 4.53981 4.85332 21.80826 0.00002
39 2.960374023E+06 0.87439 4.53898 4.85795 21.79863 0.00002
40 3.070236887E+06 0.87837 4.53813 4.86249 21.78907 0.00002
41 3.177437016E+06 0.88234 4.53726 4.86697 21.77956 0.00002
42 3.282594915E+06 0.88633 4.53638 4.87141 21.77007 0.00002
43 3.385863660E+06 0.89034 4.53547 4.87582 21.76058 0.00002
44 3.487261780E+06 0.89438 4.53455 4.88020 21.75109 0.00002
45 3.586812476E+06 0.89843 4.53361 4.88454 21.74162 0.00002
46 3.684545392E+06 0.90251 4.53265 4.88885 21.73215 0.00002
47 3.780480305E+06 0.90661 4.53167 4.89312 21.72271 0.00002
48 3.874621536E+06 0.91073 4.53066 4.89735 21.71329 0.00002
49 3.966975855E+06 0.91487 4.52964 4.90154 21.70391 0.00002
50 4.057546194E+06 0.91904 4.52859 4.90569 21.69456 0.00002
51 4.146330043E+06 0.92323 4.52752 4.90979 21.68526 0.00002
52 4.233229765E+06 0.92746 4.52642 4.91383 21.67602 0.00002
53 4.318106451E+06 0.93171 4.52528 4.91779 21.66687 0.00002
54 4.400885726E+06 0.93596 4.52413 4.92169 21.65783 0.00002
55 4.481935284E+06 0.94022 4.52296 4.92554 21.64887 0.00002
56 4.561498968E+06 0.94450 4.52178 4.92935 21.63995 0.00002
57 4.639629729E+06 0.94881 4.52057 4.93313 21.63110 0.00002
58 4.716341953E+06 0.95314 4.51934 4.93687 21.62230 0.00002
59 4.791650410E+06 0.95748 4.51809 4.94058 21.61356 0.00002
60 4.865605993E+06 0.96186 4.51682 4.94425 21.60488 0.00002
61 4.938144068E+06 0.96629 4.51553 4.94793 21.59628 0.00002
62 5.008978782E+06 0.97073 4.51421 4.95155 21.58780 0.00002
63 5.078408246E+06 0.97519 4.51288 4.95514 21.57940 0.00002
64 5.146520999E+06 0.97968 4.51152 4.95868 21.57108 0.00002
65 5.213314509E+06 0.98419 4.51014 4.96217 21.56285 0.00002
66 5.278764081E+06 0.98872 4.50873 4.96561 21.55472 0.00002
67 5.342852231E+06 0.99328 4.50730 4.96899 21.54670 0.00002
68 5.405427687E+06 0.99783 4.50585 4.97231 21.53881 0.00002
69 5.466604893E+06 1.00239 4.50439 4.97558 21.53104 0.00002
70 5.526649056E+06 1.00698 4.50291 4.97882 21.52337 0.00002
71 5.585624859E+06 1.01158 4.50140 4.98202 21.51580 0.00003
72 5.643556951E+06 1.01621 4.49988 4.98519 21.50831 0.00003
73 5.700469489E+06 1.02086 4.49835 4.98834 21.50092 0.00003
74 5.756430395E+06 1.02551 4.49681 4.99149 21.49362 0.00003
75 5.811946208E+06 1.03022 4.49524 4.99465 21.48634 0.00003
76 5.866771563E+06 1.03498 4.49365 4.99780 21.47912 0.00003
77 5.920706096E+06 1.03976 4.49204 5.00093 21.47199 0.00003
78 5.973689195E+06 1.04457 4.49041 5.00402 21.46496 0.00003
79 6.025695392E+06 1.04941 4.48875 5.00707 21.45804 0.00003
80 6.076699800E+06 1.05426 4.48708 5.01007 21.45124 0.00003
81 6.126664062E+06 1.05917 4.48536 5.01303 21.44457 0.00003
82 6.175289192E+06 1.06409 4.48362 5.01591 21.43807 0.00003
83 6.222323553E+06 1.06897 4.48188 5.01870 21.43178 0.00003
84 6.268249858E+06 1.07384 4.48013 5.02144 21.42564 0.00004
85 6.313390713E+06 1.07872 4.47837 5.02416 21.41960 0.00004
86 6.357796814E+06 1.08361 4.47661 5.02689 21.41367 0.00004
87 6.401974383E+06 1.08857 4.47482 5.02966 21.40778 0.00004
88 6.445788406E+06 1.09359 4.47300 5.03243 21.40194 0.00004
89 6.488954575E+06 1.09865 4.47116 5.03519 21.39620 0.00004
90 6.531386969E+06 1.10373 4.46930 5.03791 21.39056 0.00004
91 6.573076250E+06 1.10884 4.46742 5.04061 21.38504 0.00004
92 6.614030619E+06 1.11396 4.46553 5.04328 21.37964 0.00005
93 6.654254461E+06 1.11911 4.46361 5.04591 21.37435 0.00005
94 6.693757363E+06 1.12427 4.46168 5.04851 21.36918 0.00005
95 6.732539762E+06 1.12945 4.45973 5.05107 21.36412 0.00005
96 6.770592158E+06 1.13463 4.45777 5.05359 21.35919 0.00005
97 6.807894675E+06 1.13982 4.45579 5.05603 21.35439 0.00005
98 6.844346083E+06 1.14498 4.45380 5.05840 21.34972 0.00006
99 6.879868131E+06 1.15010 4.45182 5.06071 21.34521 0.00006
100 6.914699177E+06 1.15528 4.44981 5.06302 21.34082 0.00006
101 6.948714351E+06 1.16047 4.44779 5.06533 21.33657 0.00006
102 6.982158581E+06 1.16569 4.44576 5.06766 21.33242 0.00007
103 7.015365228E+06 1.17097 4.44370 5.07000 21.32833 0.00007
104 7.048178864E+06 1.17630 4.44162 5.07234 21.32434 0.00007
105 7.080472537E+06 1.18166 4.43952 5.07465 21.32044 0.00008
106 7.112215048E+06 1.18703 4.43740 5.07691 21.31570 0.00008
107 7.143306954E+06 1.19242 4.43526 5.07912 21.31007 0.00008
108 7.173739669E+06 1.19782 4.43310 5.08127 21.30356 0.00009
109 7.203525101E+06 1.20321 4.43093 5.08337 21.29621 0.00009
110 7.232714068E+06 1.20860 4.42874 5.08541 21.28803 0.00010
111 7.261324477E+06 1.21399 4.42654 5.08740 21.27905 0.00010
112 7.289321094E+06 1.21936 4.42434 5.08931 21.26930 6.34693
113 7.316693565E+06 1.22393 4.42249 5.09104 21.25896 7.10330
114 7.330379800E+06 1.22621 4.42153 5.09178 21.25359 7.12722
115 7.346803282E+06 1.22934 4.42023 5.09284 21.24681 7.13792
116 7.366511460E+06 1.23323 4.41862 5.09417 21.23818 7.14379
117 7.390161274E+06 1.23797 4.41665 5.09577 21.22708 7.14573
118 7.418541051E+06 1.24377 4.41423 5.09770 21.21266 7.14387
119 7.446467128E+06 1.24957 4.41180 5.09960 21.19739 7.13929
120 7.473799426E+06 1.25535 4.40939 5.10148 21.18138 7.13331
121 7.500514196E+06 1.26107 4.40699 5.10332 21.16468 7.12662
122 7.526638479E+06 1.26673 4.40461 5.10515 21.14734 7.11988
123 7.552199950E+06 1.27228 4.40228 5.10695 21.12939 7.11285
124 7.577226537E+06 1.27769 4.40003 5.10873 21.11088 7.10468
125 7.601783307E+06 1.28290 4.39787 5.11050 21.09180 7.09541
126 7.625936276E+06 1.28787 4.39583 5.11229 21.07219 7.08753
127 7.649717944E+06 1.29251 4.39396 5.11411 21.05208 7.08134
128 7.673106132E+06 1.29671 4.39233 5.11597 21.03157 7.07611
129 7.695787186E+06 1.30030 4.39101 5.11789 21.01106 7.07152
130 7.716846859E+06 1.30300 4.39015 5.11984 20.99156 7.06763
131 7.735291335E+06 1.30441 4.38992 5.12172 20.97424 7.06458
132 7.750600785E+06 1.30449 4.39031 5.12347 20.95980 7.06231
133 7.762636519E+06 1.30346 4.39122 5.12504 20.94851 7.06068
134 7.771601797E+06 1.30177 4.39241 5.12640 20.94018 7.05958
135 7.778496398E+06 1.29967 4.39375 5.12760 20.93387 7.05911
136 7.783964712E+06 1.29733 4.39520 5.12871 20.92894 7.05924
137 7.788405090E+06 1.29483 4.39671 5.12975 20.92502 7.05956
138 7.792074361E+06 1.29223 4.39827 5.13076 20.92185 7.06000
139 7.795146142E+06 1.28955 4.39985 5.13175 20.91926 7.06054
140 7.797746999E+06 1.28685 4.40145 5.13272 20.91711 7.06115
141 7.799970716E+06 1.28413 4.40305 5.13370 20.91533 7.06181
142 7.801886663E+06 1.28140 4.40466 5.13468 20.91383 7.06251
143 7.803544842E+06 1.27868 4.40627 5.13567 20.91257 7.06322
144 7.804985229E+06 1.27600 4.40786 5.13667 20.91150 7.06395
145 7.806244482E+06 1.27336 4.40943 5.13770 20.91060 7.06469
146 7.807347394E+06 1.27079 4.41098 5.13875 20.90984 7.06539
147 7.808315518E+06 1.26829 4.41250 5.13982 20.90919 7.06605
148 7.809166337E+06 1.26588 4.41398 5.14093 20.90864 7.06668
149 7.809914183E+06 1.26357 4.41542 5.14206 20.90817 7.06727
150 7.810570933E+06 1.26134 4.41683 5.14323 20.90777 7.06783
151 7.811147046E+06 1.25921 4.41819 5.14443 20.90743 7.06834
152 7.811651744E+06 1.25717 4.41952 5.14566 20.90715 7.06879
153 7.812092627E+06 1.25523 4.42080 5.14691 20.90691 7.06918
154 7.812478747E+06 1.25340 4.42203 5.14818 20.90670 7.06952
155 7.812816834E+06 1.25167 4.42322 5.14946 20.90653 7.06977
156 7.813112974E+06 1.25004 4.42435 5.15075 20.90639 7.06990
157 7.813372614E+06 1.24851 4.42544 5.15203 20.90627 7.06987
158 7.813600391E+06 1.24707 4.42648 5.15331 20.90616 7.06949
159 7.813800247E+06 1.24571 4.42748 5.15459 20.90608 7.06880
160 7.813975567E+06 1.24444 4.42843 5.15585 20.90600 7.06776
161 7.814129547E+06 1.24324 4.42934 5.15708 20.90594 7.06658
162 7.814264876E+06 1.24210 4.43021 5.15830 20.90589 7.06527
163 7.814383633E+06 1.24103 4.43105 5.15949 20.90585 7.06380
164 7.814487749E+06 1.24002 4.43184 5.16063 20.90581 7.06224
165 7.814581590E+06 1.23908 4.43257 5.16169 20.90578 7.06045
166 7.814665417E+06 1.23824 4.43323 5.16263 20.90575 7.05874
167 7.814747679E+06 1.23743 4.43386 5.16352 20.90572 7.05703
168 7.814829417E+06 1.23663 4.43446 5.16435 20.90570 7.05527
169 7.814911270E+06 1.23586 4.43504 5.16513 20.90568 7.05349
170 7.814993882E+06 1.23512 4.43559 5.16584 20.90565 7.05169
171 7.815077758E+06 1.23440 4.43612 5.16650 20.90563 7.04988
172 7.815163367E+06 1.23371 4.43661 5.16709 20.90561 7.04810
173 7.815251152E+06 1.23305 4.43706 5.16760 20.90559 7.04638
174 7.815341584E+06 1.23244 4.43748 5.16803 20.90556 7.04478
175 7.815435131E+06 1.23188 4.43784 5.16837 20.90554 7.04367
176 7.815532341E+06 1.23137 4.43816 5.16861 20.90552 7.04376
177 7.815633674E+06 1.23093 4.43841 5.16874 20.90550 7.04320
178 7.815739754E+06 1.23057 4.43859 5.16874 20.90547 7.04193
179 7.815851059E+06 1.23030 4.43869 5.16861 20.90545 7.03993
180 7.815967903E+06 1.23014 4.43870 5.16832 20.90543 7.03723
181 7.816090775E+06 1.23011 4.43860 5.16786 20.90540 7.03395
182 7.816219827E+06 1.23024 4.43838 5.16722 20.90537 7.03032
183 7.816354160E+06 1.23055 4.43801 5.16638 20.90534 7.02673
184 7.816492385E+06 1.23105 4.43751 5.16537 20.90531 7.02235
185 7.816633519E+06 1.23175 4.43686 5.16419 20.90527 7.00215
186 7.816776901E+06 1.23268 4.43606 5.16287 20.90523 6.97506
187 7.816924282E+06 1.23388 4.43510 5.16139 20.90519 6.94299
188 7.817073214E+06 1.23536 4.43396 5.15981 20.90515 6.90855
189 7.817222894E+06 1.23714 4.43266 5.15816 20.90510 6.87383
190 7.817372703E+06 1.23926 4.43118 5.15649 20.90504 6.84073
191 7.817521801E+06 1.24173 4.42954 5.15485 20.90498 6.81124
192 7.817669688E+06 1.24459 4.42772 5.15331 20.90492 6.78747
193 7.817816010E+06 1.24782 4.42576 5.15192 20.90485 6.77115
194 7.817960469E+06 1.25145 4.42364 5.15071 20.90478 6.76121
195 7.818102615E+06 1.25544 4.42140 5.14971 20.90470 6.74924
196 7.818242111E+06 1.25978 4.41904 5.14895 20.90462 6.72629
197 7.818379200E+06 1.26444 4.41658 5.14843 20.90454 6.70225
198 7.818513864E+06 1.26938 4.41403 5.14812 20.90445 6.67840
199 7.818645533E+06 1.27453 4.41143 5.14802 20.90435 6.65559
200 7.818774259E+06 1.27987 4.40878 5.14809 20.90425 6.63437
201 7.818900162E+06 1.28534 4.40610 5.14831 20.90415 6.61521
202 7.819023418E+06 1.29093 4.40339 5.14867 20.90404 6.59852
203 7.819144278E+06 1.29660 4.40067 5.14913 20.90393 6.58468
204 7.819263006E+06 1.30235 4.39794 5.14969 20.90382 6.57359
205 7.819379747E+06 1.30814 4.39519 5.15030 20.90370 6.56499
206 7.819494766E+06 1.31395 4.39246 5.15097 20.90358 6.55860
207 7.819608794E+06 1.31982 4.38970 5.15169 20.90346 6.55379
208 7.819721740E+06 1.32573 4.38693 5.15244 20.90333 6.55051
209 7.819833686E+06 1.33167 4.38416 5.15321 20.90319 6.54031
210 7.819944774E+06 1.33766 4.38136 5.15401 20.90305 6.52772
211 7.820054233E+06 1.34362 4.37858 5.15482 20.90291 6.51484
212 7.820162675E+06 1.34960 4.37580 5.15563 20.90277 6.50196
213 7.820270394E+06 1.35560 4.37300 5.15645 20.90262 6.48933
214 7.820377484E+06 1.36161 4.37020 5.15726 20.90246 6.47720
215 7.820484021E+06 1.36765 4.36738 5.15808 20.90231 6.46579
216 7.820590074E+06 1.37367 4.36458 5.15889 20.90215 6.45532
217 7.820696189E+06 1.37971 4.36176 5.15970 20.90198 6.44598
218 7.820802260E+06 1.38578 4.35893 5.16051 20.90181 6.43786
219 7.820908067E+06 1.39188 4.35608 5.16130 20.90163 6.43090
220 7.821013542E+06 1.39799 4.35321 5.16207 20.90145 6.42516
221 7.821118729E+06 1.40412 4.35034 5.16283 20.90127 6.42038
222 7.821223646E+06 1.41028 4.34745 5.16358 20.90109 6.41647
223 7.821328287E+06 1.41645 4.34454 5.16432 20.90091 6.41341
224 7.821432654E+06 1.42265 4.34162 5.16504 20.90074 6.41119
225 7.821536758E+06 1.42887 4.33869 5.16575 20.90056 6.40420
226 7.821640611E+06 1.43505 4.33578 5.16646 20.90039 6.39534
227 7.821744217E+06 1.44124 4.33286 5.16715 20.90021 6.38619
228 7.821847405E+06 1.44743 4.32993 5.16782 20.90004 6.37699
229 7.821950276E+06 1.45364 4.32699 5.16848 20.89987 6.36789
230 7.822052834E+06 1.45986 4.32404 5.16913 20.89970 6.35907
231 7.822155085E+06 1.46610 4.32108 5.16976 20.89953 6.35066
232 7.822257041E+06 1.47236 4.31811 5.17038 20.89936 6.34280
233 7.822358715E+06 1.47864 4.31512 5.17099 20.89919 6.33565
234 7.822460122E+06 1.48493 4.31212 5.17158 20.89903 6.32929
235 7.822561276E+06 1.49121 4.30913 5.17216 20.89886 6.32366
236 7.822662664E+06 1.49748 4.30613 5.17272 20.89870 6.31875
237 7.822764337E+06 1.50381 4.30310 5.17326 20.89854 6.31458
238 7.822865811E+06 1.51015 4.30006 5.17379 20.89837 6.31103
239 7.822967067E+06 1.51653 4.29700 5.17430 20.89821 6.30803
240 7.823068076E+06 1.52292 4.29393 5.17480 20.89805 6.30557
241 7.823168820E+06 1.52935 4.29084 5.17529 20.89789 6.30364
242 7.823269290E+06 1.53580 4.28773 5.17576 20.89773 6.30124
243 7.823369470E+06 1.54229 4.28460 5.17622 20.89758 6.29516
244 7.823469158E+06 1.54876 4.28148 5.17667 20.89742 6.28877
245 7.823568046E+06 1.55514 4.27839 5.17711 20.89727 6.28223
246 7.823667443E+06 1.56160 4.27527 5.17753 20.89712 6.27562
247 7.823766516E+06 1.56808 4.27214 5.17795 20.89697 6.26910
248 7.823865219E+06 1.57458 4.26899 5.17835 20.89682 6.26275
249 7.823963545E+06 1.58110 4.26582 5.17874 20.89667 6.25666
250 7.824061494E+06 1.58765 4.26264 5.17911 20.89652 6.25092
251 7.824159065E+06 1.59423 4.25945 5.17948 20.89638 6.24558
252 7.824256256E+06 1.60083 4.25623 5.17983 20.89623 6.24071
253 7.824353068E+06 1.60744 4.25301 5.18018 20.89609 6.23636
254 7.824449718E+06 1.61398 4.24983 5.18051 20.89595 6.23244
255 7.824547156E+06 1.62062 4.24659 5.18082 20.89581 6.22895
256 7.824644264E+06 1.62729 4.24333 5.18112 20.89566 6.22595
257 7.824740998E+06 1.63399 4.24005 5.18141 20.89553 6.22337
258 7.824837346E+06 1.64072 4.23675 5.18168 20.89539 6.22113
259 7.824933292E+06 1.64748 4.23344 5.18195 20.89525 6.21920
260 7.825028809E+06 1.65427 4.23010 5.18220 20.89512 6.21758
261 7.825123884E+06 1.66110 4.22675 5.18244 20.89498 6.21625
262 7.825218503E+06 1.66795 4.22338 5.18266 20.89485 6.21504
263 7.825312760E+06 1.67470 4.22006 5.18288 20.89472 6.21114
264 7.825407968E+06 1.68158 4.21667 5.18309 20.89459 6.20697
265 7.825502063E+06 1.68844 4.21329 5.18329 20.89447 6.20274
266 7.825595616E+06 1.69532 4.20990 5.18347 20.89434 6.19850
267 7.825688636E+06 1.70224 4.20648 5.18365 20.89421 6.19428
268 7.825781113E+06 1.70919 4.20305 5.18382 20.89409 6.19015
269 7.825873039E+06 1.71617 4.19960 5.18397 20.89397 6.18613
270 7.825964403E+06 1.72318 4.19613 5.18412 20.89385 6.18227
271 7.826055192E+06 1.73022 4.19264 5.18425 20.89373 6.17859
272 7.826145448E+06 1.73712 4.18922 5.18438 20.89362 6.17507
273 7.826236746E+06 1.74417 4.18573 5.18449 20.89350 6.17173
274 7.826327544E+06 1.75125 4.18221 5.18460 20.89339 6.16865
275 7.826417716E+06 1.75837 4.17868 5.18470 20.89327 6.16586
276 7.826507214E+06 1.76551 4.17513 5.18479 20.89316 6.16336
277 7.826595995E+06 1.77269 4.17157 5.18488 20.89305 6.16109
278 7.826683960E+06 1.77988 4.16799 5.18495 20.89294 6.15907
279 7.826771088E+06 1.78709 4.16439 5.18500 20.89284 6.15727
280 7.826857359E+06 1.79431 4.16080 5.18505 20.89273 6.15569
281 7.826942887E+06 1.80136 4.15728 5.18509 20.89263 6.15424
282 7.827029333E+06 1.80856 4.15369 5.18512 20.89253 6.15292
283 7.827115013E+06 1.81578 4.15009 5.18514 20.89243 6.15173
284 7.827199802E+06 1.82301 4.14647 5.18514 20.89233 6.15067
285 7.827283651E+06 1.83026 4.14285 5.18514 20.89223 6.14972
286 7.827366548E+06 1.83752 4.13921 5.18514 20.89214 6.14888
287 7.827448491E+06 1.84480 4.13557 5.18512 20.89205 6.14812
288 7.827529482E+06 1.85211 4.13191 5.18510 20.89195 6.14745
289 7.827609522E+06 1.85936 4.12828 5.18507 20.89187 6.14684
290 7.827689208E+06 1.86649 4.12470 5.18503 20.89178 6.14556
291 7.827769622E+06 1.87377 4.12105 5.18498 20.89169 6.14383
292 7.827848993E+06 1.88106 4.11739 5.18493 20.89160 6.14212
293 7.827927345E+06 1.88836 4.11373 5.18486 20.89152 6.14044
294 7.828004827E+06 1.89568 4.11005 5.18480 20.89144 6.13879
295 7.828081435E+06 1.90303 4.10635 5.18472 20.89136 6.13720
296 7.828157166E+06 1.91041 4.10264 5.18464 20.89128 6.13567
297 7.828232015E+06 1.91782 4.09892 5.18456 20.89120 6.13419
298 7.828305973E+06 1.92508 4.09527 5.18447 20.89113 6.13274
299 7.828380505E+06 1.93238 4.09159 5.18437 20.89105 6.13129
300 7.828455184E+06 1.93979 4.08786 5.18426 20.89097 6.12990
301 7.828529083E+06 1.94724 4.08410 5.18414 20.89089 6.12859
302 7.828602135E+06 1.95472 4.08033 5.18402 20.89082 6.12735
303 7.828674312E+06 1.96223 4.07655 5.18389 20.89074 6.12620
304 7.828745590E+06 1.96977 4.07274 5.18376 20.89066 6.12513
305 7.828815943E+06 1.97735 4.06892 5.18362 20.89059 6.12414
306 7.828885341E+06 1.98493 4.06510 5.18349 20.89051 6.12322
307 7.828953922E+06 1.99224 4.06141 5.18336 20.89043 6.12231
308 7.829023886E+06 1.99980 4.05759 5.18320 20.89035 6.12145
309 7.829093104E+06 2.00740 4.05375 5.18305 20.89027 6.12067
310 7.829161391E+06 2.01503 4.04990 5.18289 20.89018 6.11996
311 7.829228703E+06 2.02267 4.04603 5.18272 20.89010 6.11933
312 7.829295009E+06 2.03035 4.04216 5.18256 20.89001 6.11878
313 7.829360305E+06 2.03804 4.03827 5.18239 20.88992 6.11830
314 7.829424586E+06 2.04576 4.03436 5.18222 20.88983 6.11788
315 7.829487828E+06 2.05326 4.03057 5.18206 20.88974 6.11748
316 7.829551833E+06 2.06083 4.02675 5.18189 20.88965 6.11711
317 7.829616002E+06 2.06854 4.02285 5.18171 20.88955 6.11684
318 7.829679343E+06 2.07629 4.01892 5.18152 20.88944 6.11669
319 7.829741787E+06 2.08407 4.01499 5.18132 20.88934 6.11664
320 7.829803324E+06 2.09188 4.01103 5.18112 20.88923 6.11665
321 7.829863958E+06 2.09972 4.00706 5.18093 20.88912 6.11671
322 7.829923677E+06 2.10760 4.00307 5.18072 20.88901 6.11682
323 7.829982475E+06 2.11534 3.99915 5.18054 20.88890 6.11694
324 7.830041512E+06 2.12300 3.99528 5.18036 20.88878 6.11705
325 7.830101555E+06 2.13091 3.99127 5.18015 20.88866 6.11720
326 7.830160968E+06 2.13888 3.98723 5.17993 20.88853 6.11736
327 7.830219608E+06 2.14690 3.98317 5.17971 20.88841 6.11752
328 7.830277471E+06 2.15497 3.97908 5.17948 20.88828 6.11770
329 7.830334597E+06 2.16309 3.97496 5.17925 20.88816 6.11788
330 7.830391049E+06 2.17128 3.97080 5.17902 20.88803 6.11807
331 7.830446878E+06 2.17943 3.96667 5.17880 20.88790 6.11826
332 7.830502747E+06 2.18739 3.96264 5.17861 20.88777 6.11844
333 7.830560460E+06 2.19571 3.95843 5.17836 20.88764 6.11863
334 7.830618023E+06 2.20416 3.95413 5.17810 20.88750 6.11883
335 7.830675164E+06 2.21272 3.94979 5.17782 20.88735 6.11903
336 7.830731911E+06 2.22139 3.94538 5.17755 20.88721 6.11923
337 7.830788371E+06 2.23019 3.94091 5.17726 20.88706 6.11942
338 7.830844778E+06 2.23913 3.93636 5.17696 20.88691 6.11961
339 7.830901500E+06 2.24827 3.93172 5.17665 20.88676 6.11980
340 7.830958894E+06 2.25729 3.92715 5.17640 20.88660 6.11998
341 7.831019520E+06 2.26682 3.92230 5.17607 20.88643 6.12016
342 7.831082616E+06 2.27687 3.91717 5.17568 20.88625 6.12034
343 7.831148452E+06 2.28752 3.91174 5.17525 20.88605 6.12051
344 7.831218633E+06 2.29901 3.90587 5.17477 20.88584 6.12068
345 7.831296681E+06 2.31192 3.89927 5.17418 20.88559 6.12049
346 7.831389549E+06 2.32740 3.89135 5.17342 20.88529 6.11966
347 7.831484540E+06 2.34331 3.88317 5.17254 20.88498 6.11809
348 7.831549391E+06 2.35417 3.87756 5.17182 20.88475 6.11658
349 7.831596751E+06 2.36218 3.87340 5.17121 20.88459 6.11527
350 7.831636017E+06 2.36894 3.86988 5.17065 20.88445 6.11409
351 7.831670511E+06 2.37478 3.86686 5.17025 20.88433 6.11304
352 7.831703242E+06 2.38016 3.86409 5.16992 20.88421 6.11207
353 7.831735254E+06 2.38535 3.86139 5.16950 20.88409 6.11114
354 7.831765910E+06 2.39038 3.85876 5.16905 20.88398 6.11026
355 7.831795171E+06 2.39527 3.85620 5.16857 20.88387 6.10944
356 7.831823105E+06 2.40008 3.85367 5.16808 20.88377 6.10868
357 7.831849776E+06 2.40479 3.85119 5.16758 20.88367 6.10800
358 7.831875420E+06 2.40937 3.84878 5.16713 20.88357 6.10741
359 7.831900709E+06 2.41390 3.84644 5.16678 20.88347 6.10689
360 7.831926228E+06 2.41838 3.84413 5.16651 20.88338 6.10644
361 7.831952439E+06 2.42290 3.84177 5.16612 20.88327 6.10605
362 7.831978527E+06 2.42747 3.83937 5.16567 20.88317 6.10572
363 7.832004083E+06 2.43205 3.83696 5.16517 20.88307 6.10547
364 7.832028937E+06 2.43663 3.83454 5.16467 20.88297 6.10500
365 7.832053216E+06 2.44114 3.83217 5.16420 20.88287 6.10447
366 7.832077611E+06 2.44575 3.82974 5.16371 20.88278 6.10391
367 7.832101814E+06 2.45038 3.82733 5.16334 20.88268 6.10336
368 7.832126363E+06 2.45505 3.82493 5.16305 20.88258 6.10281
369 7.832151632E+06 2.45980 3.82245 5.16263 20.88247 6.10225
370 7.832177013E+06 2.46464 3.81990 5.16213 20.88237 6.10169
371 7.832202128E+06 2.46953 3.81733 5.16161 20.88226 6.10114
372 7.832227007E+06 2.47440 3.81477 5.16112 20.88216 6.10063
373 7.832252141E+06 2.47939 3.81214 5.16060 20.88205 6.10012
374 7.832277264E+06 2.48447 3.80947 5.16004 20.88195 6.09964
375 7.832302249E+06 2.48963 3.80677 5.15960 20.88184 6.09920
376 7.832327543E+06 2.49487 3.80407 5.15925 20.88173 6.09879
377 7.832353515E+06 2.50020 3.80128 5.15877 20.88162 6.09841
378 7.832379711E+06 2.50561 3.79844 5.15823 20.88150 6.09806
379 7.832405953E+06 2.51101 3.79561 5.15771 20.88139 6.09776
380 7.832432675E+06 2.51655 3.79270 5.15715 20.88127 6.09749
381 7.832459604E+06 2.52224 3.78970 5.15654 20.88115 6.09727
382 7.832486566E+06 2.52807 3.78663 5.15589 20.88103 6.09708
383 7.832513451E+06 2.53405 3.78347 5.15523 20.88091 6.09693
384 7.832540243E+06 2.54017 3.78031 5.15481 20.88079 6.09675
385 7.832567688E+06 2.54639 3.77706 5.15426 20.88066 6.09655
386 7.832595404E+06 2.55263 3.77380 5.15369 20.88053 6.09632
387 7.832623608E+06 2.55898 3.77047 5.15308 20.88040 6.09607
388 7.832652025E+06 2.56542 3.76708 5.15240 20.88027 6.09581
389 7.832680412E+06 2.57194 3.76364 5.15167 20.88014 6.09554
390 7.832708650E+06 2.57850 3.76016 5.15089 20.88001 6.09526
391 7.832736669E+06 2.58510 3.75666 5.15007 20.87988 6.09497
392 7.832764419E+06 2.59174 3.75316 5.14937 20.87975 6.09470
393 7.832792074E+06 2.59832 3.74973 5.14879 20.87962 6.09444
394 7.832820068E+06 2.60476 3.74635 5.14816 20.87948 6.09419
395 7.832848448E+06 2.61116 3.74297 5.14744 20.87935 6.09395
396 7.832876824E+06 2.61754 3.73959 5.14666 20.87921 6.09373
397 7.832905214E+06 2.62399 3.73615 5.14582 20.87908 6.09351
398 7.832933881E+06 2.63060 3.73262 5.14492 20.87894 6.09332
399 7.832962938E+06 2.63736 3.72900 5.14395 20.87880 6.09313
400 7.832992409E+06 2.64426 3.72529 5.14292 20.87866 6.09297
401 7.833022363E+06 2.65132 3.72149 5.14185 20.87852 6.09283
402 7.833052844E+06 2.65857 3.71765 5.14099 20.87837 6.09272
403 7.833084566E+06 2.66580 3.71381 5.14008 20.87822 6.09262
404 7.833117482E+06 2.67300 3.70995 5.13904 20.87807 6.09255
405 7.833151570E+06 2.68071 3.70580 5.13788 20.87790 6.09250
406 7.833188169E+06 2.68932 3.70117 5.13656 20.87773 6.09247
407 7.833228866E+06 2.69894 3.69598 5.13504 20.87754 6.09243
408 7.833274442E+06 2.70909 3.69046 5.13327 20.87733 6.09240
409 7.833321052E+06 2.72050 3.68427 5.13134 20.87712 6.09256
410 7.833368231E+06 2.73234 3.67784 5.12929 20.87690 6.09272
411 7.833412960E+06 2.74198 3.67251 5.12726 20.87670 6.09287
412 7.833452803E+06 2.75033 3.66786 5.12534 20.87652 6.09299
413 7.833488171E+06 2.75801 3.66357 5.12354 20.87637 6.09313
414 7.833522323E+06 2.76473 3.65978 5.12183 20.87622 6.09326
415 7.833557000E+06 2.77162 3.65592 5.12015 20.87607 6.09340
416 7.833590649E+06 2.77923 3.65167 5.11841 20.87593 6.09356
417 7.833622643E+06 2.78661 3.64758 5.11677 20.87580 6.09371
418 7.833653986E+06 2.79283 3.64405 5.11511 20.87567 6.09385
419 7.833686347E+06 2.79782 3.64112 5.11335 20.87554 6.09399
420 7.833720490E+06 2.80259 3.63824 5.11138 20.87540 6.09414
421 7.833754733E+06 2.80760 3.63521 5.10929 20.87526 6.09429
422 7.833788373E+06 2.81219 3.63240 5.10721 20.87513 6.09443
423 7.833823364E+06 2.81633 3.62977 5.10499 20.87500 6.09458
424 7.833859968E+06 2.82067 3.62700 5.10258 20.87486 6.09473
425 7.833897074E+06 2.82562 3.62387 5.09997 20.87473 6.09490
426 7.833933456E+06 2.83068 3.62070 5.09739 20.87459 6.09506
427 7.833970128E+06 2.83547 3.61769 5.09493 20.87446 6.09521
428 7.834007986E+06 2.83955 3.61501 5.09237 20.87433 6.09536
429 7.834048078E+06 2.84311 3.61254 5.08961 20.87420 6.09551
430 7.834089438E+06 2.84628 3.61023 5.08671 20.87406 6.09566
431 7.834131608E+06 2.84912 3.60806 5.08372 20.87392 6.09581
432 7.834174311E+06 2.85158 3.60608 5.08071 20.87378 6.09595
433 7.834217663E+06 2.85372 3.60426 5.07774 20.87364 6.09610
434 7.834261781E+06 2.85566 3.60257 5.07483 20.87351 6.09624
435 7.834306595E+06 2.85753 3.60094 5.07208 20.87337 6.09638
436 7.834352090E+06 2.85956 3.59940 5.06997 20.87323 6.09653
437 7.834398840E+06 2.86238 3.59801 5.07007 20.87309 6.09668
438 7.834448735E+06 2.86518 3.59665 5.07022 20.87294 6.09684
439 7.834500567E+06 2.86761 3.59535 5.06987 20.87279 6.09701
440 7.834553703E+06 2.86976 3.59410 5.06915 20.87263 6.09718
441 7.834607672E+06 2.87171 3.59288 5.06818 20.87247 6.09735
442 7.834662125E+06 2.87370 3.59168 5.06737 20.87231 6.09751
443 7.834716998E+06 2.87569 3.59051 5.06666 20.87215 6.09768
444 7.834772218E+06 2.87752 3.58939 5.06582 20.87199 6.09785
445 7.834827559E+06 2.87923 3.58830 5.06492 20.87184 6.09802
446 7.834882852E+06 2.88105 3.58724 5.06431 20.87168 6.09819
447 7.834938193E+06 2.88296 3.58620 5.06398 20.87153 6.09836
448 7.834993622E+06 2.88478 3.58520 5.06361 20.87137 6.09853
449 7.835048968E+06 2.88654 3.58424 5.06326 20.87122 6.09870
450 7.835104127E+06 2.88853 3.58327 5.06337 20.87106 6.09887
451 7.835159414E+06 2.89058 3.58231 5.06367 20.87091 6.09903
452 7.835214738E+06 2.89259 3.58139 5.06396 20.87076 6.09920
453 7.835269973E+06 2.89459 3.58048 5.06434 20.87061 6.09937
454 7.835325101E+06 2.89695 3.57955 5.06534 20.87046 6.09954
455 7.835380627E+06 2.89926 3.57865 5.06634 20.87030 6.09971
456 7.835436240E+06 2.90152 3.57777 5.06736 20.87015 6.09988
457 7.835491875E+06 2.90400 3.57689 5.06879 20.87000 6.10005
458 7.835547898E+06 2.90659 3.57601 5.07049 20.86984 6.10022
459 7.835604380E+06 2.90914 3.57517 5.07219 20.86969 6.10039
460 7.835661113E+06 2.91171 3.57434 5.07404 20.86953 6.10056
461 7.835718224E+06 2.91457 3.57351 5.07641 20.86937 6.10074
462 7.835776247E+06 2.91735 3.57270 5.07876 20.86921 6.10092
463 7.835834814E+06 2.92008 3.57193 5.08110 20.86904 6.10109
464 7.835893877E+06 2.92307 3.57114 5.08395 20.86887 6.10128
465 7.835954243E+06 2.92606 3.57038 5.08687 20.86870 6.10146
466 7.836015576E+06 2.92898 3.56964 5.08975 20.86852 6.10165
467 7.836077751E+06 2.93203 3.56891 5.09293 20.86834 6.10184
468 7.836141299E+06 2.93517 3.56818 5.09632 20.86816 6.10204
469 7.836206339E+06 2.93823 3.56749 5.09965 20.86796 6.10224
470 7.836272690E+06 2.94130 3.56681 5.10308 20.86776 6.10245
471 7.836340591E+06 2.94455 3.56612 5.10683 20.86756 6.10266
472 7.836410544E+06 2.94769 3.56547 5.11050 20.86734 6.10288
473 7.836482460E+06 2.95076 3.56484 5.11411 20.86712 6.10310
474 7.836556312E+06 2.95404 3.56420 5.11810 20.86689 6.10334
475 7.836632840E+06 2.95721 3.56359 5.12200 20.86664 6.10358
476 7.836712304E+06 2.96030 3.56300 5.12582 20.86639 6.10383
477 7.836794665E+06 2.96347 3.56241 5.12982 20.86612 6.10409
478 7.836880599E+06 2.96663 3.56184 5.13385 20.86583 6.10437
479 7.836970879E+06 2.96970 3.56129 5.13778 20.86553 6.10466
480 7.837065656E+06 2.97276 3.56075 5.14176 20.86521 6.10497
481 7.837165694E+06 2.97585 3.56022 5.14582 20.86486 6.10530
482 7.837272244E+06 2.97884 3.55971 5.14976 20.86449 6.10565
483 7.837386052E+06 2.98177 3.55922 5.15365 20.86408 6.10602
484 7.837508283E+06 2.98474 3.55873 5.15765 20.86364 6.10643
485 7.837640920E+06 2.98758 3.55827 5.16149 20.86316 6.10688
486 7.837786163E+06 2.99034 3.55783 5.16523 20.86262 6.10738
487 7.837946680E+06 2.99311 3.55739 5.16902 20.86202 6.10793
488 7.838126519E+06 2.99573 3.55698 5.17262 20.86133 6.10856
489 7.838331366E+06 2.99824 3.55659 5.17608 20.86054 6.10928
490 7.838568745E+06 3.00069 3.55622 5.17949 20.85961 6.11014
491 7.838849356E+06 3.00294 3.55588 5.18263 20.85850 6.11117
492 7.839186090E+06 3.00500 3.55557 5.18552 20.85716 6.11243
493 7.839590170E+06 3.00684 3.55530 5.18811 20.85552 6.11398
494 7.840075067E+06 3.00836 3.55508 5.19026 20.85355 6.11588
495 7.840656943E+06 3.00964 3.55489 5.19208 20.85116 6.11823
496 7.841355194E+06 3.01066 3.55475 5.19355 20.84827 6.12113
497 7.842193095E+06 3.01148 3.55463 5.19473 20.84480 6.12488
498 7.843198576E+06 3.01218 3.55454 5.19573 20.84061 6.12964
499 7.844405154E+06 3.01273 3.55446 5.19654 20.83557 6.13560
500 7.845853048E+06 3.01322 3.55439 5.19726 20.82950 6.14301
501 7.847590519E+06 3.01367 3.55433 5.19790 20.82220 6.15214
502 7.849675486E+06 3.01411 3.55427 5.19853 20.81341 6.16331
503 7.852177445E+06 3.01457 3.55420 5.19919 20.80284 6.17688
504 7.855179797E+06 3.01509 3.55412 5.19991 20.79013 6.19324
505 7.858782619E+06 3.01569 3.55403 5.20073 20.77482 6.21282
506 7.863106005E+06 3.01639 3.55391 5.20168 20.75638 6.23614
507 7.868294069E+06 3.01723 3.55377 5.20279 20.73415 6.26379
508 7.874519745E+06 3.01821 3.55361 5.20409 20.70735 6.29646
509 7.881990556E+06 3.01935 3.55341 5.20559 20.67500 6.33492
510 7.890236792E+06 3.02058 3.55320 5.20719 20.63907 6.37657
511 7.898739017E+06 3.02181 3.55298 5.20877 20.60180 6.41870
512 7.907455955E+06 3.02302 3.55276 5.21032 20.56336 6.46112
513 7.916355894E+06 3.02422 3.55254 5.21184 20.52389 6.50369
514 7.925389668E+06 3.02536 3.55233 5.21328 20.48360 6.54617
515 7.934505801E+06 3.02645 3.55212 5.21463 20.44274 6.58832
516 7.943686368E+06 3.02747 3.55193 5.21588 20.40139 6.63007
517 7.952969817E+06 3.02844 3.55173 5.21705 20.35940 6.67159
518 7.962388819E+06 3.02936 3.55155 5.21816 20.31662 6.71303
519 7.971946191E+06 3.03024 3.55137 5.21919 20.27305 6.75438
520 7.981607227E+06 3.03106 3.55119 5.22013 20.22886 6.79549
521 7.991333230E+06 3.03181 3.55103 5.22096 20.18423 6.83618
522 8.001084282E+06 3.03246 3.55088 5.22166 20.13939 6.87628
523 8.010872449E+06 3.03304 3.55073 5.22226 20.09428 6.91585
524 8.020789054E+06 3.03357 3.55060 5.22277 20.04851 6.95525
525 8.030872467E+06 3.03406 3.55047 5.22322 20.00191 6.99426
526 8.041109789E+06 3.03449 3.55034 5.22358 19.95455 7.03297
527 8.051483069E+06 3.03485 3.55023 5.22385 19.90654 7.07126
528 8.061925423E+06 3.03512 3.55013 5.22398 19.85820 7.10888
529 8.072401271E+06 3.03530 3.55004 5.22398 19.80974 7.14567
530 8.082948450E+06 3.03542 3.54996 5.22390 19.76099 7.18175
531 8.093653146E+06 3.03549 3.54988 5.22375 19.71157 7.21743
532 8.104564434E+06 3.03552 3.54981 5.22353 19.66128 7.25284
533 8.115649620E+06 3.03549 3.54975 5.22322 19.61027 7.28785
534 8.126824450E+06 3.03538 3.54970 5.22280 19.55897 7.32218
535 8.137993453E+06 3.03520 3.54966 5.22228 19.50784 7.35556
536 8.149149161E+06 3.03495 3.54963 5.22166 19.45693 7.38799
537 8.160378278E+06 3.03467 3.54961 5.22101 19.40585 7.41977
538 8.171787526E+06 3.03437 3.54959 5.22032 19.35413 7.45122
539 8.183385747E+06 3.03404 3.54957 5.21960 19.30174 7.48238
540 8.195106769E+06 3.03367 3.54956 5.21881 19.24899 7.51292
541 8.206844740E+06 3.03325 3.54955 5.21796 19.19638 7.54191
542 8.218521421E+06 3.03281 3.54956 5.21708 19.14426 7.56966
543 8.230280574E+06 3.03236 3.54956 5.21620 19.09200 7.59654
544 8.242167801E+06 3.03192 3.54956 5.21533 19.03937 7.62268
545 8.254243511E+06 3.03151 3.54956 5.21449 18.98613 7.64823
546 8.266515247E+06 3.03111 3.54955 5.21367 18.93223 7.67324
547 8.278905679E+06 3.03072 3.54955 5.21287 18.87802 7.69758
548 8.291271128E+06 3.03034 3.54954 5.21209 18.82411 7.72105
549 8.303476298E+06 3.03002 3.54953 5.21138 18.77109 7.74354
550 8.315607860E+06 3.02975 3.54950 5.21076 18.71854 7.76536
551 8.327790912E+06 3.02956 3.54947 5.21025 18.66591 7.78687
552 8.340068566E+06 3.02944 3.54943 5.20982 18.61299 7.80697
553 8.352371766E+06 3.02938 3.54937 5.20949 18.56006 7.82594
554 8.364758339E+06 3.02940 3.54930 5.20925 18.50686 7.84417
555 8.376908197E+06 3.02948 3.54923 5.20911 18.45473 7.86128
556 8.388677783E+06 3.02963 3.54914 5.20907 18.40427 7.87724
557 8.400065891E+06 3.02986 3.54905 5.20914 18.35545 7.89221
558 8.411089695E+06 3.03017 3.54894 5.20933 18.30819 7.90640
559 8.421801323E+06 3.03055 3.54882 5.20963 18.26224 7.92003
560 8.432211779E+06 3.03101 3.54869 5.21003 18.21753 7.93329
561 8.442339222E+06 3.03153 3.54856 5.21052 18.17397 7.94589
562 8.452174773E+06 3.03211 3.54841 5.21110 18.13159 7.95688
563 8.461740527E+06 3.03274 3.54826 5.21175 18.09029 7.96715
564 8.471107281E+06 3.03344 3.54809 5.21249 18.04975 7.97687
565 8.480168663E+06 3.03417 3.54793 5.21329 18.01043 7.98601
566 8.488892897E+06 3.03496 3.54775 5.21417 17.97245 7.99464
567 8.497268322E+06 3.03579 3.54757 5.21510 17.93587 8.00285
568 8.505284891E+06 3.03665 3.54739 5.21610 17.90074 8.01074
569 8.512943301E+06 3.03754 3.54720 5.21714 17.86705 8.01840
570 8.520258130E+06 3.03846 3.54701 5.21823 17.83474 8.02595
571 8.527241899E+06 3.03942 3.54682 5.21936 17.80377 8.03331
572 8.533911627E+06 3.04040 3.54663 5.22055 17.77406 8.03938
573 8.540295622E+06 3.04140 3.54643 5.22177 17.74549 8.04504
574 8.546479919E+06 3.04244 3.54623 5.22305 17.71768 8.05040
575 8.552416905E+06 3.04351 3.54602 5.22436 17.69086 8.05546
576 8.558114764E+06 3.04461 3.54582 5.22572 17.66498 8.06029
577 8.563589099E+06 3.04573 3.54561 5.22713 17.63998 8.06495
578 8.568836525E+06 3.04688 3.54539 5.22857 17.61588 8.06948
579 8.573862934E+06 3.04805 3.54518 5.23005 17.59266 8.07392
580 8.578672324E+06 3.04924 3.54496 5.23156 17.57032 8.07834
581 8.583271872E+06 3.05045 3.54474 5.23311 17.54882 8.08279
582 8.587661095E+06 3.05170 3.54452 5.23470 17.52817 8.08731
583 8.591849088E+06 3.05297 3.54429 5.23634 17.50834 8.09153
584 8.595844903E+06 3.05426 3.54406 5.23801 17.48930 8.09507
585 8.599662327E+06 3.05558 3.54383 5.23973 17.47097 8.09841
586 8.603313100E+06 3.05694 3.54359 5.24150 17.45333 8.10157
587 8.606779112E+06 3.05833 3.54335 5.24330 17.43645 8.10457
588 8.610063886E+06 3.05973 3.54311 5.24515 17.42033 8.10744
589 8.613171338E+06 3.06116 3.54286 5.24703 17.40497 8.11019
590 8.616110683E+06 3.06262 3.54262 5.24895 17.39032 8.11287
591 8.618876823E+06 3.06411 3.54236 5.25091 17.37643 8.11543
592 8.621477887E+06 3.06563 3.54211 5.25293 17.36325 8.11791
593 8.623912318E+06 3.06719 3.54184 5.25500 17.35081 8.12036
594 8.626188908E+06 3.06879 3.54158 5.25713 17.33907 8.12283
595 8.628304460E+06 3.07043 3.54130 5.25931 17.32806 8.12536
596 8.630262027E+06 3.07210 3.54102 5.26154 17.31777 8.12742
597 8.632071550E+06 3.07380 3.54074 5.26382 17.30817 8.12910
598 8.633758671E+06 3.07556 3.54045 5.26617 17.29913 8.13061
599 8.635313583E+06 3.07735 3.54016 5.26858 17.29071 8.13196
600 8.636737061E+06 3.07919 3.53986 5.27105 17.28292 8.13317
601 8.638038764E+06 3.08108 3.53955 5.27360 17.27571 8.13428
602 8.639224331E+06 3.08301 3.53923 5.27619 17.26908 8.13530
603 8.640288597E+06 3.08495 3.53892 5.27881 17.26305 8.13627
604 8.641236079E+06 3.08691 3.53860 5.28145 17.25762 8.13722
605 8.642073335E+06 3.08887 3.53828 5.28408 17.25276 8.13818
606 8.642806908E+06 3.09083 3.53795 5.28671 17.24846 8.13918
607 8.643443654E+06 3.09278 3.53763 5.28932 17.24468 8.13989
608 8.643991142E+06 3.09470 3.53731 5.29189 17.24139 8.14022
609 8.644461647E+06 3.09660 3.53700 5.29442 17.23854 8.14041
610 8.644861849E+06 3.09845 3.53668 5.29689 17.23608 8.14049
611 8.645197012E+06 3.10024 3.53638 5.29924 17.23400 8.14050
612 8.645474984E+06 3.10192 3.53609 5.30146 17.23225 8.14049
613 8.645703469E+06 3.10350 3.53582 5.30352 17.23081 8.14053
614 8.645888943E+06 3.10495 3.53556 5.30538 17.22962 8.14064
615 8.646037550E+06 3.10624 3.53532 5.30702 17.22867 8.14073
616 8.646155908E+06 3.10736 3.53512 5.30844 17.22790 8.14051
617 8.646261268E+06 3.10844 3.53492 5.30981 17.22722 8.14028
618 8.646365660E+06 3.10961 3.53471 5.31131 17.22653 8.14005
619 8.646468396E+06 3.11089 3.53448 5.31297 17.22585 8.13987
620 8.646569405E+06 3.11228 3.53424 5.31477 17.22518 8.13975
621 8.646668631E+06 3.11376 3.53399 5.31671 17.22451 8.13973
622 8.646766398E+06 3.11533 3.53372 5.31879 17.22385 8.13981
623 8.646862825E+06 3.11695 3.53345 5.32095 17.22319 8.13978
624 8.646958322E+06 3.11861 3.53318 5.32317 17.22252 8.13963
625 8.647053896E+06 3.12031 3.53290 5.32545 17.22185 8.13950
626 8.647149748E+06 3.12202 3.53262 5.32776 17.22117 8.13940
627 8.647245587E+06 3.12374 3.53234 5.33009 17.22049 8.13933
628 8.647341552E+06 3.12545 3.53207 5.33241 17.21979 8.13932
629 8.647437812E+06 3.12714 3.53180 5.33471 17.21908 8.13936
630 8.647534434E+06 3.12881 3.53153 5.33700 17.21837 8.13946
631 8.647631529E+06 3.13046 3.53127 5.33925 17.21764 8.13951
632 8.647729136E+06 3.13208 3.53102 5.34148 17.21690 8.13945
633 8.647827791E+06 3.13368 3.53077 5.34370 17.21614 8.13941
634 8.647927738E+06 3.13527 3.53053 5.34590 17.21536 8.13939
635 8.648028461E+06 3.13684 3.53029 5.34808 17.21457 8.13940
636 8.648129964E+06 3.13838 3.53006 5.35023 17.21377 8.13943
637 8.648232334E+06 3.13991 3.52983 5.35236 17.21295 8.13950
638 8.648335609E+06 3.14141 3.52960 5.35447 17.21211 8.13961
639 8.648439839E+06 3.14289 3.52938 5.35656 17.21125 8.13975
640 8.648545052E+06 3.14435 3.52917 5.35862 17.21038 8.13979
641 8.648651329E+06 3.14579 3.52896 5.36065 17.20949 8.13983
642 8.648759695E+06 3.14722 3.52875 5.36268 17.20857 8.13988
643 8.648869399E+06 3.14862 3.52855 5.36469 17.20763 8.13996
644 8.648980520E+06 3.15001 3.52835 5.36667 17.20666 8.14005
645 8.649093127E+06 3.15137 3.52816 5.36861 17.20568 8.14016
646 8.649207274E+06 3.15270 3.52797 5.37053 17.20467 8.14029
647 8.649322952E+06 3.15399 3.52779 5.37240 17.20363 8.14045
648 8.649440225E+06 3.15526 3.52762 5.37422 17.20257 8.14064
649 8.649559080E+06 3.15648 3.52745 5.37600 17.20149 8.14079
650 8.649679426E+06 3.15767 3.52728 5.37773 17.20038 8.14094
651 8.649801958E+06 3.15883 3.52713 5.37942 17.19924 8.14110
652 8.649926202E+06 3.15996 3.52698 5.38106 17.19808 8.14127
653 8.650051923E+06 3.16104 3.52683 5.38264 17.19689 8.14146
654 8.650179045E+06 3.16208 3.52669 5.38417 17.19567 8.14166
655 8.650307641E+06 3.16308 3.52656 5.38564 17.19443 8.14187
656 8.650437670E+06 3.16404 3.52643 5.38706 17.19317 8.14211
657 8.650569029E+06 3.16496 3.52632 5.38842 17.19189 8.14236
658 8.650701682E+06 3.16584 3.52620 5.38974 17.19058 8.14263
659 8.650835779E+06 3.16669 3.52609 5.39099 17.18924 8.14289
660 8.650971568E+06 3.16749 3.52599 5.39219 17.18789 8.14316
661 8.651109685E+06 3.16825 3.52590 5.39333 17.18650 8.14345
662 8.651249663E+06 3.16895 3.52581 5.39438 17.18508 8.14375
663 8.651391875E+06 3.16959 3.52573 5.39535 17.18363 8.14406
664 8.651536294E+06 3.17016 3.52566 5.39622 17.18215 8.14439
665 8.651682931E+06 3.17065 3.52561 5.39697 17.18064 8.14475
666 8.651831698E+06 3.17105 3.52556 5.39759 17.17910 8.14513
667 8.651982654E+06 3.17134 3.52553 5.39805 17.17754 8.14555
668 8.652135259E+06 3.17152 3.52552 5.39835 17.17596 8.14598
669 8.652288538E+06 3.17158 3.52552 5.39848 17.17436 8.14643
670 8.652442146E+06 3.17152 3.52553 5.39841 17.17277 8.14689
671 8.652594595E+06 3.17133 3.52557 5.39816 17.17119 8.14734
672 8.652745075E+06 3.17103 3.52561 5.39775 17.16963 8.14779
673 8.652893269E+06 3.17063 3.52567 5.39719 17.16811 8.14824
674 8.653038840E+06 3.17014 3.52574 5.39651 17.16661 8.14870
675 8.653181325E+06 3.16959 3.52583 5.39572 17.16515 8.14918
676 8.653320763E+06 3.16897 3.52591 5.39484 17.16374 8.14966
677 8.653457208E+06 3.16831 3.52601 5.39389 17.16236 8.15009
678 8.653591225E+06 3.16761 3.52611 5.39290 17.16101 8.15049
679 8.653723114E+06 3.16689 3.52621 5.39186 17.15969 8.15087
680 8.653852528E+06 3.16615 3.52631 5.39080 17.15840 8.15125
681 8.653979501E+06 3.16541 3.52642 5.38974 17.15715 8.15164
682 8.654104047E+06 3.16467 3.52653 5.38868 17.15593 8.15208
683 8.654226091E+06 3.16394 3.52663 5.38764 17.15473 8.15240
684 8.654345616E+06 3.16322 3.52673 5.38662 17.15357 8.15268
685 8.654463826E+06 3.16253 3.52683 5.38563 17.15243 8.15294
686 8.654579730E+06 3.16186 3.52693 5.38469 17.15132 8.15323
687 8.654693084E+06 3.16122 3.52703 5.38380 17.15024 8.15356
688 8.654803729E+06 3.16063 3.52712 5.38297 17.14919 8.15385
689 8.654911524E+06 3.16008 3.52720 5.38220 17.14817 8.15401
690 8.655017083E+06 3.15956 3.52728 5.38150 17.14717 8.15418
691 8.655120290E+06 3.15909 3.52736 5.38085 17.14620 8.15438
692 8.655220313E+06 3.15865 3.52743 5.38026 17.14526 8.15466
693 8.655316840E+06 3.15826 3.52749 5.37975 17.14436 8.15483
694 8.655409588E+06 3.15792 3.52755 5.37929 17.14350 8.15491
695 8.655499410E+06 3.15760 3.52761 5.37889 17.14266 8.15501
696 8.655585918E+06 3.15733 3.52766 5.37854 17.14186 8.15518
697 8.655668729E+06 3.15711 3.52771 5.37829 17.14109 8.15545
698 8.655747933E+06 3.15691 3.52775 5.37806 17.14036 8.15546
699 8.655823501E+06 3.15674 3.52779 5.37787 17.13966 8.15550
700 8.655896472E+06 3.15658 3.52783 5.37771 17.13898 8.15558
701 8.655966035E+06 3.15645 3.52786 5.37758 17.13834 8.15576
702 8.656032177E+06 3.15634 3.52789 5.37748 17.13773 8.15593
703 8.656094934E+06 3.15624 3.52792 5.37740 17.13715 8.15592
704 8.656154638E+06 3.15615 3.52795 5.37734 17.13660 8.15594
705 8.656211684E+06 3.15608 3.52798 5.37730 17.13607 8.15602
706 8.656265647E+06 3.15606 3.52799 5.37734 17.13557 8.15619
707 8.656316773E+06 3.15604 3.52801 5.37737 17.13510 8.15633
708 8.656364966E+06 3.15601 3.52804 5.37740 17.13466 8.15630
709 8.656410548E+06 3.15598 3.52805 5.37743 17.13424 8.15631
710 8.656453809E+06 3.15596 3.52807 5.37746 17.13384 8.15638
711 8.656494521E+06 3.15594 3.52809 5.37749 17.13346 8.15653
712 8.656532792E+06 3.15592 3.52811 5.37752 17.13310 8.15671
713 8.656568761E+06 3.15590 3.52813 5.37755 17.13277 8.15668
714 8.656602576E+06 3.15588 3.52815 5.37759 17.13246 8.15667
715 8.656634595E+06 3.15591 3.52816 5.37770 17.13216 8.15672
716 8.656664696E+06 3.15593 3.52817 5.37779 17.13188 8.15682
717 8.656692924E+06 3.15594 3.52818 5.37786 17.13162 8.15699
718 8.656719362E+06 3.15594 3.52820 5.37792 17.13138 8.15708
719 8.656744125E+06 3.15594 3.52821 5.37796 17.13115 8.15706
720 8.656767403E+06 3.15593 3.52823 5.37801 17.13093 8.15707
721 8.656789308E+06 3.15592 3.52824 5.37804 17.13073 8.15712
722 8.656809814E+06 3.15591 3.52825 5.37807 17.13054 8.15722
723 8.656829000E+06 3.15589 3.52827 5.37810 17.13036 8.15738
724 8.656846959E+06 3.15587 3.52828 5.37812 17.13019 8.15751
725 8.656863757E+06 3.15588 3.52829 5.37818 17.13003 8.15749
726 8.656879512E+06 3.15590 3.52830 5.37825 17.12989 8.15749
727 8.656894314E+06 3.15592 3.52831 5.37831 17.12975 8.15753
728 8.656908114E+06 3.15592 3.52832 5.37836 17.12962 8.15761
729 8.656920970E+06 3.15592 3.52833 5.37839 17.12950 8.15773
730 8.656932943E+06 3.15591 3.52834 5.37841 17.12939 8.15791
731 8.656944080E+06 3.15589 3.52835 5.37842 17.12929 8.15796
732 8.656954437E+06 3.15587 3.52836 5.37842 17.12919 8.15795
733 8.656964116E+06 3.15585 3.52837 5.37842 17.12910 8.15796
734 8.656973138E+06 3.15582 3.52838 5.37840 17.12901 8.15801
735 8.656981528E+06 3.15580 3.52839 5.37838 17.12894 8.15809
736 8.656989331E+06 3.15576 3.52840 5.37836 17.12886 8.15821
737 8.656996591E+06 3.15574 3.52841 5.37834 17.12880 8.15838
738 8.657003350E+06 3.15575 3.52841 5.37837 17.12873 8.15846
739 8.657009653E+06 3.15576 3.52841 5.37840 17.12867 8.15845
740 8.657015545E+06 3.15576 3.52841 5.37842 17.12862 8.15846
741 8.657021062E+06 3.15576 3.52842 5.37842 17.12857 8.15849
742 8.657026217E+06 3.15575 3.52842 5.37842 17.12852 8.15856
743 8.657031046E+06 3.15574 3.52842 5.37840 17.12847 8.15866
744 8.657035578E+06 3.15572 3.52842 5.37838 17.12843 8.15880
745 8.657039840E+06 3.15570 3.52843 5.37835 17.12839 8.15899
746 8.657043861E+06 3.15567 3.52843 5.37830 17.12835 8.15899
747 8.657047666E+06 3.15564 3.52843 5.37825 17.12832 8.15898
748 8.657051304E+06 3.15561 3.52843 5.37820 17.12829 8.15900
749 8.657054790E+06 3.15557 3.52844 5.37813 17.12825 8.15904
750 8.657058152E+06 3.15553 3.52844 5.37806 17.12822 8.15912
751 8.657061408E+06 3.15550 3.52844 5.37800 17.12819 8.15923
752 8.657064559E+06 3.15549 3.52844 5.37797 17.12816 8.15938
753 8.657067591E+06 3.15548 3.52843 5.37793 17.12813 8.15955
754 8.657070479E+06 3.15546 3.52843 5.37789 17.12811 8.15953
755 8.657073181E+06 3.15545 3.52843 5.37784 17.12808 8.15954
756 8.657075626E+06 3.15542 3.52842 5.37778 17.12806 8.15957
757 8.657077807E+06 3.15539 3.52842 5.37770 17.12804 8.15965
758 8.657079726E+06 3.15536 3.52841 5.37762 17.12802 8.15977
759 8.657081425E+06 3.15532 3.52841 5.37753 17.12801 8.15995
760 8.657082940E+06 3.15528 3.52841 5.37743 17.12799 8.16011
761 8.657084300E+06 3.15524 3.52840 5.37733 17.12798 8.16009
762 8.657085530E+06 3.15520 3.52840 5.37722 17.12797 8.16010
763 8.657086654E+06 3.15515 3.52839 5.37711 17.12796 8.16013
764 8.657087683E+06 3.15511 3.52838 5.37700 17.12795 8.16020
765 8.657088631E+06 3.15508 3.52838 5.37691 17.12794 8.16031
766 8.657089517E+06 3.15506 3.52837 5.37683 17.12793 8.16046
767 8.657090348E+06 3.15504 3.52836 5.37676 17.12792 8.16067
768 8.657091134E+06 3.15502 3.52835 5.37668 17.12792 8.16067
769 8.657091877E+06 3.15501 3.52834 5.37660 17.12791 8.16067
770 8.657092583E+06 3.15499 3.52832 5.37651 17.12790 8.16069
771 8.657093252E+06 3.15497 3.52831 5.37642 17.12790 8.16075
772 8.657093885E+06 3.15495 3.52830 5.37632 17.12789 8.16085
773 8.657094483E+06 3.15492 3.52828 5.37622 17.12788 8.16100
774 8.657095047E+06 3.15490 3.52827 5.37611 17.12788 8.16120
775 8.657095580E+06 3.15487 3.52825 5.37600 17.12787 8.16126
776 8.657096082E+06 3.15484 3.52824 5.37587 17.12787 8.16125
777 8.657096556E+06 3.15480 3.52823 5.37575 17.12787 8.16126
778 8.657097002E+06 3.15477 3.52821 5.37563 17.12786 8.16131
779 8.657097421E+06 3.15475 3.52819 5.37552 17.12786 8.16140
780 8.657097814E+06 3.15473 3.52818 5.37541 17.12785 8.16153
