1 4.454450000E+03 0.80211 4.56075 4.80047 22.99971 0.00003
2 8.572890292E+03 0.80193 4.56096 4.80093 22.99943 0.00003
3 1.351501864E+04 0.80167 4.56115 4.80120 22.99910 0.00003
4 1.944557266E+04 0.80147 4.56130 4.80138 22.99871 0.00003
5 2.656223749E+04 0.80138 4.56138 4.80155 22.99824 0.00003
6 3.510223528E+04 0.80143 4.56142 4.80178 22.99767 0.00003
7 4.535023262E+04 0.80158 4.56142 4.80208 22.99698 0.00003
8 5.764782944E+04 0.80184 4.56138 4.80246 22.99616 0.00003
9 7.240494562E+04 0.80220 4.56132 4.80294 22.99517 0.00003
10 9.011348503E+04 0.80267 4.56123 4.80351 22.99398 0.00003
11 1.113637323E+05 0.80325 4.56112 4.80421 22.99255 0.00003
12 1.368640291E+05 0.80396 4.56097 4.80505 22.99082 0.00003
13 1.674643852E+05 0.80482 4.56080 4.80606 22.98874 0.00003
14 2.041848125E+05 0.80585 4.56058 4.80727 22.98623 0.00003
15 2.482493253E+05 0.80709 4.56033 4.80874 22.98320 0.00003
16 3.011267407E+05 0.80858 4.56003 4.81051 22.97953 0.00002
17 3.645796391E+05 0.81035 4.55968 4.81265 22.97509 0.00002
18 4.407231172E+05 0.81247 4.55927 4.81524 22.96969 0.00002
19 5.320952910E+05 0.81499 4.55879 4.81836 22.96313 0.00002
20 6.417418995E+05 0.81801 4.55822 4.82215 22.95511 0.00002
21 7.697086808E+05 0.82155 4.55757 4.82662 22.94557 0.00002
22 8.981308378E+05 0.82512 4.55692 4.83117 22.93579 0.00002
23 1.026557059E+06 0.82870 4.55628 4.83578 22.92581 0.00002
24 1.154870638E+06 0.83230 4.55565 4.84043 22.91561 0.00002
25 1.282764823E+06 0.83593 4.55501 4.84513 22.90523 0.00002
26 1.409947770E+06 0.83957 4.55437 4.84987 22.89469 0.00002
27 1.536168161E+06 0.84324 4.55372 4.85462 22.88399 0.00002
28 1.661203916E+06 0.84693 4.55307 4.85938 22.87316 0.00002
29 1.784857189E+06 0.85064 4.55240 4.86414 22.86222 0.00002
30 1.906929786E+06 0.85439 4.55172 4.86889 22.85118 0.00002
31 2.027189516E+06 0.85816 4.55101 4.87361 22.84008 0.00002
32 2.145324231E+06 0.86197 4.55028 4.87828 22.82894 0.00002
33 2.261038307E+06 0.86578 4.54952 4.88290 22.81781 0.00002
34 2.374723824E+06 0.86961 4.54876 4.88749 22.80664 0.00002
35 2.486628530E+06 0.87345 4.54798 4.89206 22.79544 0.00002
36 2.596730163E+06 0.87732 4.54718 4.89660 22.78419 0.00002
37 2.704971643E+06 0.88121 4.54637 4.90112 22.77291 0.00002
38 2.811342622E+06 0.88512 4.54553 4.90561 22.76162 0.00002
39 2.915837840E+06 0.88905 4.54468 4.91007 22.75031 0.00002
40 3.018455815E+06 0.89300 4.54381 4.91449 22.73900 0.00002
41 3.119195478E+06 0.89697 4.54292 4.91887 22.72769 0.00002
42 3.218035881E+06 0.90097 4.54201 4.92321 22.71639 0.00002
43 3.314922249E+06 0.90499 4.54107 4.92750 22.70513 0.00001
44 3.409749674E+06 0.90904 4.54010 4.93171 22.69391 0.00001
45 3.502342301E+06 0.91310 4.53910 4.93585 22.68278 0.00001
46 3.592834818E+06 0.91717 4.53809 4.93994 22.67173 0.00002
47 3.681620636E+06 0.92126 4.53706 4.94399 22.66071 0.00002
48 3.768787289E+06 0.92538 4.53600 4.94802 22.64973 0.00002
49 3.854285540E+06 0.92955 4.53492 4.95204 22.63880 0.00002
50 3.937876997E+06 0.93372 4.53383 4.95601 22.62795 0.00002
51 4.019886998E+06 0.93792 4.53272 4.95994 22.61716 0.00002
52 4.100389915E+06 0.94214 4.53158 4.96384 22.60642 0.00002
53 4.179411817E+06 0.94638 4.53043 4.96770 22.59573 0.00002
54 4.256953203E+06 0.95064 4.52925 4.97152 22.58510 0.00002
55 4.333027224E+06 0.95493 4.52805 4.97530 22.57454 0.00002
56 4.407610362E+06 0.95925 4.52682 4.97903 22.56406 0.00002
57 4.480648775E+06 0.96359 4.52557 4.98270 22.55368 0.00002
58 4.552028630E+06 0.96796 4.52429 4.98630 22.54342 0.00002
59 4.621698292E+06 0.97233 4.52298 4.98984 22.53330 0.00002
60 4.689927965E+06 0.97672 4.52167 4.99334 22.52329 0.00002
61 4.756921087E+06 0.98112 4.52033 4.99680 22.51336 0.00002
62 4.822677212E+06 0.98555 4.51897 5.00023 22.50353 0.00002
63 4.887237644E+06 0.99000 4.51760 5.00362 22.49378 0.00002
64 4.950646451E+06 0.99447 4.51620 5.00699 22.48413 0.00002
65 5.012923417E+06 0.99897 4.51479 5.01032 22.47457 0.00002
66 5.074081108E+06 1.00348 4.51335 5.01361 22.46511 0.00002
67 5.134130639E+06 1.00803 4.51189 5.01688 22.45576 0.00002
68 5.193072235E+06 1.01259 4.51043 5.02012 22.44651 0.00002
69 5.251170837E+06 1.01720 4.50893 5.02337 22.43733 0.00002
70 5.308219088E+06 1.02186 4.50741 5.02660 22.42826 0.00002
71 5.364035174E+06 1.02654 4.50586 5.02977 22.41933 0.00002
72 5.418614192E+06 1.03125 4.50428 5.03287 22.41056 0.00003
73 5.471752429E+06 1.03594 4.50269 5.03589 22.40198 0.00003
74 5.523604318E+06 1.04063 4.50109 5.03885 22.39358 0.00003
75 5.574525884E+06 1.04533 4.49947 5.04179 22.38529 0.00003
76 5.624592638E+06 1.05005 4.49784 5.04470 22.37712 0.00003
77 5.673816048E+06 1.05479 4.49619 5.04760 22.36907 0.00003
78 5.722521551E+06 1.05956 4.49454 5.05052 22.36107 0.00003
79 5.770846898E+06 1.06440 4.49285 5.05346 22.35312 0.00003
80 5.818507595E+06 1.06928 4.49114 5.05638 22.34526 0.00003
81 5.865361237E+06 1.07419 4.48941 5.05928 22.33753 0.00003
82 5.911388195E+06 1.07913 4.48766 5.06214 22.32992 0.00003
83 5.956593391E+06 1.08408 4.48589 5.06497 22.32244 0.00003
84 6.000987578E+06 1.08905 4.48410 5.06776 22.31509 0.00004
85 6.044572124E+06 1.09405 4.48229 5.07051 22.30788 0.00004
86 6.087343087E+06 1.09906 4.48046 5.07321 22.30081 0.00004
87 6.129255298E+06 1.10407 4.47861 5.07583 22.29390 0.00004
88 6.170151602E+06 1.10908 4.47674 5.07837 22.28717 0.00004
89 6.209950170E+06 1.11413 4.47485 5.08090 22.28064 0.00004
90 6.248602608E+06 1.11915 4.47296 5.08338 22.27432 0.00004
91 6.286585398E+06 1.12417 4.47107 5.08586 22.26813 0.00004
92 6.324302649E+06 1.12926 4.46916 5.08839 22.26201 0.00005
93 6.361758651E+06 1.13442 4.46721 5.09092 22.25595 0.00005
94 6.398694474E+06 1.13963 4.46524 5.09344 22.25001 0.00005
95 6.435000425E+06 1.14485 4.46325 5.09593 22.24419 0.00005
96 6.470671017E+06 1.15010 4.46124 5.09839 22.23852 0.00005
97 6.505713394E+06 1.15536 4.45921 5.10083 22.23297 0.00005
98 6.540138704E+06 1.16065 4.45718 5.10323 22.22756 0.00006
99 6.573959317E+06 1.16594 4.45512 5.10561 22.22228 0.00006
100 6.607180518E+06 1.17125 4.45305 5.10795 22.21714 0.00006
101 6.639820773E+06 1.17656 4.45097 5.11026 22.21212 0.00006
102 6.671917012E+06 1.18187 4.44888 5.11251 22.20724 0.00006
103 6.703426125E+06 1.18716 4.44679 5.11470 22.20249 0.00007
104 6.734250160E+06 1.19241 4.44469 5.11683 22.19788 0.00007
105 6.764468151E+06 1.19765 4.44260 5.11894 22.19342 0.00007
106 6.794214520E+06 1.20290 4.44050 5.12103 22.18907 0.00008
107 6.823507491E+06 1.20830 4.43833 5.12316 22.18429 0.00008
108 6.851994426E+06 1.21370 4.43615 5.12525 22.17853 0.00009
109 6.879977370E+06 1.21913 4.43395 5.12731 22.17177 0.00009
110 6.907467514E+06 1.22458 4.43173 5.12932 22.16402 0.00009
111 6.934455880E+06 1.23005 4.42949 5.13130 22.15531 0.00010
112 6.960878829E+06 1.23551 4.42724 5.13322 22.14568 7.45831
113 6.986701979E+06 1.24019 4.42535 5.13500 22.13536 7.55424
114 6.999613554E+06 1.24253 4.42437 5.13577 22.12997 7.59354
115 7.015107444E+06 1.24565 4.42307 5.13681 22.12312 7.60491
116 7.033700112E+06 1.24946 4.42148 5.13808 22.11435 7.59238
117 7.056011314E+06 1.25408 4.41955 5.13959 22.10302 7.57037
118 7.082784756E+06 1.25971 4.41719 5.14141 22.08822 7.55010
119 7.109598943E+06 1.26544 4.41478 5.14323 22.07218 7.53330
120 7.135913360E+06 1.27119 4.41236 5.14504 22.05523 7.51900
121 7.161608989E+06 1.27702 4.40989 5.14686 22.03746 7.50759
122 7.186256212E+06 1.28274 4.40748 5.14864 22.01926 7.50164
123 7.210312838E+06 1.28837 4.40510 5.15040 22.00039 7.49841
124 7.233842528E+06 1.29390 4.40278 5.15215 21.98085 7.49560
125 7.256877815E+06 1.29927 4.40053 5.15388 21.96070 7.49240
126 7.279465094E+06 1.30442 4.39838 5.15561 21.93995 7.48908
127 7.301652557E+06 1.30926 4.39640 5.15736 21.91865 7.48616
128 7.323478179E+06 1.31366 4.39464 5.15914 21.89687 7.48320
129 7.344814178E+06 1.31741 4.39323 5.16097 21.87486 7.47948
130 7.364858503E+06 1.32017 4.39231 5.16281 21.85367 7.47619
131 7.382769229E+06 1.32167 4.39200 5.16460 21.83445 7.47350
132 7.397747415E+06 1.32184 4.39234 5.16628 21.81830 7.47141
133 7.409592258E+06 1.32088 4.39320 5.16779 21.80559 7.46985
134 7.418458824E+06 1.31934 4.39429 5.16910 21.79617 7.46866
135 7.425352736E+06 1.31741 4.39556 5.17029 21.78895 7.46809
136 7.430845684E+06 1.31520 4.39694 5.17139 21.78329 7.46830
137 7.435323132E+06 1.31281 4.39839 5.17242 21.77877 7.46878
138 7.439033198E+06 1.31029 4.39990 5.17341 21.77510 7.46946
139 7.442146385E+06 1.30769 4.40144 5.17438 21.77209 7.47030
140 7.444783144E+06 1.30505 4.40300 5.17534 21.76961 7.47125
141 7.447032836E+06 1.30237 4.40458 5.17630 21.76754 7.47228
142 7.448962461E+06 1.29968 4.40617 5.17727 21.76582 7.47337
143 7.450620948E+06 1.29699 4.40776 5.17825 21.76438 7.47449
144 7.452051877E+06 1.29434 4.40933 5.17924 21.76318 7.47563
145 7.453293750E+06 1.29174 4.41088 5.18026 21.76217 7.47680
146 7.454374965E+06 1.28921 4.41241 5.18130 21.76132 7.47796
147 7.455319401E+06 1.28673 4.41391 5.18237 21.76060 7.47912
148 7.456146607E+06 1.28433 4.41539 5.18346 21.75999 7.48025
149 7.456872088E+06 1.28201 4.41683 5.18458 21.75948 7.48136
150 7.457508930E+06 1.27977 4.41823 5.18573 21.75904 7.48241
151 7.458068014E+06 1.27763 4.41960 5.18689 21.75867 7.48332
152 7.458558802E+06 1.27555 4.42093 5.18807 21.75836 7.48411
153 7.458988434E+06 1.27358 4.42221 5.18927 21.75810 7.48479
154 7.459365436E+06 1.27172 4.42345 5.19048 21.75788 7.48538
155 7.459696185E+06 1.26995 4.42464 5.19170 21.75769 7.48587
156 7.459986269E+06 1.26828 4.42578 5.19294 21.75754 7.48626
157 7.460240629E+06 1.26671 4.42688 5.19418 21.75741 7.48650
158 7.460463702E+06 1.26523 4.42793 5.19542 21.75730 7.48652
159 7.460659564E+06 1.26384 4.42893 5.19664 21.75720 7.48599
160 7.460831710E+06 1.26252 4.42989 5.19786 21.75712 7.48513
161 7.460983043E+06 1.26129 4.43081 5.19907 21.75706 7.48405
162 7.461116078E+06 1.26012 4.43169 5.20026 21.75700 7.48285
163 7.461232988E+06 1.25900 4.43254 5.20142 21.75696 7.48155
164 7.461335427E+06 1.25795 4.43335 5.20254 21.75692 7.48015
165 7.461426820E+06 1.25697 4.43410 5.20360 21.75689 7.47862
166 7.461508074E+06 1.25610 4.43478 5.20454 21.75686 7.47717
167 7.461586871E+06 1.25525 4.43542 5.20543 21.75683 7.47576
168 7.461665084E+06 1.25443 4.43604 5.20626 21.75681 7.47435
169 7.461743181E+06 1.25363 4.43664 5.20704 21.75678 7.47298
170 7.461821863E+06 1.25285 4.43721 5.20777 21.75676 7.47165
171 7.461901606E+06 1.25210 4.43775 5.20844 21.75674 7.47039
172 7.461982870E+06 1.25137 4.43827 5.20905 21.75672 7.47034
173 7.462066079E+06 1.25068 4.43875 5.20959 21.75670 7.47189
174 7.462151614E+06 1.25002 4.43919 5.21006 21.75668 7.47310
175 7.462239926E+06 1.24941 4.43959 5.21044 21.75666 7.47389
176 7.462331622E+06 1.24885 4.43995 5.21073 21.75664 7.47418
177 7.462427166E+06 1.24836 4.44024 5.21092 21.75661 7.47389
178 7.462527090E+06 1.24794 4.44047 5.21100 21.75659 7.47296
179 7.462631976E+06 1.24760 4.44063 5.21096 21.75656 7.47138
180 7.462742094E+06 1.24736 4.44070 5.21077 21.75654 7.46920
181 7.462857938E+06 1.24725 4.44067 5.21043 21.75651 7.46655
182 7.462979964E+06 1.24729 4.44052 5.20991 21.75648 7.46367
183 7.463108137E+06 1.24751 4.44024 5.20921 21.75645 7.46096
184 7.463240639E+06 1.24793 4.43981 5.20832 21.75642 7.44855
185 7.463376568E+06 1.24855 4.43923 5.20727 21.75639 7.42672
186 7.463516880E+06 1.24941 4.43850 5.20605 21.75636 7.39705
187 7.463660158E+06 1.25052 4.43759 5.20466 21.75632 7.36211
188 7.463805374E+06 1.25192 4.43652 5.20315 21.75627 7.32461
189 7.463951500E+06 1.25362 4.43527 5.20156 21.75622 7.28701
190 7.464097800E+06 1.25566 4.43384 5.19991 21.75617 7.25153
191 7.464243501E+06 1.25807 4.43223 5.19828 21.75611 7.22050
192 7.464387908E+06 1.26086 4.43044 5.19671 21.75605 7.19644
193 7.464530569E+06 1.26404 4.42849 5.19528 21.75598 7.18134
194 7.464671255E+06 1.26763 4.42638 5.19402 21.75591 7.17115
195 7.464809476E+06 1.27160 4.42413 5.19297 21.75583 7.14706
196 7.464945122E+06 1.27595 4.42175 5.19214 21.75574 7.12062
197 7.465078824E+06 1.28065 4.41925 5.19155 21.75565 7.09361
198 7.465209561E+06 1.28565 4.41666 5.19118 21.75556 7.06723
199 7.465337147E+06 1.29088 4.41400 5.19102 21.75545 7.04221
200 7.465461555E+06 1.29630 4.41130 5.19103 21.75535 7.01906
201 7.465582956E+06 1.30187 4.40856 5.19121 21.75524 6.99818
202 7.465701535E+06 1.30756 4.40579 5.19152 21.75512 6.97997
203 7.465817506E+06 1.31333 4.40301 5.19195 21.75500 6.96480
204 7.465931094E+06 1.31917 4.40022 5.19247 21.75488 6.95296
205 7.466042651E+06 1.32506 4.39742 5.19305 21.75475 6.94373
206 7.466152412E+06 1.33098 4.39462 5.19369 21.75462 6.93705
207 7.466261063E+06 1.33693 4.39181 5.19437 21.75448 6.93218
208 7.466368678E+06 1.34294 4.38899 5.19509 21.75434 6.92892
209 7.466475247E+06 1.34899 4.38616 5.19584 21.75420 6.91758
210 7.466580905E+06 1.35507 4.38331 5.19661 21.75405 6.90460
211 7.466684827E+06 1.36113 4.38047 5.19739 21.75389 6.89119
212 7.466787794E+06 1.36721 4.37763 5.19818 21.75373 6.87762
213 7.466889983E+06 1.37331 4.37478 5.19896 21.75357 6.86415
214 7.466991485E+06 1.37942 4.37192 5.19975 21.75340 6.85100
215 7.467092372E+06 1.38556 4.36905 5.20054 21.75323 6.83839
216 7.467192708E+06 1.39166 4.36619 5.20132 21.75305 6.82650
217 7.467293185E+06 1.39780 4.36332 5.20210 21.75287 6.81550
218 7.467393462E+06 1.40397 4.36043 5.20288 21.75268 6.80567
219 7.467493419E+06 1.41015 4.35753 5.20365 21.75249 6.79723
220 7.467593086E+06 1.41637 4.35461 5.20441 21.75229 6.79002
221 7.467692401E+06 1.42260 4.35168 5.20515 21.75209 6.78405
222 7.467791356E+06 1.42885 4.34874 5.20589 21.75189 6.77921
223 7.467889973E+06 1.43512 4.34578 5.20660 21.75169 6.77524
224 7.467988272E+06 1.44141 4.34281 5.20731 21.75149 6.77212
225 7.468086253E+06 1.44769 4.33984 5.20800 21.75130 6.76983
226 7.468184250E+06 1.45396 4.33688 5.20868 21.75110 6.76334
227 7.468282622E+06 1.46029 4.33388 5.20935 21.75091 6.75450
228 7.468380149E+06 1.46660 4.33089 5.21000 21.75072 6.74527
229 7.468477049E+06 1.47291 4.32790 5.21064 21.75053 6.73587
230 7.468573551E+06 1.47923 4.32489 5.21127 21.75034 6.72643
231 7.468669666E+06 1.48557 4.32188 5.21188 21.75015 6.71711
232 7.468765399E+06 1.49192 4.31885 5.21248 21.74997 6.70804
233 7.468860758E+06 1.49829 4.31581 5.21306 21.74978 6.69935
234 7.468955752E+06 1.50466 4.31277 5.21364 21.74960 6.69114
235 7.469050617E+06 1.51098 4.30975 5.21420 21.74942 6.68350
236 7.469146089E+06 1.51737 4.30669 5.21475 21.74924 6.67654
237 7.469241365E+06 1.52379 4.30362 5.21529 21.74906 6.67043
238 7.469336405E+06 1.53023 4.30053 5.21582 21.74888 6.66511
239 7.469431150E+06 1.53670 4.29742 5.21633 21.74870 6.66054
240 7.469525567E+06 1.54319 4.29430 5.21682 21.74852 6.65672
241 7.469619677E+06 1.54970 4.29116 5.21730 21.74835 6.65349
242 7.469713480E+06 1.55624 4.28801 5.21776 21.74818 6.65078
243 7.469806954E+06 1.56279 4.28485 5.21821 21.74800 6.64858
244 7.469900310E+06 1.56927 4.28172 5.21864 21.74783 6.64685
245 7.469994413E+06 1.57585 4.27853 5.21907 21.74766 6.64327
246 7.470088278E+06 1.58246 4.27533 5.21949 21.74749 6.63726
247 7.470181422E+06 1.58907 4.27213 5.21989 21.74733 6.63095
248 7.470273723E+06 1.59568 4.26892 5.22029 21.74716 6.62449
249 7.470365549E+06 1.60231 4.26570 5.22067 21.74700 6.61798
250 7.470456913E+06 1.60896 4.26247 5.22103 21.74684 6.61149
251 7.470547811E+06 1.61563 4.25922 5.22139 21.74668 6.60509
252 7.470638241E+06 1.62230 4.25597 5.22174 21.74652 6.59885
253 7.470728588E+06 1.62890 4.25276 5.22207 21.74637 6.59277
254 7.470819626E+06 1.63560 4.24949 5.22239 21.74621 6.58691
255 7.470910312E+06 1.64233 4.24620 5.22271 21.74606 6.58140
256 7.471000595E+06 1.64909 4.24290 5.22301 21.74590 6.57630
257 7.471090465E+06 1.65588 4.23958 5.22331 21.74575 6.57167
258 7.471179919E+06 1.66270 4.23624 5.22359 21.74560 6.56753
259 7.471268955E+06 1.66955 4.23288 5.22387 21.74545 6.56391
260 7.471357573E+06 1.67644 4.22950 5.22413 21.74531 6.56069
261 7.471445685E+06 1.68330 4.22614 5.22438 21.74516 6.55789
262 7.471533968E+06 1.69012 4.22279 5.22462 21.74502 6.55545
263 7.471622841E+06 1.69704 4.21938 5.22484 21.74488 6.55333
264 7.471711341E+06 1.70400 4.21595 5.22505 21.74473 6.55149
265 7.471799413E+06 1.71100 4.21250 5.22525 21.74459 6.54993
266 7.471887027E+06 1.71804 4.20903 5.22544 21.74446 6.54862
267 7.471974161E+06 1.72512 4.20554 5.22562 21.74432 6.54756
268 7.472060797E+06 1.73223 4.20202 5.22579 21.74418 6.54491
269 7.472146917E+06 1.73939 4.19848 5.22595 21.74405 6.54134
270 7.472232021E+06 1.74644 4.19500 5.22610 21.74392 6.53762
271 7.472317246E+06 1.75347 4.19152 5.22625 21.74379 6.53376
272 7.472402746E+06 1.76060 4.18798 5.22638 21.74366 6.52983
273 7.472487653E+06 1.76777 4.18443 5.22651 21.74354 6.52591
274 7.472571905E+06 1.77496 4.18087 5.22662 21.74341 6.52205
275 7.472655458E+06 1.78217 4.17728 5.22673 21.74329 6.51828
276 7.472738273E+06 1.78942 4.17369 5.22683 21.74317 6.51462
277 7.472820311E+06 1.79669 4.17008 5.22692 21.74305 6.51111
278 7.472901535E+06 1.80398 4.16645 5.22700 21.74293 6.50774
279 7.472981911E+06 1.81111 4.16290 5.22707 21.74282 6.50449
280 7.473062932E+06 1.81832 4.15932 5.22714 21.74270 6.50135
281 7.473143702E+06 1.82559 4.15569 5.22720 21.74259 6.49838
282 7.473223655E+06 1.83288 4.15206 5.22725 21.74248 6.49562
283 7.473302739E+06 1.84019 4.14842 5.22729 21.74237 6.49306
284 7.473380918E+06 1.84751 4.14476 5.22732 21.74226 6.49072
285 7.473458170E+06 1.85485 4.14110 5.22735 21.74216 6.48859
286 7.473534498E+06 1.86221 4.13743 5.22737 21.74206 6.48665
287 7.473609905E+06 1.86955 4.13376 5.22739 21.74196 6.48489
288 7.473684689E+06 1.87669 4.13020 5.22740 21.74186 6.48326
289 7.473760543E+06 1.88402 4.12653 5.22740 21.74176 6.48173
290 7.473835662E+06 1.89137 4.12285 5.22739 21.74166 6.48035
291 7.473909965E+06 1.89875 4.11916 5.22736 21.74157 6.47912
292 7.473983449E+06 1.90615 4.11545 5.22733 21.74148 6.47801
293 7.474056107E+06 1.91357 4.11173 5.22730 21.74139 6.47701
294 7.474127932E+06 1.92103 4.10799 5.22725 21.74130 6.47611
295 7.474198911E+06 1.92851 4.10423 5.22720 21.74121 6.47529
296 7.474269032E+06 1.93584 4.10055 5.22715 21.74112 6.47452
297 7.474339690E+06 1.94320 4.09686 5.22708 21.74104 6.47377
298 7.474410627E+06 1.95068 4.09310 5.22701 21.74095 6.47307
299 7.474480828E+06 1.95820 4.08932 5.22692 21.74087 6.47243
300 7.474550210E+06 1.96576 4.08552 5.22683 21.74078 6.47183
301 7.474618740E+06 1.97334 4.08170 5.22674 21.74070 6.47128
302 7.474686394E+06 1.98096 4.07787 5.22664 21.74061 6.47077
303 7.474753147E+06 1.98861 4.07402 5.22654 21.74053 6.47029
304 7.474818971E+06 1.99625 4.07017 5.22643 21.74044 6.46985
305 7.474884122E+06 2.00362 4.06646 5.22633 21.74036 6.46941
306 7.474950618E+06 2.01125 4.06262 5.22621 21.74027 6.46899
307 7.475016401E+06 2.01892 4.05875 5.22609 21.74018 6.46859
308 7.475081267E+06 2.02662 4.05487 5.22596 21.74009 6.46821
309 7.475145154E+06 2.03434 4.05097 5.22582 21.73999 6.46785
310 7.475208030E+06 2.04209 4.04707 5.22569 21.73990 6.46751
311 7.475269865E+06 2.04985 4.04315 5.22555 21.73980 6.46706
312 7.475330653E+06 2.05764 4.03922 5.22541 21.73971 6.46655
313 7.475390345E+06 2.06513 4.03545 5.22529 21.73961 6.46602
314 7.475451057E+06 2.07275 4.03160 5.22515 21.73951 6.46550
315 7.475511752E+06 2.08049 4.02769 5.22499 21.73940 6.46503
316 7.475571608E+06 2.08827 4.02376 5.22484 21.73929 6.46463
317 7.475630512E+06 2.09608 4.01982 5.22468 21.73918 6.46435
318 7.475688449E+06 2.10392 4.01586 5.22451 21.73906 6.46422
319 7.475745444E+06 2.11179 4.01188 5.22435 21.73894 6.46424
320 7.475801510E+06 2.11969 4.00789 5.22418 21.73882 6.46437
321 7.475856653E+06 2.12739 4.00400 5.22403 21.73870 6.46449
322 7.475912420E+06 2.13507 4.00013 5.22388 21.73857 6.46459
323 7.475969007E+06 2.14297 3.99613 5.22371 21.73843 6.46472
324 7.476024999E+06 2.15095 3.99209 5.22352 21.73830 6.46484
325 7.476080157E+06 2.15898 3.98803 5.22334 21.73816 6.46497
326 7.476134450E+06 2.16706 3.98395 5.22315 21.73802 6.46509
327 7.476187907E+06 2.17518 3.97984 5.22295 21.73789 6.46522
328 7.476240570E+06 2.18336 3.97570 5.22276 21.73775 6.46534
329 7.476292486E+06 2.19143 3.97162 5.22258 21.73761 6.46546
330 7.476344670E+06 2.19935 3.96762 5.22243 21.73746 6.46553
331 7.476398483E+06 2.20758 3.96345 5.22222 21.73731 6.46529
332 7.476452248E+06 2.21596 3.95921 5.22201 21.73716 6.46499
333 7.476505466E+06 2.22444 3.95492 5.22178 21.73700 6.46465
334 7.476558120E+06 2.23301 3.95057 5.22155 21.73685 6.46426
335 7.476610237E+06 2.24169 3.94617 5.22131 21.73669 6.46385
336 7.476661910E+06 2.25048 3.94172 5.22107 21.73653 6.46344
337 7.476713350E+06 2.25939 3.93720 5.22083 21.73636 6.46305
338 7.476764956E+06 2.26803 3.93284 5.22066 21.73620 6.46278
339 7.476819536E+06 2.27718 3.92820 5.22040 21.73602 6.46254
340 7.476875674E+06 2.28670 3.92337 5.22011 21.73583 6.46233
341 7.476933286E+06 2.29663 3.91832 5.21979 21.73562 6.46219
342 7.476992808E+06 2.30705 3.91302 5.21944 21.73541 6.46214
343 7.477055599E+06 2.31819 3.90735 5.21904 21.73518 6.46227
344 7.477124161E+06 2.33046 3.90110 5.21857 21.73492 6.46211
345 7.477203557E+06 2.34471 3.89383 5.21799 21.73462 6.46168
346 7.477298832E+06 2.36183 3.88508 5.21722 21.73423 6.46090
347 7.477369419E+06 2.37441 3.87862 5.21652 21.73394 6.46022
348 7.477418337E+06 2.38315 3.87410 5.21595 21.73373 6.45915
349 7.477457496E+06 2.39019 3.87046 5.21544 21.73357 6.45726
350 7.477491759E+06 2.39636 3.86725 5.21498 21.73342 6.45547
351 7.477523147E+06 2.40208 3.86428 5.21452 21.73328 6.45377
352 7.477552200E+06 2.40734 3.86156 5.21418 21.73315 6.45218
353 7.477580337E+06 2.41233 3.85900 5.21389 21.73303 6.45069
354 7.477608242E+06 2.41724 3.85645 5.21351 21.73290 6.44922
355 7.477635274E+06 2.42207 3.85393 5.21309 21.73278 6.44781
356 7.477661218E+06 2.42678 3.85146 5.21265 21.73266 6.44648
357 7.477686369E+06 2.43139 3.84906 5.21223 21.73254 6.44524
358 7.477711121E+06 2.43599 3.84665 5.21180 21.73243 6.44408
359 7.477735317E+06 2.44058 3.84423 5.21134 21.73231 6.44298
360 7.477758852E+06 2.44513 3.84187 5.21100 21.73220 6.44200
361 7.477782348E+06 2.44964 3.83956 5.21074 21.73209 6.44111
362 7.477806320E+06 2.45418 3.83719 5.21037 21.73197 6.44027
363 7.477830155E+06 2.45873 3.83482 5.20996 21.73186 6.43953
364 7.477853814E+06 2.46325 3.83245 5.20955 21.73174 6.43887
365 7.477877495E+06 2.46783 3.83005 5.20910 21.73163 6.43830
366 7.477900930E+06 2.47247 3.82761 5.20863 21.73151 6.43781
367 7.477923988E+06 2.47715 3.82515 5.20813 21.73140 6.43743
368 7.477946612E+06 2.48187 3.82269 5.20776 21.73128 6.43715
369 7.477969356E+06 2.48663 3.82025 5.20748 21.73117 6.43693
370 7.477992604E+06 2.49139 3.81777 5.20711 21.73105 6.43666
371 7.478016342E+06 2.49622 3.81526 5.20671 21.73093 6.43632
372 7.478040499E+06 2.50117 3.81267 5.20626 21.73080 6.43593
373 7.478064699E+06 2.50621 3.81003 5.20576 21.73068 6.43550
374 7.478088779E+06 2.51134 3.80733 5.20523 21.73055 6.43504
375 7.478112636E+06 2.51656 3.80457 5.20467 21.73042 6.43457
376 7.478136211E+06 2.52188 3.80180 5.20422 21.73030 6.43410
377 7.478159891E+06 2.52723 3.79905 5.20392 21.73017 6.43365
378 7.478184422E+06 2.53259 3.79628 5.20354 21.73004 6.43320
379 7.478209782E+06 2.53809 3.79342 5.20308 21.72990 6.43277
380 7.478235488E+06 2.54372 3.79047 5.20256 21.72976 6.43235
381 7.478261321E+06 2.54950 3.78744 5.20199 21.72962 6.43195
382 7.478287129E+06 2.55543 3.78432 5.20138 21.72948 6.43158
383 7.478312805E+06 2.56150 3.78112 5.20073 21.72933 6.43124
384 7.478338246E+06 2.56767 3.77787 5.20006 21.72919 6.43094
385 7.478363481E+06 2.57394 3.77466 5.19976 21.72905 6.43069
386 7.478389642E+06 2.58024 3.77140 5.19932 21.72890 6.43048
387 7.478416425E+06 2.58666 3.76806 5.19879 21.72875 6.43032
388 7.478443387E+06 2.59315 3.76466 5.19818 21.72859 6.43024
389 7.478470304E+06 2.59971 3.76121 5.19751 21.72844 6.43012
390 7.478497152E+06 2.60633 3.75772 5.19679 21.72828 6.42995
391 7.478523778E+06 2.61296 3.75421 5.19602 21.72813 6.42976
392 7.478550073E+06 2.61951 3.75077 5.19532 21.72798 6.42954
393 7.478576432E+06 2.62604 3.74734 5.19468 21.72782 6.42931
394 7.478602876E+06 2.63258 3.74395 5.19419 21.72767 6.42907
395 7.478629602E+06 2.63901 3.74058 5.19359 21.72751 6.42883
396 7.478656544E+06 2.64546 3.73719 5.19290 21.72735 6.42859
397 7.478683722E+06 2.65202 3.73371 5.19214 21.72719 6.42834
398 7.478711323E+06 2.65876 3.73014 5.19130 21.72703 6.42810
399 7.478739395E+06 2.66565 3.72647 5.19041 21.72686 6.42787
400 7.478767966E+06 2.67267 3.72273 5.18953 21.72670 6.42765
401 7.478797466E+06 2.67991 3.71889 5.18862 21.72652 6.42745
402 7.478827770E+06 2.68726 3.71497 5.18765 21.72634 6.42727
403 7.478858902E+06 2.69450 3.71109 5.18662 21.72616 6.42712
404 7.478890911E+06 2.70202 3.70708 5.18563 21.72597 6.42700
405 7.478924511E+06 2.71030 3.70269 5.18458 21.72578 6.42690
406 7.478961567E+06 2.71966 3.69769 5.18334 21.72556 6.42682
407 7.479003672E+06 2.72990 3.69220 5.18185 21.72532 6.42677
408 7.479049683E+06 2.74099 3.68623 5.18013 21.72505 6.42681
409 7.479095686E+06 2.75317 3.67967 5.17828 21.72479 6.42702
410 7.479140460E+06 2.76429 3.67365 5.17640 21.72454 6.42725
411 7.479181352E+06 2.77278 3.66899 5.17477 21.72431 6.42747
412 7.479217472E+06 2.78100 3.66450 5.17324 21.72412 6.42768
413 7.479250833E+06 2.78834 3.66047 5.17178 21.72394 6.42788
414 7.479284685E+06 2.79503 3.65674 5.17024 21.72375 6.42808
415 7.479318808E+06 2.80221 3.65273 5.16859 21.72357 6.42830
416 7.479351599E+06 2.80995 3.64844 5.16690 21.72340 6.42852
417 7.479382565E+06 2.81700 3.64451 5.16528 21.72324 6.42874
418 7.479413305E+06 2.82261 3.64133 5.16376 21.72309 6.42893
419 7.479445867E+06 2.82714 3.63864 5.16210 21.72293 6.42911
420 7.479480319E+06 2.83193 3.63578 5.16022 21.72276 6.42930
421 7.479514369E+06 2.83708 3.63272 5.15827 21.72259 6.42949
422 7.479548028E+06 2.84179 3.62987 5.15631 21.72243 6.42968
423 7.479583021E+06 2.84614 3.62720 5.15433 21.72227 6.42986
424 7.479619748E+06 2.85088 3.62432 5.15227 21.72210 6.43006
425 7.479656611E+06 2.85608 3.62117 5.15008 21.72193 6.43026
426 7.479693256E+06 2.86129 3.61800 5.14782 21.72177 6.43046
427 7.479730594E+06 2.86602 3.61505 5.14548 21.72160 6.43065
428 7.479769722E+06 2.86995 3.61248 5.14307 21.72144 6.43083
429 7.479811461E+06 2.87332 3.61014 5.14045 21.72126 6.43100
430 7.479854450E+06 2.87629 3.60798 5.13774 21.72108 6.43118
431 7.479898288E+06 2.87901 3.60593 5.13498 21.72090 6.43135
432 7.479942774E+06 2.88153 3.60398 5.13221 21.72073 6.43152
433 7.479987961E+06 2.88385 3.60214 5.12949 21.72055 6.43169
434 7.480034031E+06 2.88603 3.60040 5.12690 21.72038 6.43186
435 7.480080941E+06 2.88819 3.59875 5.12461 21.72020 6.43203
436 7.480128905E+06 2.89135 3.59723 5.12486 21.72002 6.43222
437 7.480180170E+06 2.89439 3.59580 5.12521 21.71983 6.43241
438 7.480233982E+06 2.89706 3.59443 5.12507 21.71963 6.43261
439 7.480289498E+06 2.89944 3.59311 5.12457 21.71942 6.43281
440 7.480346195E+06 2.90167 3.59183 5.12391 21.71921 6.43302
441 7.480403758E+06 2.90399 3.59057 5.12350 21.71900 6.43322
442 7.480462136E+06 2.90611 3.58935 5.12287 21.71879 6.43343
443 7.480521033E+06 2.90808 3.58818 5.12212 21.71858 6.43364
444 7.480580190E+06 2.90995 3.58704 5.12131 21.71837 6.43385
445 7.480639421E+06 2.91207 3.58591 5.12101 21.71816 6.43406
446 7.480699035E+06 2.91408 3.58482 5.12068 21.71795 6.43427
447 7.480758821E+06 2.91599 3.58377 5.12032 21.71775 6.43448
448 7.480818625E+06 2.91783 3.58277 5.11998 21.71754 6.43469
449 7.480878341E+06 2.91999 3.58176 5.12026 21.71733 6.43490
450 7.480938457E+06 2.92205 3.58079 5.12051 21.71712 6.43511
451 7.480998692E+06 2.92405 3.57986 5.12076 21.71692 6.43532
452 7.481058932E+06 2.92608 3.57894 5.12117 21.71671 6.43553
453 7.481119247E+06 2.92837 3.57802 5.12208 21.71650 6.43574
454 7.481180067E+06 2.93060 3.57714 5.12297 21.71630 6.43595
455 7.481241083E+06 2.93277 3.57628 5.12388 21.71609 6.43616
456 7.481302213E+06 2.93511 3.57542 5.12513 21.71588 6.43638
457 7.481363826E+06 2.93757 3.57457 5.12665 21.71567 6.43659
458 7.481426064E+06 2.93998 3.57374 5.12817 21.71545 6.43681
459 7.481488673E+06 2.94233 3.57295 5.12969 21.71524 6.43702
460 7.481551602E+06 2.94500 3.57213 5.13179 21.71502 6.43724
461 7.481615692E+06 2.94762 3.57135 5.13387 21.71480 6.43747
462 7.481680519E+06 2.95016 3.57060 5.13594 21.71457 6.43769
463 7.481745993E+06 2.95280 3.56985 5.13825 21.71434 6.43792
464 7.481812570E+06 2.95559 3.56911 5.14085 21.71410 6.43815
465 7.481880583E+06 2.95829 3.56839 5.14341 21.71386 6.43839
466 7.481949675E+06 2.96094 3.56771 5.14594 21.71361 6.43863
467 7.482019831E+06 2.96383 3.56701 5.14894 21.71336 6.43888
468 7.482092108E+06 2.96666 3.56634 5.15191 21.71309 6.43913
469 7.482166043E+06 2.96941 3.56569 5.15483 21.71282 6.43939
470 7.482241597E+06 2.97223 3.56506 5.15793 21.71253 6.43966
471 7.482319255E+06 2.97514 3.56443 5.16122 21.71224 6.43993
472 7.482399491E+06 2.97795 3.56382 5.16444 21.71194 6.44022
473 7.482482189E+06 2.98070 3.56324 5.16760 21.71162 6.44051
474 7.482567283E+06 2.98362 3.56266 5.17111 21.71128 6.44082
475 7.482655886E+06 2.98646 3.56209 5.17453 21.71093 6.44114
476 7.482748184E+06 2.98920 3.56155 5.17787 21.71056 6.44147
477 7.482844092E+06 2.99199 3.56102 5.18131 21.71018 6.44182
478 7.482944430E+06 2.99480 3.56050 5.18485 21.70976 6.44219
479 7.483050284E+06 2.99751 3.56000 5.18829 21.70932 6.44257
480 7.483161833E+06 3.00016 3.55953 5.19166 21.70885 6.44299
481 7.483279779E+06 3.00291 3.55904 5.19524 21.70835 6.44343
482 7.483406182E+06 3.00554 3.55859 5.19868 21.70780 6.44390
483 7.483541906E+06 3.00810 3.55815 5.20203 21.70721 6.44442
484 7.483688370E+06 3.01068 3.55772 5.20546 21.70656 6.44498
485 7.483848535E+06 3.01319 3.55730 5.20883 21.70584 6.44561
486 7.484024963E+06 3.01560 3.55691 5.21207 21.70503 6.44630
487 7.484221377E+06 3.01797 3.55652 5.21528 21.70413 6.44708
488 7.484443259E+06 3.02028 3.55616 5.21843 21.70309 6.44798
489 7.484697775E+06 3.02245 3.55582 5.22140 21.70189 6.44903
490 7.484995306E+06 3.02453 3.55549 5.22428 21.70046 6.45027
491 7.485350083E+06 3.02649 3.55520 5.22700 21.69874 6.45178
492 7.485775816E+06 3.02823 3.55493 5.22942 21.69666 6.45364
493 7.486286695E+06 3.02977 3.55470 5.23159 21.69414 6.45591
494 7.486899750E+06 3.03105 3.55451 5.23339 21.69109 6.45870
495 7.487635416E+06 3.03207 3.55437 5.23484 21.68740 6.46228
496 7.488518215E+06 3.03292 3.55424 5.23606 21.68296 6.46680
497 7.489577573E+06 3.03359 3.55415 5.23701 21.67761 6.47243
498 7.490848804E+06 3.03416 3.55407 5.23784 21.67116 6.47942
499 7.492374281E+06 3.03467 3.55400 5.23856 21.66340 6.48805
500 7.494204853E+06 3.03515 3.55392 5.23924 21.65407 6.49861
501 7.496401539E+06 3.03565 3.55385 5.23995 21.64282 6.51147
502 7.499037563E+06 3.03618 3.55377 5.24068 21.62929 6.52700
503 7.502200791E+06 3.03680 3.55367 5.24152 21.61300 6.54565
504 7.505996666E+06 3.03751 3.55355 5.24248 21.59337 6.56793
505 7.510551715E+06 3.03837 3.55341 5.24361 21.56970 6.59444
506 7.516017773E+06 3.03937 3.55324 5.24493 21.54114 6.62584
507 7.522577044E+06 3.04055 3.55303 5.24647 21.50665 6.66295
508 7.530396088E+06 3.04193 3.55279 5.24826 21.46523 6.70642
509 7.538496281E+06 3.04333 3.55254 5.25006 21.42200 6.75069
510 7.546790458E+06 3.04472 3.55229 5.25183 21.37740 6.79528
511 7.555220164E+06 3.04608 3.55204 5.25355 21.33176 6.83990
512 7.563751883E+06 3.04740 3.55179 5.25521 21.28524 6.88439
513 7.572384056E+06 3.04868 3.55155 5.25681 21.23786 6.92875
514 7.581133831E+06 3.04993 3.55131 5.25836 21.18954 6.97307
515 7.589999083E+06 3.05115 3.55108 5.25985 21.14027 7.01736
516 7.598952236E+06 3.05232 3.55085 5.26128 21.09022 7.06146
517 7.607957015E+06 3.05343 3.55063 5.26261 21.03962 7.10520
518 7.616965312E+06 3.05446 3.55042 5.26383 20.98874 7.14834
519 7.625991867E+06 3.05543 3.55021 5.26496 20.93753 7.19097
520 7.635097757E+06 3.05636 3.55001 5.26601 20.88565 7.23337
521 7.644319772E+06 3.05725 3.54982 5.26701 20.83291 7.27561
522 7.653644323E+06 3.05809 3.54963 5.26794 20.77939 7.31746
523 7.663047543E+06 3.05888 3.54945 5.26878 20.72524 7.35885
524 7.672493993E+06 3.05958 3.54928 5.26951 20.67070 7.39961
525 7.681937120E+06 3.06021 3.54911 5.27012 20.61606 7.43952
526 7.691407352E+06 3.06078 3.54896 5.27065 20.56116 7.47871
527 7.700995801E+06 3.06131 3.54881 5.27112 20.50550 7.51755
528 7.710731596E+06 3.06181 3.54867 5.27153 20.44891 7.55613
529 7.720609533E+06 3.06226 3.54853 5.27187 20.39145 7.59443
530 7.730585499E+06 3.06264 3.54840 5.27212 20.33339 7.63224
531 7.740602405E+06 3.06295 3.54828 5.27226 20.27509 7.66935
532 7.750616687E+06 3.06318 3.54817 5.27229 20.21684 7.70560
533 7.760676473E+06 3.06337 3.54807 5.27225 20.15837 7.74118
534 7.770861564E+06 3.06353 3.54797 5.27217 20.09923 7.77641
535 7.781219253E+06 3.06366 3.54787 5.27205 20.03917 7.81144
536 7.791728274E+06 3.06375 3.54778 5.27186 19.97833 7.84623
537 7.802317177E+06 3.06378 3.54770 5.27160 19.91714 7.88041
538 7.812896069E+06 3.06376 3.54762 5.27125 19.85614 7.91313
539 7.823461144E+06 3.06368 3.54756 5.27084 19.79538 7.94473
540 7.834109343E+06 3.06359 3.54749 5.27040 19.73431 7.97555
541 7.844889344E+06 3.06350 3.54743 5.26995 19.67265 8.00572
542 7.855838733E+06 3.06340 3.54736 5.26949 19.61020 8.03538
543 7.866934975E+06 3.06328 3.54730 5.26900 19.54709 8.06445
544 7.878093264E+06 3.06314 3.54724 5.26848 19.48382 8.09275
545 7.889214957E+06 3.06297 3.54719 5.26794 19.42096 8.12009
546 7.900311489E+06 3.06282 3.54713 5.26741 19.35844 8.14659
547 7.911421734E+06 3.06268 3.54708 5.26690 19.29602 8.17244
548 7.922602974E+06 3.06257 3.54701 5.26644 19.23338 8.19786
549 7.933902978E+06 3.06251 3.54694 5.26603 19.17023 8.22297
550 7.945271417E+06 3.06246 3.54687 5.26566 19.10685 8.24645
551 7.956607923E+06 3.06244 3.54680 5.26532 19.04379 8.26886
552 7.967898943E+06 3.06245 3.54672 5.26502 18.98111 8.29025
553 7.979033372E+06 3.06251 3.54663 5.26479 18.91940 8.31052
554 7.990052003E+06 3.06263 3.54654 5.26466 18.85842 8.32987
555 8.000857341E+06 3.06282 3.54644 5.26462 18.79867 8.34827
556 8.011439938E+06 3.06306 3.54633 5.26466 18.74017 8.36586
557 8.021805150E+06 3.06336 3.54621 5.26480 18.68289 8.38279
558 8.031936229E+06 3.06371 3.54608 5.26500 18.62688 8.39920
559 8.041812984E+06 3.06411 3.54595 5.26529 18.57224 8.41509
560 8.051395810E+06 3.06456 3.54582 5.26564 18.51918 8.42905
561 8.060666613E+06 3.06505 3.54568 5.26607 18.46779 8.44201
562 8.069715948E+06 3.06560 3.54553 5.26657 18.41753 8.45421
563 8.078466095E+06 3.06619 3.54538 5.26715 18.36885 8.46565
564 8.086921393E+06 3.06683 3.54522 5.26779 18.32169 8.47645
565 8.095105494E+06 3.06752 3.54506 5.26851 18.27593 8.48675
566 8.103033101E+06 3.06825 3.54489 5.26929 18.23147 8.49667
567 8.110714604E+06 3.06902 3.54471 5.27013 18.18826 8.50632
568 8.118146020E+06 3.06982 3.54454 5.27102 18.14630 8.51580
569 8.125327891E+06 3.07065 3.54436 5.27197 18.10561 8.52521
570 8.132257902E+06 3.07152 3.54417 5.27296 18.06618 8.53347
571 8.138928543E+06 3.07241 3.54399 5.27400 18.02807 8.54101
572 8.145406004E+06 3.07333 3.54380 5.27508 17.99090 8.54816
573 8.151662689E+06 3.07428 3.54360 5.27621 17.95484 8.55492
574 8.157680483E+06 3.07525 3.54341 5.27738 17.91998 8.56134
575 8.163473434E+06 3.07624 3.54321 5.27858 17.88625 8.56749
576 8.169046093E+06 3.07726 3.54301 5.27982 17.85364 8.57342
577 8.174400492E+06 3.07830 3.54281 5.28109 17.82214 8.57919
578 8.179543115E+06 3.07936 3.54261 5.28241 17.79171 8.58486
579 8.184474547E+06 3.08044 3.54241 5.28376 17.76236 8.59049
580 8.189198622E+06 3.08155 3.54220 5.28515 17.73408 8.59614
581 8.193718351E+06 3.08268 3.54199 5.28657 17.70686 8.60173
582 8.198035652E+06 3.08383 3.54178 5.28803 17.68068 8.60637
583 8.202163286E+06 3.08500 3.54157 5.28953 17.65549 8.61073
584 8.206139122E+06 3.08620 3.54135 5.29107 17.63107 8.61487
585 8.209937868E+06 3.08743 3.54114 5.29264 17.60756 8.61881
586 8.213566555E+06 3.08867 3.54092 5.29426 17.58495 8.62257
587 8.217028719E+06 3.08994 3.54069 5.29590 17.56321 8.62618
588 8.220321966E+06 3.09123 3.54047 5.29758 17.54238 8.62969
589 8.223451102E+06 3.09254 3.54024 5.29930 17.52242 8.63311
590 8.226421096E+06 3.09387 3.54002 5.30105 17.50334 8.63650
591 8.229235603E+06 3.09523 3.53978 5.30284 17.48510 8.63989
592 8.231894857E+06 3.09661 3.53955 5.30466 17.46772 8.64332
593 8.234400348E+06 3.09800 3.53932 5.30651 17.45121 8.64683
594 8.236756237E+06 3.09942 3.53908 5.30839 17.43554 8.64996
595 8.238967145E+06 3.10085 3.53884 5.31030 17.42071 8.65248
596 8.241059793E+06 3.10232 3.53860 5.31226 17.40654 8.65476
597 8.243027583E+06 3.10383 3.53835 5.31428 17.39309 8.65686
598 8.244861274E+06 3.10537 3.53809 5.31635 17.38043 8.65878
599 8.246561150E+06 3.10695 3.53783 5.31848 17.36857 8.66055
600 8.248135467E+06 3.10857 3.53757 5.32066 17.35747 8.66219
601 8.249586993E+06 3.11021 3.53730 5.32288 17.34713 8.66374
602 8.250922243E+06 3.11189 3.53703 5.32514 17.33751 8.66524
603 8.252148904E+06 3.11359 3.53676 5.32744 17.32858 8.66672
604 8.253268309E+06 3.11532 3.53648 5.32978 17.32033 8.66821
605 8.254277913E+06 3.11706 3.53619 5.33214 17.31280 8.66974
606 8.255181206E+06 3.11881 3.53591 5.33451 17.30599 8.67107
607 8.255982616E+06 3.12056 3.53563 5.33687 17.29987 8.67193
608 8.256692303E+06 3.12232 3.53534 5.33924 17.29439 8.67259
609 8.257316450E+06 3.12407 3.53505 5.34161 17.28951 8.67308
610 8.257856171E+06 3.12580 3.53477 5.34393 17.28525 8.67345
611 8.258317626E+06 3.12750 3.53449 5.34620 17.28155 8.67372
612 8.258707038E+06 3.12914 3.53422 5.34838 17.27841 8.67395
613 8.259031572E+06 3.13070 3.53395 5.35045 17.27575 8.67420
614 8.259299400E+06 3.13217 3.53370 5.35237 17.27354 8.67451
615 8.259517433E+06 3.13353 3.53346 5.35413 17.27173 8.67468
616 8.259693053E+06 3.13475 3.53324 5.35569 17.27025 8.67451
617 8.259833558E+06 3.13584 3.53303 5.35705 17.26907 8.67426
618 8.259943164E+06 3.13674 3.53286 5.35817 17.26814 8.67404
619 8.260045131E+06 3.13764 3.53269 5.35930 17.26727 8.67385
620 8.260144885E+06 3.13861 3.53251 5.36052 17.26641 8.67373
621 8.260242982E+06 3.13967 3.53232 5.36187 17.26556 8.67370
622 8.260339206E+06 3.14082 3.53212 5.36334 17.26472 8.67380
623 8.260433839E+06 3.14204 3.53190 5.36493 17.26389 8.67367
624 8.260526881E+06 3.14334 3.53168 5.36664 17.26306 8.67349
625 8.260619834E+06 3.14472 3.53145 5.36846 17.26223 8.67332
626 8.260712136E+06 3.14614 3.53121 5.37036 17.26139 8.67319
627 8.260803866E+06 3.14760 3.53097 5.37231 17.26056 8.67311
628 8.260895183E+06 3.14908 3.53072 5.37431 17.25971 8.67308
629 8.260986344E+06 3.15058 3.53048 5.37632 17.25886 8.67313
630 8.261077499E+06 3.15207 3.53024 5.37834 17.25800 8.67325
631 8.261168736E+06 3.15355 3.53001 5.38036 17.25713 8.67316
632 8.261260237E+06 3.15502 3.52977 5.38238 17.25625 8.67309
633 8.261353161E+06 3.15649 3.52954 5.38440 17.25534 8.67302
634 8.261446622E+06 3.15795 3.52932 5.38641 17.25442 8.67298
635 8.261540698E+06 3.15939 3.52909 5.38840 17.25348 8.67298
636 8.261635426E+06 3.16081 3.52888 5.39037 17.25252 8.67300
637 8.261730814E+06 3.16222 3.52866 5.39233 17.25155 8.67307
638 8.261826920E+06 3.16361 3.52845 5.39427 17.25056 8.67319
639 8.261923758E+06 3.16498 3.52825 5.39620 17.24954 8.67323
640 8.262021294E+06 3.16634 3.52805 5.39811 17.24852 8.67323
641 8.262120367E+06 3.16769 3.52785 5.40002 17.24746 8.67324
642 8.262220666E+06 3.16903 3.52766 5.40193 17.24638 8.67327
643 8.262321971E+06 3.17036 3.52747 5.40383 17.24527 8.67331
644 8.262424316E+06 3.17167 3.52728 5.40571 17.24414 8.67339
645 8.262527789E+06 3.17297 3.52710 5.40757 17.24299 8.67348
646 8.262632428E+06 3.17426 3.52692 5.40942 17.24181 8.67360
647 8.262738239E+06 3.17552 3.52674 5.41125 17.24060 8.67376
648 8.262845329E+06 3.17676 3.52657 5.41306 17.23937 8.67384
649 8.262953703E+06 3.17799 3.52641 5.41484 17.23811 8.67394
650 8.263064212E+06 3.17919 3.52625 5.41661 17.23681 8.67405
651 8.263176111E+06 3.18037 3.52609 5.41834 17.23548 8.67417
652 8.263289427E+06 3.18152 3.52594 5.42004 17.23411 8.67431
653 8.263404142E+06 3.18264 3.52579 5.42169 17.23272 8.67446
654 8.263520236E+06 3.18372 3.52565 5.42330 17.23130 8.67463
655 8.263637627E+06 3.18477 3.52552 5.42485 17.22984 8.67481
656 8.263756284E+06 3.18578 3.52539 5.42636 17.22836 8.67502
657 8.263876058E+06 3.18675 3.52527 5.42782 17.22685 8.67523
658 8.263996842E+06 3.18769 3.52515 5.42924 17.22531 8.67543
659 8.264118863E+06 3.18860 3.52504 5.43061 17.22374 8.67564
660 8.264242265E+06 3.18948 3.52493 5.43193 17.22215 8.67586
661 8.264366815E+06 3.19031 3.52483 5.43321 17.22052 8.67609
662 8.264492582E+06 3.19111 3.52474 5.43443 17.21887 8.67633
663 8.264619602E+06 3.19188 3.52465 5.43560 17.21718 8.67659
664 8.264748054E+06 3.19260 3.52457 5.43671 17.21547 8.67686
665 8.264878013E+06 3.19328 3.52449 5.43777 17.21372 8.67714
666 8.265009611E+06 3.19392 3.52442 5.43876 17.21194 8.67745
667 8.265142878E+06 3.19450 3.52436 5.43968 17.21012 8.67779
668 8.265278050E+06 3.19502 3.52430 5.44050 17.20827 8.67813
669 8.265415563E+06 3.19547 3.52426 5.44122 17.20638 8.67849
670 8.265554739E+06 3.19584 3.52422 5.44181 17.20446 8.67887
671 8.265695321E+06 3.19611 3.52420 5.44226 17.20252 8.67926
672 8.265836827E+06 3.19628 3.52419 5.44256 17.20055 8.67967
673 8.265978692E+06 3.19635 3.52419 5.44271 17.19858 8.68009
674 8.266120091E+06 3.19631 3.52421 5.44270 17.19662 8.68053
675 8.266259919E+06 3.19617 3.52424 5.44253 17.19468 8.68099
676 8.266397365E+06 3.19593 3.52428 5.44223 17.19277 8.68148
677 8.266532096E+06 3.19561 3.52433 5.44179 17.19091 8.68195
678 8.266664636E+06 3.19522 3.52439 5.44125 17.18909 8.68241
679 8.266794321E+06 3.19476 3.52446 5.44061 17.18731 8.68285
680 8.266920809E+06 3.19425 3.52454 5.43989 17.18558 8.68328
681 8.267044088E+06 3.19370 3.52462 5.43911 17.18391 8.68370
682 8.267164236E+06 3.19311 3.52470 5.43826 17.18228 8.68414
683 8.267281408E+06 3.19249 3.52479 5.43738 17.18071 8.68459
684 8.267395667E+06 3.19185 3.52488 5.43646 17.17918 8.68499
685 8.267507346E+06 3.19120 3.52497 5.43553 17.17770 8.68536
686 8.267616913E+06 3.19054 3.52507 5.43459 17.17625 8.68570
687 8.267723881E+06 3.18988 3.52516 5.43366 17.17485 8.68604
688 8.267828263E+06 3.18924 3.52526 5.43274 17.17349 8.68640
689 8.267930038E+06 3.18861 3.52535 5.43185 17.17217 8.68679
690 8.268029091E+06 3.18800 3.52544 5.43100 17.17089 8.68707
691 8.268125466E+06 3.18742 3.52552 5.43018 17.16965 8.68732
692 8.268219826E+06 3.18687 3.52561 5.42939 17.16844 8.68757
693 8.268311340E+06 3.18634 3.52569 5.42866 17.16728 8.68784
694 8.268399884E+06 3.18584 3.52576 5.42798 17.16616 8.68817
695 8.268485347E+06 3.18538 3.52583 5.42735 17.16508 8.68838
696 8.268567682E+06 3.18496 3.52590 5.42677 17.16404 8.68854
697 8.268647572E+06 3.18456 3.52597 5.42623 17.16304 8.68871
698 8.268724492E+06 3.18420 3.52603 5.42574 17.16208 8.68892
699 8.268798124E+06 3.18386 3.52608 5.42530 17.16116 8.68921
700 8.268868414E+06 3.18356 3.52614 5.42491 17.16028 8.68934
701 8.268935399E+06 3.18328 3.52619 5.42455 17.15945 8.68943
702 8.268999710E+06 3.18303 3.52624 5.42424 17.15866 8.68955
703 8.269060918E+06 3.18280 3.52628 5.42395 17.15790 8.68972
704 8.269118886E+06 3.18259 3.52632 5.42370 17.15718 8.68999
705 8.269173653E+06 3.18239 3.52636 5.42347 17.15651 8.69006
706 8.269225277E+06 3.18222 3.52640 5.42327 17.15587 8.69011
707 8.269274351E+06 3.18208 3.52643 5.42311 17.15526 8.69020
708 8.269320643E+06 3.18196 3.52646 5.42300 17.15469 8.69034
709 8.269364226E+06 3.18185 3.52649 5.42288 17.15416 8.69057
710 8.269405136E+06 3.18174 3.52651 5.42278 17.15366 8.69066
711 8.269443514E+06 3.18164 3.52654 5.42268 17.15318 8.69069
712 8.269479778E+06 3.18154 3.52656 5.42259 17.15274 8.69075
713 8.269513902E+06 3.18145 3.52659 5.42250 17.15232 8.69085
714 8.269545873E+06 3.18137 3.52661 5.42242 17.15193 8.69102
715 8.269575797E+06 3.18129 3.52663 5.42235 17.15156 8.69122
716 8.269603810E+06 3.18121 3.52666 5.42228 17.15122 8.69123
717 8.269630035E+06 3.18115 3.52667 5.42224 17.15089 8.69125
718 8.269654781E+06 3.18112 3.52669 5.42224 17.15059 8.69132
719 8.269677954E+06 3.18108 3.52670 5.42223 17.15031 8.69143
720 8.269699610E+06 3.18104 3.52672 5.42220 17.15004 8.69160
721 8.269719831E+06 3.18099 3.52674 5.42217 17.14979 8.69178
722 8.269738705E+06 3.18095 3.52675 5.42214 17.14956 8.69178
723 8.269756359E+06 3.18090 3.52677 5.42210 17.14934 8.69180
724 8.269772951E+06 3.18085 3.52678 5.42206 17.14914 8.69186
725 8.269788430E+06 3.18079 3.52680 5.42201 17.14895 8.69195
726 8.269802858E+06 3.18074 3.52681 5.42196 17.14877 8.69210
727 8.269816292E+06 3.18068 3.52682 5.42191 17.14861 8.69230
728 8.269828793E+06 3.18064 3.52684 5.42188 17.14846 8.69234
729 8.269840428E+06 3.18063 3.52685 5.42188 17.14831 8.69235
730 8.269851324E+06 3.18061 3.52686 5.42188 17.14818 8.69239
731 8.269861462E+06 3.18058 3.52686 5.42186 17.14806 8.69246
732 8.269870883E+06 3.18054 3.52687 5.42183 17.14794 8.69257
733 8.269879634E+06 3.18050 3.52689 5.42179 17.14783 8.69273
734 8.269887760E+06 3.18046 3.52690 5.42175 17.14773 8.69293
735 8.269895306E+06 3.18041 3.52691 5.42169 17.14764 8.69293
736 8.269902318E+06 3.18036 3.52692 5.42163 17.14756 8.69294
737 8.269908872E+06 3.18031 3.52693 5.42157 17.14748 8.69298
738 8.269914960E+06 3.18025 3.52694 5.42150 17.14740 8.69306
739 8.269920616E+06 3.18020 3.52695 5.42143 17.14733 8.69317
740 8.269925875E+06 3.18014 3.52696 5.42135 17.14727 8.69332
741 8.269930766E+06 3.18011 3.52696 5.42133 17.14721 8.69352
742 8.269935326E+06 3.18010 3.52697 5.42131 17.14715 8.69354
743 8.269939579E+06 3.18008 3.52697 5.42129 17.14710 8.69355
744 8.269943572E+06 3.18005 3.52698 5.42125 17.14705 8.69358
745 8.269947309E+06 3.18002 3.52698 5.42121 17.14701 8.69364
746 8.269950812E+06 3.17998 3.52699 5.42115 17.14696 8.69375
747 8.269954102E+06 3.17993 3.52699 5.42108 17.14692 8.69389
748 8.269957201E+06 3.17988 3.52700 5.42101 17.14689 8.69409
749 8.269960130E+06 3.17983 3.52701 5.42092 17.14685 8.69416
750 8.269962905E+06 3.17976 3.52701 5.42082 17.14682 8.69417
751 8.269965559E+06 3.17969 3.52702 5.42071 17.14678 8.69420
752 8.269968104E+06 3.17962 3.52703 5.42059 17.14675 8.69426
753 8.269970552E+06 3.17954 3.52704 5.42046 17.14672 8.69437
754 8.269972910E+06 3.17946 3.52704 5.42033 17.14669 8.69454
755 8.269975178E+06 3.17939 3.52705 5.42023 17.14667 8.69478
756 8.269977353E+06 3.17933 3.52706 5.42012 17.14664 8.69479
757 8.269979413E+06 3.17926 3.52706 5.42001 17.14662 8.69481
758 8.269981349E+06 3.17918 3.52707 5.41987 17.14659 8.69487
759 8.269983137E+06 3.17910 3.52707 5.41973 17.14657 8.69499
760 8.269984757E+06 3.17901 3.52708 5.41958 17.14655 8.69518
761 8.269986224E+06 3.17892 3.52709 5.41942 17.14653 8.69543
762 8.269987553E+06 3.17882 3.52709 5.41926 17.14652 8.69541
763 8.269988760E+06 3.17873 3.52710 5.41909 17.14650 8.69543
764 8.269989864E+06 3.17863 3.52710 5.41892 17.14649 8.69550
765 8.269990873E+06 3.17854 3.52711 5.41876 17.14648 8.69562
766 8.269991797E+06 3.17844 3.52711 5.41859 17.14647 8.69578
767 8.269992643E+06 3.17837 3.52712 5.41846 17.14646 8.69600
768 8.269993421E+06 3.17832 3.52712 5.41834 17.14645 8.69605
769 8.269994144E+06 3.17826 3.52712 5.41824 17.14644 8.69605
770 8.269994822E+06 3.17822 3.52712 5.41814 17.14643 8.69608
771 8.269995459E+06 3.17817 3.52711 5.41803 17.14642 8.69615
772 8.269996058E+06 3.17812 3.52711 5.41793 17.14642 8.69625
773 8.269996621E+06 3.17808 3.52711 5.41783 17.14641 8.69641
774 8.269997151E+06 3.17804 3.52710 5.41772 17.14640 8.69661
775 8.269997651E+06 3.17799 3.52710 5.41761 17.14640 8.69671
776 8.269998122E+06 3.17795 3.52709 5.41749 17.14639 8.69670
777 8.269998566E+06 3.17790 3.52708 5.41737 17.14639 8.69672
778 8.269998984E+06 3.17785 3.52708 5.41725 17.14638 8.69678
779 8.269999376E+06 3.17781 3.52707 5.41713 17.14638 8.69686
