1 4.843131000E+03 0.82265 4.57336 4.89198 24.99952 0.00002
2 9.587978415E+03 0.82243 4.57356 4.89233 24.99905 0.00002
3 1.528179531E+04 0.82224 4.57370 4.89254 24.99849 0.00002
4 2.211437559E+04 0.82216 4.57380 4.89274 24.99781 0.00002
5 3.031347193E+04 0.82219 4.57384 4.89298 24.99699 0.00002
6 4.015238753E+04 0.82234 4.57385 4.89330 24.99601 0.00002
7 5.195908625E+04 0.82260 4.57382 4.89370 24.99484 0.00002
8 6.612712471E+04 0.82296 4.57375 4.89418 24.99342 0.00002
9 8.312877087E+04 0.82343 4.57366 4.89477 24.99171 0.00002
10 1.035307463E+05 0.82403 4.57355 4.89548 24.98966 0.00002
11 1.280131167E+05 0.82475 4.57340 4.89634 24.98719 0.00002
12 1.573919613E+05 0.82564 4.57321 4.89737 24.98421 0.00002
13 1.926465748E+05 0.82670 4.57299 4.89861 24.98061 0.00002
14 2.349521109E+05 0.82798 4.57273 4.90011 24.97626 0.00002
15 2.857187543E+05 0.82951 4.57241 4.90192 24.97100 0.00002
16 3.466387264E+05 0.83134 4.57205 4.90410 24.96462 0.00002
17 4.197426929E+05 0.83352 4.57161 4.90673 24.95688 0.00002
18 5.074674527E+05 0.83614 4.57110 4.90992 24.94744 0.00002
19 6.127371644E+05 0.83929 4.57049 4.91380 24.93592 0.00002
20 7.296788754E+05 0.84280 4.56982 4.91814 24.92286 0.00002
21 8.469602190E+05 0.84633 4.56916 4.92255 24.90949 0.00002
22 9.642385532E+05 0.84988 4.56850 4.92702 24.89584 0.00002
23 1.081264275E+06 0.85345 4.56785 4.93152 24.88193 0.00002
24 1.197750490E+06 0.85704 4.56718 4.93606 24.86779 0.00002
25 1.313445302E+06 0.86065 4.56652 4.94061 24.85345 0.00002
26 1.428129842E+06 0.86429 4.56584 4.94518 24.83892 0.00002
27 1.541606225E+06 0.86795 4.56515 4.94974 24.82425 0.00002
28 1.653652919E+06 0.87164 4.56444 4.95429 24.80945 0.00002
29 1.764007401E+06 0.87537 4.56371 4.95880 24.79457 0.00002
30 1.872351307E+06 0.87911 4.56295 4.96326 24.77967 0.00002
31 1.978651744E+06 0.88286 4.56218 4.96769 24.76475 0.00002
32 2.083335664E+06 0.88663 4.56140 4.97209 24.74976 0.00002
33 2.186414938E+06 0.89042 4.56060 4.97647 24.73472 0.00002
34 2.287822932E+06 0.89423 4.55978 4.98083 24.71962 0.00002
35 2.387539832E+06 0.89806 4.55895 4.98516 24.70450 0.00002
36 2.485557144E+06 0.90191 4.55810 4.98946 24.68934 0.00002
37 2.581859100E+06 0.90579 4.55723 4.99373 24.67418 0.00001
38 2.676427443E+06 0.90968 4.55634 4.99796 24.65901 0.00001
39 2.769229655E+06 0.91360 4.55542 5.00215 24.64386 0.00001
40 2.860205896E+06 0.91755 4.55448 5.00628 24.62875 0.00001
41 2.949237007E+06 0.92152 4.55351 5.01033 24.61370 0.00001
42 3.036198435E+06 0.92550 4.55252 5.01432 24.59877 0.00001
43 3.121362507E+06 0.92949 4.55151 5.01827 24.58390 0.00001
44 3.205010676E+06 0.93350 4.55048 5.02218 24.56907 0.00001
45 3.287174323E+06 0.93755 4.54943 5.02608 24.55428 0.00001
46 3.367682291E+06 0.94164 4.54836 5.02997 24.53956 0.00001
47 3.446500946E+06 0.94574 4.54727 5.03381 24.52494 0.00001
48 3.523842775E+06 0.94987 4.54616 5.03761 24.51038 0.00001
49 3.599742071E+06 0.95402 4.54503 5.04138 24.49588 0.00002
50 3.674217708E+06 0.95819 4.54387 5.04511 24.48146 0.00002
51 3.747290133E+06 0.96238 4.54270 5.04879 24.46712 0.00002
52 3.818974157E+06 0.96661 4.54150 5.05244 24.45287 0.00002
53 3.889235129E+06 0.97085 4.54027 5.05603 24.43873 0.00002
54 3.957997629E+06 0.97513 4.53901 5.05955 24.42473 0.00002
55 4.025187116E+06 0.97941 4.53774 5.06301 24.41088 0.00002
56 4.090963520E+06 0.98371 4.53644 5.06643 24.39718 0.00002
57 4.155521240E+06 0.98803 4.53513 5.06981 24.38359 0.00002
58 4.218909894E+06 0.99237 4.53379 5.07316 24.37011 0.00002
59 4.281151393E+06 0.99674 4.53244 5.07649 24.35674 0.00002
60 4.342265154E+06 1.00114 4.53106 5.07977 24.34349 0.00002
61 4.402295224E+06 1.00555 4.52967 5.08303 24.33035 0.00002
62 4.461275936E+06 1.00999 4.52826 5.08626 24.31733 0.00002
63 4.519195437E+06 1.01446 4.52682 5.08945 24.30443 0.00002
64 4.576073489E+06 1.01895 4.52537 5.09260 24.29167 0.00002
65 4.631923462E+06 1.02346 4.52389 5.09573 24.27904 0.00002
66 4.686693400E+06 1.02805 4.52238 5.09885 24.26656 0.00002
67 4.740053552E+06 1.03264 4.52085 5.10191 24.25433 0.00002
68 4.792271629E+06 1.03724 4.51930 5.10491 24.24229 0.00002
69 4.843392231E+06 1.04184 4.51773 5.10785 24.23043 0.00002
70 4.893495035E+06 1.04646 4.51615 5.11076 24.21875 0.00002
71 4.942700513E+06 1.05110 4.51455 5.11363 24.20722 0.00002
72 4.991069968E+06 1.05575 4.51293 5.11648 24.19584 0.00002
73 5.038624981E+06 1.06044 4.51130 5.11930 24.18461 0.00003
74 5.085386511E+06 1.06514 4.50964 5.12210 24.17352 0.00003
75 5.131365474E+06 1.06987 4.50797 5.12487 24.16259 0.00003
76 5.176668534E+06 1.07461 4.50630 5.12766 24.15178 0.00003
77 5.221576585E+06 1.07942 4.50459 5.13046 24.14104 0.00003
78 5.265882557E+06 1.08427 4.50286 5.13324 24.13042 0.00003
79 5.309451833E+06 1.08915 4.50111 5.13600 24.11995 0.00003
80 5.352240421E+06 1.09406 4.49934 5.13871 24.10966 0.00003
81 5.394230489E+06 1.09898 4.49754 5.14138 24.09955 0.00003
82 5.435396118E+06 1.10392 4.49572 5.14397 24.08964 0.00003
83 5.475666676E+06 1.10884 4.49389 5.14649 24.07995 0.00003
84 5.514961404E+06 1.11382 4.49203 5.14899 24.07050 0.00003
85 5.553193084E+06 1.11878 4.49016 5.15145 24.06133 0.00003
86 5.590659793E+06 1.12375 4.48829 5.15389 24.05235 0.00004
87 5.627563561E+06 1.12875 4.48640 5.15635 24.04353 0.00004
88 5.664243458E+06 1.13382 4.48449 5.15884 24.03478 0.00004
89 5.700507298E+06 1.13895 4.48254 5.16133 24.02615 0.00004
90 5.736200403E+06 1.14412 4.48058 5.16379 24.01769 0.00004
91 5.771277312E+06 1.14931 4.47859 5.16623 24.00940 0.00004
92 5.805739363E+06 1.15452 4.47659 5.16864 24.00129 0.00004
93 5.839600216E+06 1.15975 4.47457 5.17102 23.99336 0.00004
94 5.872894852E+06 1.16499 4.47253 5.17337 23.98561 0.00005
95 5.905649100E+06 1.17026 4.47048 5.17569 23.97802 0.00005
96 5.937851692E+06 1.17553 4.46841 5.17797 23.97061 0.00005
97 5.969497677E+06 1.18081 4.46633 5.18020 23.96338 0.00005
98 6.000569006E+06 1.18608 4.46424 5.18237 23.95633 0.00005
99 6.030979799E+06 1.19131 4.46215 5.18448 23.94949 0.00005
100 6.060805544E+06 1.19655 4.46006 5.18656 23.94283 0.00006
101 6.090156266E+06 1.20179 4.45795 5.18862 23.93634 0.00006
102 6.119070704E+06 1.20718 4.45578 5.19074 23.93001 0.00006
103 6.147259052E+06 1.21257 4.45362 5.19285 23.92389 0.00006
104 6.175073960E+06 1.21800 4.45143 5.19497 23.91792 0.00007
105 6.202539745E+06 1.22347 4.44922 5.19707 23.91208 0.00007
106 6.229587360E+06 1.22895 4.44700 5.19916 23.90640 0.00007
107 6.256201492E+06 1.23446 4.44477 5.20123 23.90087 0.00008
108 6.282391997E+06 1.23997 4.44252 5.20327 23.89550 0.00008
109 6.308173270E+06 1.24549 4.44027 5.20529 23.89027 0.00008
110 6.333558034E+06 1.25103 4.43799 5.20727 23.88432 0.00009
111 6.358490581E+06 1.25656 4.43570 5.20918 23.87707 0.00009
112 6.382930879E+06 1.26204 4.43343 5.21101 23.86858 0.00010
113 6.406930122E+06 1.26747 4.43115 5.21278 23.85889 8.45185
114 6.430432528E+06 1.27191 4.42934 5.21443 23.84832 8.51869
115 6.442183732E+06 1.27415 4.42839 5.21510 23.84275 8.52913
116 6.456285176E+06 1.27731 4.42706 5.21608 23.83560 8.53250
117 6.473206909E+06 1.28126 4.42538 5.21730 23.82630 8.53195
118 6.493512988E+06 1.28610 4.42333 5.21878 23.81408 8.52793
119 6.517880284E+06 1.29205 4.42081 5.22058 23.79786 8.52313
120 6.541863930E+06 1.29806 4.41825 5.22237 23.78032 8.52062
121 6.565272818E+06 1.30406 4.41569 5.22413 23.76166 8.51869
122 6.588090604E+06 1.31000 4.41315 5.22584 23.74198 8.51527
123 6.610353768E+06 1.31586 4.41063 5.22750 23.72132 8.50909
124 6.632101786E+06 1.32159 4.40817 5.22913 23.69974 8.49905
125 6.653395808E+06 1.32716 4.40579 5.23072 23.67728 8.48514
126 6.674281864E+06 1.33257 4.40348 5.23230 23.65397 8.47192
127 6.694763399E+06 1.33779 4.40126 5.23388 23.62990 8.46127
128 6.714858965E+06 1.34275 4.39918 5.23547 23.60512 8.45289
129 6.734557518E+06 1.34733 4.39730 5.23709 23.57978 8.44631
130 6.753852856E+06 1.35145 4.39566 5.23877 23.55402 8.44121
131 6.772178201E+06 1.35493 4.39435 5.24050 23.52877 8.43697
132 6.788852991E+06 1.35732 4.39358 5.24222 23.50528 8.43349
133 6.803321312E+06 1.35838 4.39347 5.24387 23.48467 8.43075
134 6.815150303E+06 1.35814 4.39397 5.24539 23.46780 8.42869
135 6.824242580E+06 1.35689 4.39493 5.24675 23.45494 8.42722
136 6.831051742E+06 1.35508 4.39613 5.24792 23.44543 8.42651
137 6.836349200E+06 1.35293 4.39747 5.24899 23.43815 8.42662
138 6.840587267E+06 1.35057 4.39890 5.24998 23.43244 8.42695
139 6.844055386E+06 1.34807 4.40039 5.25092 23.42787 8.42744
140 6.846947527E+06 1.34548 4.40191 5.25184 23.42415 8.42805
141 6.849394087E+06 1.34285 4.40345 5.25273 23.42108 8.42875
142 6.851485916E+06 1.34018 4.40501 5.25363 23.41852 8.42951
143 6.853287458E+06 1.33750 4.40657 5.25452 23.41638 8.43032
144 6.854847113E+06 1.33480 4.40814 5.25543 23.41458 8.43115
145 6.856198532E+06 1.33212 4.40971 5.25634 23.41307 8.43199
146 6.857375992E+06 1.32949 4.41126 5.25727 23.41179 8.43284
147 6.858407125E+06 1.32691 4.41279 5.25822 23.41072 8.43367
148 6.859311797E+06 1.32440 4.41429 5.25919 23.40980 8.43446
149 6.860107066E+06 1.32196 4.41575 5.26018 23.40903 8.43521
150 6.860806284E+06 1.31962 4.41718 5.26120 23.40837 8.43592
151 6.861421044E+06 1.31736 4.41857 5.26225 23.40781 8.43660
152 6.861961196E+06 1.31520 4.41992 5.26332 23.40734 8.43725
153 6.862435381E+06 1.31313 4.42123 5.26443 23.40694 8.43784
154 6.862851002E+06 1.31112 4.42252 5.26555 23.40661 8.43837
155 6.863213799E+06 1.30922 4.42376 5.26670 23.40633 8.43885
156 6.863531915E+06 1.30741 4.42495 5.26786 23.40609 8.43927
157 6.863810856E+06 1.30571 4.42609 5.26902 23.40590 8.43960
158 6.864055688E+06 1.30410 4.42719 5.27019 23.40573 8.43984
159 6.864270739E+06 1.30257 4.42824 5.27136 23.40559 8.43998
160 6.864459757E+06 1.30113 4.42926 5.27253 23.40547 8.44005
161 6.864625915E+06 1.29977 4.43023 5.27370 23.40537 8.43985
162 6.864771959E+06 1.29849 4.43116 5.27485 23.40529 8.43921
163 6.864900484E+06 1.29727 4.43205 5.27599 23.40522 8.43808
164 6.865013628E+06 1.29611 4.43291 5.27712 23.40516 8.43683
165 6.865113042E+06 1.29501 4.43374 5.27822 23.40511 8.43546
166 6.865200578E+06 1.29395 4.43454 5.27928 23.40507 8.43391
167 6.865277175E+06 1.29300 4.43525 5.28023 23.40504 8.43238
168 6.865350196E+06 1.29210 4.43592 5.28112 23.40501 8.43085
169 6.865421865E+06 1.29122 4.43657 5.28197 23.40498 8.42927
170 6.865493063E+06 1.29036 4.43720 5.28277 23.40495 8.42764
171 6.865564433E+06 1.28951 4.43782 5.28353 23.40493 8.42594
172 6.865636451E+06 1.28869 4.43841 5.28424 23.40490 8.42417
173 6.865709525E+06 1.28789 4.43897 5.28490 23.40488 8.42232
174 6.865784043E+06 1.28711 4.43951 5.28551 23.40486 8.42039
175 6.865860367E+06 1.28636 4.44002 5.28606 23.40483 8.41838
176 6.865938869E+06 1.28565 4.44050 5.28654 23.40481 8.41629
177 6.866019995E+06 1.28498 4.44094 5.28695 23.40478 8.41416
178 6.866104123E+06 1.28436 4.44133 5.28728 23.40475 8.41202
179 6.866191715E+06 1.28380 4.44167 5.28753 23.40473 8.40996
180 6.866283255E+06 1.28331 4.44195 5.28768 23.40470 8.40808
181 6.866379272E+06 1.28290 4.44217 5.28772 23.40467 8.40774
182 6.866480165E+06 1.28258 4.44231 5.28764 23.40463 8.40761
183 6.866586277E+06 1.28238 4.44235 5.28742 23.40460 8.40619
184 6.866698473E+06 1.28233 4.44229 5.28705 23.40456 8.40261
185 6.866816973E+06 1.28246 4.44209 5.28651 23.40453 8.39494
186 6.866941231E+06 1.28278 4.44174 5.28578 23.40449 8.37927
187 6.867069795E+06 1.28333 4.44125 5.28489 23.40445 8.35524
188 6.867202372E+06 1.28412 4.44058 5.28382 23.40440 8.32445
189 6.867338170E+06 1.28517 4.43975 5.28258 23.40436 8.29073
190 6.867476105E+06 1.28651 4.43874 5.28121 23.40432 8.25887
191 6.867614881E+06 1.28815 4.43755 5.27974 23.40427 8.22537
192 6.867753272E+06 1.29012 4.43618 5.27820 23.40421 8.18767
193 6.867891339E+06 1.29246 4.43462 5.27664 23.40415 8.14832
194 6.868028795E+06 1.29523 4.43285 5.27510 23.40408 8.10775
195 6.868164950E+06 1.29843 4.43089 5.27365 23.40400 8.06662
196 6.868299750E+06 1.30209 4.42873 5.27234 23.40391 8.02618
197 6.868432457E+06 1.30619 4.42640 5.27121 23.40382 7.98744
198 6.868562140E+06 1.31070 4.42392 5.27030 23.40372 7.95131
199 6.868688585E+06 1.31558 4.42130 5.26962 23.40361 7.91827
200 6.868811561E+06 1.32078 4.41859 5.26917 23.40349 7.88885
201 6.868930967E+06 1.32623 4.41581 5.26893 23.40337 7.86352
202 6.869046861E+06 1.33189 4.41297 5.26889 23.40325 7.84277
203 6.869159380E+06 1.33769 4.41010 5.26901 23.40311 7.82704
204 6.869268808E+06 1.34362 4.40720 5.26927 23.40297 7.81623
205 6.869375466E+06 1.34963 4.40428 5.26964 23.40283 7.80911
206 6.869479600E+06 1.35572 4.40135 5.27009 23.40268 7.80507
207 6.869581603E+06 1.36185 4.39842 5.27062 23.40253 7.79192
208 6.869682009E+06 1.36799 4.39550 5.27121 23.40237 7.77686
209 6.869780450E+06 1.37415 4.39257 5.27184 23.40220 7.76093
210 6.869877388E+06 1.38034 4.38965 5.27250 23.40203 7.74460
211 6.869973027E+06 1.38655 4.38671 5.27318 23.40186 7.72819
212 6.870067531E+06 1.39279 4.38377 5.27388 23.40168 7.71194
213 6.870161026E+06 1.39905 4.38081 5.27460 23.40149 7.69605
214 6.870253621E+06 1.40534 4.37785 5.27532 23.40130 7.68069
215 6.870345411E+06 1.41165 4.37488 5.27605 23.40110 7.66602
216 6.870436475E+06 1.41797 4.37190 5.27678 23.40090 7.65220
217 6.870526945E+06 1.42425 4.36894 5.27750 23.40069 7.63936
218 6.870617652E+06 1.43059 4.36595 5.27823 23.40048 7.62767
219 6.870707974E+06 1.43695 4.36295 5.27896 23.40026 7.61744
220 6.870797872E+06 1.44334 4.35994 5.27968 23.40003 7.60884
221 6.870887372E+06 1.44975 4.35692 5.28040 23.39980 7.60180
222 6.870976470E+06 1.45618 4.35387 5.28110 23.39956 7.59608
223 6.871065112E+06 1.46264 4.35082 5.28179 23.39932 7.59163
224 6.871153308E+06 1.46912 4.34775 5.28247 23.39908 7.58814
225 6.871241072E+06 1.47561 4.34467 5.28314 23.39885 7.58555
226 6.871328511E+06 1.48203 4.34162 5.28380 23.39861 7.58040
227 6.871416517E+06 1.48853 4.33853 5.28445 23.39838 7.57165
228 6.871503886E+06 1.49504 4.33544 5.28509 23.39815 7.56220
229 6.871590466E+06 1.50153 4.33235 5.28571 23.39792 7.55235
230 6.871676557E+06 1.50803 4.32925 5.28632 23.39769 7.54224
231 6.871762173E+06 1.51455 4.32614 5.28692 23.39747 7.53203
232 6.871847320E+06 1.52108 4.32302 5.28749 23.39725 7.52183
233 6.871932003E+06 1.52764 4.31989 5.28806 23.39703 7.51176
234 6.872016223E+06 1.53416 4.31676 5.28861 23.39681 7.50189
235 6.872100448E+06 1.54064 4.31365 5.28915 23.39660 7.49223
236 6.872185109E+06 1.54721 4.31051 5.28968 23.39638 7.48288
237 6.872269428E+06 1.55379 4.30734 5.29020 23.39617 7.47405
238 6.872353364E+06 1.56040 4.30417 5.29071 23.39595 7.46583
239 6.872436917E+06 1.56704 4.30097 5.29121 23.39574 7.45831
240 6.872520089E+06 1.57370 4.29777 5.29170 23.39554 7.45160
241 6.872602889E+06 1.58038 4.29454 5.29218 23.39533 7.44575
242 6.872685321E+06 1.58710 4.29130 5.29265 23.39513 7.44080
243 6.872767394E+06 1.59372 4.28811 5.29311 23.39493 7.43649
244 6.872850196E+06 1.60041 4.28487 5.29355 23.39472 7.43284
245 6.872932968E+06 1.60715 4.28161 5.29398 23.39452 7.42984
246 6.873015403E+06 1.61392 4.27833 5.29440 23.39432 7.42733
247 6.873097473E+06 1.62072 4.27503 5.29480 23.39413 7.42530
248 6.873179150E+06 1.62755 4.27171 5.29519 23.39393 7.42374
249 6.873260422E+06 1.63441 4.26838 5.29557 23.39374 7.41963
250 6.873341276E+06 1.64131 4.26502 5.29595 23.39355 7.41409
251 6.873421209E+06 1.64814 4.26169 5.29630 23.39336 7.40821
252 6.873500840E+06 1.65488 4.25841 5.29665 23.39318 7.40201
253 6.873581158E+06 1.66174 4.25507 5.29699 23.39299 7.39556
254 6.873661044E+06 1.66862 4.25171 5.29731 23.39281 7.38903
255 6.873740443E+06 1.67552 4.24833 5.29763 23.39263 7.38249
256 6.873819338E+06 1.68246 4.24494 5.29793 23.39245 7.37600
257 6.873897719E+06 1.68942 4.24153 5.29822 23.39227 7.36961
258 6.873975576E+06 1.69642 4.23811 5.29850 23.39210 7.36335
259 6.874052903E+06 1.70344 4.23466 5.29877 23.39193 7.35727
260 6.874129693E+06 1.71033 4.23128 5.29903 23.39176 7.35132
261 6.874207383E+06 1.71731 4.22785 5.29929 23.39159 7.34549
262 6.874285013E+06 1.72437 4.22439 5.29953 23.39142 7.33991
263 6.874362182E+06 1.73146 4.22090 5.29977 23.39126 7.33464
264 6.874438865E+06 1.73858 4.21740 5.29999 23.39109 7.32973
265 6.874515049E+06 1.74574 4.21387 5.30021 23.39093 7.32519
266 6.874590722E+06 1.75295 4.21032 5.30043 23.39077 7.32104
267 6.874665876E+06 1.76018 4.20675 5.30063 23.39061 7.31730
268 6.874740503E+06 1.76738 4.20321 5.30083 23.39046 7.31396
269 6.874815250E+06 1.77451 4.19969 5.30102 23.39031 7.31098
270 6.874890812E+06 1.78179 4.19609 5.30120 23.39015 7.30833
271 6.874965928E+06 1.78912 4.19247 5.30137 23.39000 7.30602
272 6.875040501E+06 1.79648 4.18883 5.30153 23.38985 7.30403
273 6.875114500E+06 1.80388 4.18517 5.30168 23.38970 7.30233
274 6.875187892E+06 1.81130 4.18149 5.30183 23.38956 7.30085
275 6.875260632E+06 1.81877 4.17780 5.30196 23.38942 7.29957
276 6.875332672E+06 1.82626 4.17408 5.30208 23.38928 7.29846
277 6.875403964E+06 1.83354 4.17047 5.30220 23.38914 7.29749
278 6.875476279E+06 1.84098 4.16678 5.30231 23.38900 7.29666
279 6.875548230E+06 1.84846 4.16306 5.30240 23.38886 7.29413
280 6.875619452E+06 1.85598 4.15932 5.30250 23.38873 7.29143
281 6.875689444E+06 1.86347 4.15560 5.30258 23.38860 7.28869
282 6.875758543E+06 1.87098 4.15187 5.30266 23.38847 7.28592
283 6.875826740E+06 1.87850 4.14812 5.30273 23.38835 7.28315
284 6.875894004E+06 1.88603 4.14437 5.30279 23.38823 7.28043
285 6.875960318E+06 1.89341 4.14070 5.30285 23.38811 7.27769
286 6.876026818E+06 1.90076 4.13704 5.30290 23.38799 7.27489
287 6.876093655E+06 1.90823 4.13331 5.30294 23.38787 7.27211
288 6.876159717E+06 1.91573 4.12956 5.30297 23.38776 7.26940
289 6.876224951E+06 1.92325 4.12581 5.30299 23.38764 7.26678
290 6.876289350E+06 1.93080 4.12204 5.30301 23.38753 7.26425
291 6.876352908E+06 1.93836 4.11827 5.30302 23.38742 7.26182
292 6.876415618E+06 1.94595 4.11447 5.30303 23.38732 7.25950
293 6.876477472E+06 1.95348 4.11071 5.30303 23.38722 7.25724
294 6.876539061E+06 1.96081 4.10704 5.30303 23.38711 7.25496
295 6.876601711E+06 1.96838 4.10325 5.30301 23.38701 7.25271
296 6.876663711E+06 1.97598 4.09945 5.30299 23.38691 7.25056
297 6.876724943E+06 1.98361 4.09562 5.30296 23.38681 7.24852
298 6.876785386E+06 1.99128 4.09178 5.30293 23.38671 7.24658
299 6.876845018E+06 1.99898 4.08792 5.30289 23.38662 7.24476
300 6.876903815E+06 2.00671 4.08405 5.30284 23.38652 7.24305
301 6.876961753E+06 2.01446 4.08016 5.30279 23.38642 7.24145
302 6.877018879E+06 2.02186 4.07645 5.30276 23.38633 7.23981
303 6.877077606E+06 2.02955 4.07259 5.30270 23.38623 7.23821
304 6.877135752E+06 2.03730 4.06870 5.30263 23.38612 7.23671
305 6.877193092E+06 2.04508 4.06479 5.30255 23.38602 7.23531
306 6.877249574E+06 2.05288 4.06087 5.30248 23.38592 7.23403
307 6.877305155E+06 2.06072 4.05693 5.30240 23.38581 7.23286
308 6.877359798E+06 2.06858 4.05298 5.30232 23.38571 7.23180
309 6.877413460E+06 2.07647 4.04901 5.30223 23.38560 7.23085
310 6.877466094E+06 2.08399 4.04524 5.30217 23.38549 7.22989
311 6.877519944E+06 2.09171 4.04136 5.30208 23.38538 7.22895
312 6.877573598E+06 2.09953 4.03742 5.30198 23.38526 7.22809
313 6.877626434E+06 2.10738 4.03347 5.30188 23.38514 7.22733
314 6.877678377E+06 2.11525 4.02951 5.30177 23.38502 7.22670
315 6.877729412E+06 2.12315 4.02553 5.30166 23.38489 7.22620
316 6.877779533E+06 2.13107 4.02154 5.30155 23.38476 7.22582
317 6.877828720E+06 2.13903 4.01753 5.30143 23.38463 7.22554
318 6.877876940E+06 2.14666 4.01370 5.30135 23.38450 7.22521
319 6.877926230E+06 2.15441 4.00979 5.30125 23.38435 7.22488
320 6.877975795E+06 2.16234 4.00580 5.30112 23.38420 7.22463
321 6.878024710E+06 2.17032 4.00178 5.30099 23.38405 7.22444
322 6.878072855E+06 2.17833 3.99774 5.30085 23.38389 7.22430
323 6.878120203E+06 2.18638 3.99368 5.30071 23.38374 7.22422
324 6.878166771E+06 2.19447 3.98959 5.30057 23.38358 7.22419
325 6.878212567E+06 2.20262 3.98548 5.30042 23.38342 7.22418
326 6.878257536E+06 2.21051 3.98151 5.30031 23.38326 7.22415
327 6.878303322E+06 2.21844 3.97752 5.30019 23.38310 7.22411
328 6.878349893E+06 2.22661 3.97339 5.30003 23.38292 7.22409
329 6.878396121E+06 2.23489 3.96921 5.29986 23.38275 7.22410
330 6.878441805E+06 2.24323 3.96500 5.29968 23.38257 7.22414
331 6.878486945E+06 2.25164 3.96074 5.29950 23.38240 7.22420
332 6.878531589E+06 2.26014 3.95645 5.29932 23.38222 7.22428
333 6.878575774E+06 2.26874 3.95210 5.29912 23.38204 7.22439
334 6.878619438E+06 2.27726 3.94780 5.29896 23.38185 7.22449
335 6.878663512E+06 2.28567 3.94356 5.29882 23.38167 7.22456
336 6.878709101E+06 2.29444 3.93912 5.29862 23.38147 7.22464
337 6.878755053E+06 2.30344 3.93457 5.29840 23.38126 7.22472
338 6.878801203E+06 2.31264 3.92991 5.29816 23.38105 7.22482
339 6.878847719E+06 2.32209 3.92512 5.29791 23.38083 7.22491
340 6.878894845E+06 2.33180 3.92020 5.29764 23.38060 7.22497
341 6.878943144E+06 2.34189 3.91508 5.29736 23.38036 7.22501
342 6.878993365E+06 2.35251 3.90969 5.29704 23.38011 7.22496
343 6.879046744E+06 2.36380 3.90397 5.29671 23.37983 7.22451
344 6.879106188E+06 2.37619 3.89768 5.29633 23.37951 7.22347
345 6.879176604E+06 2.39094 3.89016 5.29577 23.37912 7.22136
346 6.879253811E+06 2.40738 3.88176 5.29502 23.37868 7.21770
347 6.879306211E+06 2.41823 3.87620 5.29452 23.37837 7.21452
348 6.879345389E+06 2.42618 3.87212 5.29408 23.37813 7.21189
349 6.879378658E+06 2.43287 3.86867 5.29367 23.37793 7.20958
350 6.879408469E+06 2.43887 3.86557 5.29326 23.37775 7.20751
351 6.879435787E+06 2.44441 3.86270 5.29285 23.37758 7.20564
352 6.879461168E+06 2.44964 3.85998 5.29243 23.37742 7.20398
353 6.879484948E+06 2.45466 3.85736 5.29199 23.37727 7.20251
354 6.879507351E+06 2.45952 3.85482 5.29155 23.37712 7.20123
355 6.879528545E+06 2.46416 3.85243 5.29129 23.37699 7.20020
356 6.879549710E+06 2.46863 3.85014 5.29108 23.37685 7.19936
357 6.879571452E+06 2.47309 3.84784 5.29077 23.37670 7.19867
358 6.879593257E+06 2.47757 3.84551 5.29041 23.37656 7.19817
359 6.879614721E+06 2.48205 3.84316 5.29000 23.37641 7.19793
360 6.879635647E+06 2.48653 3.84081 5.28956 23.37627 7.19765
361 6.879655966E+06 2.49103 3.83845 5.28909 23.37613 7.19722
362 6.879675657E+06 2.49551 3.83609 5.28864 23.37600 7.19667
363 6.879694931E+06 2.49995 3.83380 5.28837 23.37587 7.19605
364 6.879714563E+06 2.50440 3.83153 5.28817 23.37573 7.19538
365 6.879734863E+06 2.50886 3.82922 5.28786 23.37559 7.19467
366 6.879755475E+06 2.51341 3.82685 5.28747 23.37544 7.19391
367 6.879775993E+06 2.51802 3.82444 5.28704 23.37529 7.19315
368 6.879796219E+06 2.52269 3.82199 5.28656 23.37515 7.19240
369 6.879816047E+06 2.52738 3.81952 5.28609 23.37500 7.19169
370 6.879835680E+06 2.53209 3.81706 5.28564 23.37486 7.19103
371 6.879855355E+06 2.53690 3.81457 5.28532 23.37472 7.19043
372 6.879875276E+06 2.54177 3.81208 5.28509 23.37457 7.18991
373 6.879895780E+06 2.54668 3.80954 5.28475 23.37442 7.18945
374 6.879916664E+06 2.55169 3.80693 5.28433 23.37426 7.18906
375 6.879937566E+06 2.55679 3.80426 5.28384 23.37410 7.18876
376 6.879958316E+06 2.56195 3.80155 5.28335 23.37394 7.18864
377 6.879979047E+06 2.56714 3.79884 5.28288 23.37378 7.18851
378 6.880000053E+06 2.57246 3.79606 5.28239 23.37362 7.18829
379 6.880021165E+06 2.57789 3.79323 5.28192 23.37346 7.18799
380 6.880042384E+06 2.58347 3.79037 5.28165 23.37329 7.18765
381 6.880064148E+06 2.58910 3.78746 5.28127 23.37312 7.18727
382 6.880086421E+06 2.59491 3.78443 5.28079 23.37294 7.18685
383 6.880108860E+06 2.60085 3.78133 5.28026 23.37276 7.18641
384 6.880131359E+06 2.60687 3.77819 5.27975 23.37258 7.18596
385 6.880154162E+06 2.61304 3.77497 5.27921 23.37239 7.18551
386 6.880177010E+06 2.61930 3.77170 5.27862 23.37221 7.18507
387 6.880199775E+06 2.62564 3.76837 5.27800 23.37202 7.18465
388 6.880222381E+06 2.63215 3.76500 5.27754 23.37183 7.18426
389 6.880245055E+06 2.63868 3.76163 5.27710 23.37164 7.18390
390 6.880267999E+06 2.64523 3.75822 5.27657 23.37145 7.18358
391 6.880291094E+06 2.65175 3.75482 5.27603 23.37126 7.18331
392 6.880314526E+06 2.65830 3.75141 5.27546 23.37106 7.18309
393 6.880338082E+06 2.66481 3.74799 5.27483 23.37086 7.18297
394 6.880361576E+06 2.67126 3.74460 5.27416 23.37066 7.18292
395 6.880384947E+06 2.67765 3.74123 5.27345 23.37046 7.18282
396 6.880408181E+06 2.68401 3.73786 5.27270 23.37026 7.18268
397 6.880431278E+06 2.69052 3.73445 5.27208 23.37006 7.18250
398 6.880454608E+06 2.69718 3.73097 5.27150 23.36986 7.18229
399 6.880478619E+06 2.70394 3.72744 5.27089 23.36966 7.18207
400 6.880503711E+06 2.71090 3.72379 5.27021 23.36944 7.18183
401 6.880529785E+06 2.71806 3.72002 5.26945 23.36921 7.18158
402 6.880556728E+06 2.72544 3.71612 5.26861 23.36898 7.18134
403 6.880584410E+06 2.73287 3.71218 5.26770 23.36874 7.18111
404 6.880612981E+06 2.74018 3.70828 5.26674 23.36850 7.18091
405 6.880642509E+06 2.74795 3.70414 5.26571 23.36824 7.18073
406 6.880673777E+06 2.75665 3.69952 5.26460 23.36798 7.18057
407 6.880708566E+06 2.76661 3.69422 5.26334 23.36768 7.18045
408 6.880748536E+06 2.77739 3.68847 5.26191 23.36734 7.18037
409 6.880790829E+06 2.78920 3.68217 5.26034 23.36699 7.18041
410 6.880832217E+06 2.80147 3.67564 5.25874 23.36665 7.18066
411 6.880871574E+06 2.81150 3.67024 5.25719 23.36632 7.18093
412 6.880907365E+06 2.81932 3.66596 5.25572 23.36603 7.18117
413 6.880939873E+06 2.82751 3.66151 5.25428 23.36577 7.18142
414 6.880970684E+06 2.83490 3.65746 5.25288 23.36553 7.18166
415 6.881002149E+06 2.84173 3.65368 5.25142 23.36528 7.18190
416 6.881033644E+06 2.84895 3.64968 5.24985 23.36504 7.18216
417 6.881063777E+06 2.85662 3.64544 5.24824 23.36481 7.18242
418 6.881092172E+06 2.86339 3.64167 5.24671 23.36460 7.18267
419 6.881120596E+06 2.86856 3.63872 5.24525 23.36439 7.18288
420 6.881151110E+06 2.87284 3.63624 5.24386 23.36417 7.18307
421 6.881183579E+06 2.87765 3.63344 5.24230 23.36393 7.18329
422 6.881215900E+06 2.88324 3.63023 5.24066 23.36370 7.18352
423 6.881247285E+06 2.88840 3.62725 5.23905 23.36348 7.18374
424 6.881279787E+06 2.89301 3.62452 5.23736 23.36326 7.18394
425 6.881314572E+06 2.89772 3.62169 5.23545 23.36303 7.18416
426 6.881350307E+06 2.90281 3.61864 5.23341 23.36279 7.18438
427 6.881386267E+06 2.90811 3.61544 5.23124 23.36256 7.18461
428 6.881422389E+06 2.91293 3.61250 5.22909 23.36233 7.18482
429 6.881460321E+06 2.91694 3.60994 5.22687 23.36209 7.18502
430 6.881500715E+06 2.92012 3.60777 5.22457 23.36184 7.18521
431 6.881543029E+06 2.92293 3.60576 5.22215 23.36159 7.18541
432 6.881586253E+06 2.92575 3.60377 5.21982 23.36133 7.18561
433 6.881630240E+06 2.92863 3.60176 5.21756 23.36108 7.18581
434 6.881675160E+06 2.93147 3.59980 5.21538 23.36082 7.18602
435 6.881721093E+06 2.93421 3.59794 5.21342 23.36056 7.18620
436 6.881768271E+06 2.93750 3.59626 5.21328 23.36030 7.18642
437 6.881818206E+06 2.94092 3.59471 5.21392 23.36002 7.18664
438 6.881871000E+06 2.94399 3.59323 5.21414 23.35973 7.18687
439 6.881925880E+06 2.94690 3.59180 5.21424 23.35943 7.18708
440 6.881982547E+06 2.94978 3.59040 5.21439 23.35912 7.18730
441 6.882040729E+06 2.95241 3.58905 5.21428 23.35881 7.18750
442 6.882100068E+06 2.95487 3.58775 5.21400 23.35849 7.18769
443 6.882160225E+06 2.95720 3.58649 5.21361 23.35817 7.18787
444 6.882220944E+06 2.95974 3.58524 5.21369 23.35784 7.18808
445 6.882282530E+06 2.96216 3.58403 5.21369 23.35752 7.18828
446 6.882344725E+06 2.96447 3.58287 5.21364 23.35719 7.18847
447 6.882407338E+06 2.96670 3.58174 5.21358 23.35686 7.18865
448 6.882470240E+06 2.96914 3.58062 5.21399 23.35654 7.18886
449 6.882533870E+06 2.97155 3.57953 5.21448 23.35620 7.18907
450 6.882598049E+06 2.97387 3.57849 5.21495 23.35587 7.18928
451 6.882662635E+06 2.97612 3.57749 5.21544 23.35554 7.18948
452 6.882727538E+06 2.97859 3.57650 5.21642 23.35520 7.18970
453 6.882793359E+06 2.98103 3.57554 5.21747 23.35486 7.18993
454 6.882859850E+06 2.98339 3.57462 5.21850 23.35452 7.19015
455 6.882926871E+06 2.98568 3.57374 5.21955 23.35417 7.19036
456 6.882994353E+06 2.98821 3.57286 5.22110 23.35382 7.19061
457 6.883063092E+06 2.99069 3.57201 5.22265 23.35346 7.19085
458 6.883132714E+06 2.99308 3.57119 5.22417 23.35310 7.19110
459 6.883203071E+06 2.99542 3.57041 5.22572 23.35273 7.19134
460 6.883274184E+06 2.99800 3.56962 5.22774 23.35236 7.19161
461 6.883346981E+06 3.00049 3.56887 5.22969 23.35197 7.19188
462 6.883420922E+06 3.00289 3.56815 5.23160 23.35158 7.19216
463 6.883495917E+06 3.00529 3.56745 5.23361 23.35117 7.19244
464 6.883572253E+06 3.00787 3.56674 5.23595 23.35076 7.19275
465 6.883650729E+06 3.01034 3.56607 5.23821 23.35033 7.19307
466 6.883730796E+06 3.01274 3.56543 5.24043 23.34990 7.19339
467 6.883812402E+06 3.01519 3.56479 5.24279 23.34944 7.19372
468 6.883896154E+06 3.01773 3.56417 5.24537 23.34898 7.19407
469 6.883982641E+06 3.02019 3.56356 5.24787 23.34849 7.19443
470 6.884071421E+06 3.02257 3.56299 5.25033 23.34799 7.19480
471 6.884162529E+06 3.02502 3.56242 5.25295 23.34746 7.19518
472 6.884256746E+06 3.02751 3.56186 5.25569 23.34692 7.19557
473 6.884354614E+06 3.02991 3.56132 5.25835 23.34634 7.19598
474 6.884455960E+06 3.03224 3.56081 5.26095 23.34574 7.19641
475 6.884560732E+06 3.03465 3.56030 5.26374 23.34512 7.19686
476 6.884670245E+06 3.03705 3.55980 5.26654 23.34445 7.19732
477 6.884785087E+06 3.03936 3.55933 5.26927 23.34375 7.19782
478 6.884905128E+06 3.04160 3.55887 5.27194 23.34301 7.19834
479 6.885030832E+06 3.04393 3.55842 5.27478 23.34222 7.19889
480 6.885164297E+06 3.04619 3.55799 5.27757 23.34137 7.19948
481 6.885306003E+06 3.04838 3.55757 5.28028 23.34046 7.20011
482 6.885456593E+06 3.05052 3.55717 5.28296 23.33948 7.20079
483 6.885617622E+06 3.05272 3.55677 5.28577 23.33842 7.20153
484 6.885792076E+06 3.05483 3.55639 5.28846 23.33726 7.20234
485 6.885981476E+06 3.05686 3.55603 5.29108 23.33598 7.20323
486 6.886188447E+06 3.05889 3.55568 5.29374 23.33457 7.20421
487 6.886417687E+06 3.06089 3.55534 5.29637 23.33299 7.20533
488 6.886674542E+06 3.06279 3.55501 5.29889 23.33119 7.20659
489 6.886965351E+06 3.06464 3.55471 5.30135 23.32914 7.20806
490 6.887299124E+06 3.06646 3.55441 5.30380 23.32675 7.20977
491 6.887692189E+06 3.06816 3.55414 5.30611 23.32391 7.21182
492 6.888163867E+06 3.06975 3.55388 5.30828 23.32047 7.21433
493 6.888729881E+06 3.07121 3.55365 5.31029 23.31629 7.21741
494 6.889409097E+06 3.07243 3.55347 5.31197 23.31124 7.22120
495 6.890224156E+06 3.07344 3.55331 5.31337 23.30514 7.22591
496 6.891202227E+06 3.07427 3.55319 5.31453 23.29778 7.23191
497 6.892375913E+06 3.07493 3.55309 5.31543 23.28890 7.23936
498 6.893784335E+06 3.07551 3.55300 5.31625 23.27821 7.24856
499 6.895474443E+06 3.07604 3.55291 5.31697 23.26533 7.25984
500 6.897502571E+06 3.07658 3.55282 5.31770 23.24982 7.27358
501 6.899936325E+06 3.07716 3.55273 5.31846 23.23114 7.29019
502 6.902856831E+06 3.07780 3.55262 5.31931 23.20863 7.31015
503 6.906361437E+06 3.07856 3.55248 5.32029 23.18150 7.33402
504 6.910566964E+06 3.07945 3.55232 5.32143 23.14876 7.36244
505 6.915613597E+06 3.08051 3.55213 5.32278 23.10922 7.39614
506 6.921669557E+06 3.08176 3.55190 5.32435 23.06141 7.43602
507 6.928846623E+06 3.08322 3.55162 5.32618 23.00426 7.48253
508 6.936291319E+06 3.08471 3.55134 5.32802 22.94446 7.53002
509 6.943923720E+06 3.08620 3.55106 5.32987 22.88260 7.57800
510 6.951690836E+06 3.08768 3.55077 5.33169 22.81911 7.62615
511 6.959549944E+06 3.08914 3.55049 5.33346 22.75433 7.67423
512 6.967462657E+06 3.09056 3.55020 5.33518 22.68856 7.72204
513 6.975423482E+06 3.09195 3.54993 5.33685 22.62187 7.76956
514 6.983454440E+06 3.09331 3.54965 5.33848 22.55407 7.81697
515 6.991564141E+06 3.09465 3.54938 5.34006 22.48509 7.86432
516 6.999732612E+06 3.09596 3.54911 5.34159 22.41510 7.91143
517 7.007925110E+06 3.09721 3.54885 5.34305 22.34443 7.95798
518 7.016101267E+06 3.09841 3.54859 5.34442 22.27344 8.00372
519 7.024261951E+06 3.09955 3.54834 5.34571 22.20215 8.04865
520 7.032440764E+06 3.10065 3.54810 5.34694 22.13030 8.09299
521 7.040682742E+06 3.10172 3.54786 5.34812 22.05749 8.13695
522 7.048992412E+06 3.10276 3.54762 5.34925 21.98371 8.18058
523 7.057355518E+06 3.10377 3.54739 5.35033 21.90908 8.22379
524 7.065737195E+06 3.10472 3.54716 5.35132 21.83396 8.26638
525 7.074088805E+06 3.10560 3.54694 5.35222 21.75880 8.30812
526 7.082402404E+06 3.10643 3.54674 5.35305 21.68371 8.34898
527 7.090732330E+06 3.10722 3.54653 5.35382 21.60823 8.38925
528 7.099125499E+06 3.10799 3.54633 5.35454 21.53194 8.42918
529 7.107602714E+06 3.10873 3.54613 5.35523 21.45467 8.46887
530 7.116151029E+06 3.10945 3.54593 5.35587 21.37655 8.50827
531 7.124730805E+06 3.11012 3.54574 5.35645 21.29797 8.54723
532 7.133298591E+06 3.11072 3.54556 5.35693 21.21936 8.58554
533 7.141820429E+06 3.11128 3.54539 5.35735 21.14105 8.62257
534 7.150363936E+06 3.11180 3.54522 5.35772 21.06246 8.65881
535 7.158992743E+06 3.11231 3.54505 5.35807 20.98301 8.69454
536 7.167724552E+06 3.11281 3.54488 5.35839 20.90253 8.72984
537 7.176554654E+06 3.11328 3.54472 5.35867 20.82110 8.76469
538 7.185442895E+06 3.11373 3.54455 5.35891 20.73909 8.79895
539 7.194338164E+06 3.11412 3.54440 5.35909 20.65702 8.83241
540 7.203200734E+06 3.11447 3.54425 5.35919 20.57527 8.86496
541 7.212053175E+06 3.11479 3.54411 5.35927 20.49365 8.89673
542 7.220949576E+06 3.11511 3.54397 5.35933 20.41167 8.92796
543 7.229926058E+06 3.11543 3.54382 5.35939 20.32900 8.95883
544 7.239004966E+06 3.11574 3.54368 5.35945 20.24543 8.98947
545 7.248158728E+06 3.11605 3.54354 5.35949 20.16124 9.01983
546 7.257335281E+06 3.11633 3.54340 5.35950 20.07690 9.04947
547 7.266472202E+06 3.11659 3.54326 5.35948 19.99300 9.07767
548 7.275534999E+06 3.11684 3.54313 5.35944 19.90988 9.10473
549 7.284567861E+06 3.11708 3.54300 5.35942 19.82712 9.13085
550 7.293625627E+06 3.11735 3.54287 5.35942 19.74420 9.15624
551 7.302751209E+06 3.11764 3.54273 5.35945 19.66071 9.18108
552 7.311940334E+06 3.11795 3.54259 5.35950 19.57670 9.20541
553 7.321149338E+06 3.11827 3.54245 5.35957 19.49254 9.22920
554 7.330306474E+06 3.11859 3.54231 5.35965 19.40889 9.25233
555 7.339335923E+06 3.11891 3.54217 5.35975 19.32644 9.27476
556 7.348161724E+06 3.11925 3.54203 5.35987 19.24586 9.29644
557 7.356774415E+06 3.11960 3.54189 5.36003 19.16721 9.31733
558 7.365191570E+06 3.11998 3.54176 5.36022 19.09034 9.33634
559 7.373441783E+06 3.12038 3.54162 5.36047 19.01494 9.35433
560 7.381613636E+06 3.12082 3.54147 5.36076 18.94020 9.37158
561 7.389665502E+06 3.12128 3.54133 5.36110 18.86647 9.38808
562 7.397572766E+06 3.12176 3.54118 5.36148 18.79398 9.40387
563 7.405323067E+06 3.12226 3.54103 5.36189 18.72281 9.41901
564 7.412895217E+06 3.12279 3.54088 5.36235 18.65316 9.43356
565 7.420271641E+06 3.12333 3.54073 5.36283 18.58517 9.44760
566 7.427439870E+06 3.12389 3.54059 5.36336 18.51895 9.46120
567 7.434392358E+06 3.12447 3.54044 5.36392 18.45457 9.47447
568 7.441139885E+06 3.12508 3.54028 5.36454 18.39192 9.48739
569 7.447685674E+06 3.12571 3.54013 5.36519 18.33095 9.49885
570 7.454044068E+06 3.12636 3.53998 5.36588 18.27154 9.50966
571 7.460282812E+06 3.12703 3.53982 5.36661 18.21305 9.51998
572 7.466372129E+06 3.12773 3.53967 5.36738 18.15575 9.52984
573 7.472301817E+06 3.12845 3.53951 5.36818 18.09974 9.53927
574 7.478075499E+06 3.12918 3.53935 5.36901 18.04498 9.54835
575 7.483689433E+06 3.12993 3.53920 5.36988 17.99150 9.55714
576 7.489141407E+06 3.13069 3.53904 5.37077 17.93934 9.56568
577 7.494429462E+06 3.13147 3.53888 5.37170 17.88850 9.57404
578 7.499551141E+06 3.13227 3.53872 5.37266 17.83903 9.58229
579 7.504514769E+06 3.13308 3.53856 5.37365 17.79084 9.59051
580 7.509312506E+06 3.13391 3.53840 5.37466 17.74401 9.59850
581 7.513940743E+06 3.13475 3.53824 5.37571 17.69860 9.60550
582 7.518410986E+06 3.13561 3.53808 5.37677 17.65449 9.61210
583 7.522758166E+06 3.13648 3.53792 5.37787 17.61135 9.61841
584 7.526957802E+06 3.13736 3.53776 5.37899 17.56942 9.62443
585 7.531012069E+06 3.13826 3.53759 5.38014 17.52870 9.63020
586 7.534919373E+06 3.13918 3.53743 5.38132 17.48920 9.63574
587 7.538683329E+06 3.14011 3.53727 5.38253 17.45090 9.64111
588 7.542304988E+06 3.14105 3.53710 5.38376 17.41381 9.64634
589 7.545785696E+06 3.14201 3.53694 5.38502 17.37791 9.65147
590 7.549127575E+06 3.14299 3.53677 5.38631 17.34320 9.65655
591 7.552333465E+06 3.14398 3.53661 5.38762 17.30967 9.66163
592 7.555405473E+06 3.14498 3.53644 5.38895 17.27729 9.66675
593 7.558349764E+06 3.14599 3.53627 5.39031 17.24603 9.67172
594 7.561167116E+06 3.14702 3.53610 5.39169 17.21589 9.67597
595 7.563866818E+06 3.14806 3.53593 5.39309 17.18678 9.67998
596 7.566467078E+06 3.14912 3.53576 5.39452 17.15851 9.68379
597 7.568953177E+06 3.15020 3.53559 5.39599 17.13126 9.68741
598 7.571326732E+06 3.15130 3.53541 5.39748 17.10502 9.69087
599 7.573588382E+06 3.15241 3.53523 5.39899 17.07980 9.69418
600 7.575741910E+06 3.15354 3.53505 5.40053 17.05558 9.69739
601 7.577788812E+06 3.15467 3.53487 5.40208 17.03235 9.70051
602 7.579732455E+06 3.15582 3.53469 5.40366 17.01009 9.70354
603 7.581575759E+06 3.15699 3.53451 5.40525 16.98878 9.70649
604 7.583319406E+06 3.15816 3.53432 5.40687 16.96844 9.70936
605 7.584965595E+06 3.15936 3.53414 5.40850 16.94905 9.71224
606 7.586515327E+06 3.16057 3.53395 5.41017 16.93062 9.71518
607 7.587967948E+06 3.16181 3.53375 5.41187 16.91317 9.71748
608 7.589324573E+06 3.16306 3.53356 5.41360 16.89670 9.71953
609 7.590599888E+06 3.16435 3.53336 5.41536 16.88106 9.72138
610 7.591785677E+06 3.16565 3.53315 5.41715 16.86637 9.72306
611 7.592883537E+06 3.16696 3.53295 5.41895 16.85261 9.72456
612 7.593894526E+06 3.16828 3.53274 5.42077 16.83981 9.72593
613 7.594819506E+06 3.16961 3.53253 5.42260 16.82797 9.72719
614 7.595659241E+06 3.17095 3.53232 5.42444 16.81710 9.72837
615 7.596414881E+06 3.17230 3.53211 5.42627 16.80721 9.72949
616 7.597087327E+06 3.17364 3.53189 5.42810 16.79831 9.73060
617 7.597678508E+06 3.17497 3.53168 5.42990 16.79040 9.73174
618 7.598191804E+06 3.17627 3.53147 5.43165 16.78346 9.73258
619 7.598633084E+06 3.17753 3.53126 5.43334 16.77743 9.73303
620 7.599010646E+06 3.17874 3.53106 5.43496 16.77222 9.73328
621 7.599328296E+06 3.17989 3.53086 5.43648 16.76779 9.73337
622 7.599590104E+06 3.18096 3.53067 5.43786 16.76412 9.73337
623 7.599803509E+06 3.18194 3.53050 5.43909 16.76110 9.73334
624 7.599975293E+06 3.18280 3.53033 5.44017 16.75865 9.73334
625 7.600111947E+06 3.18356 3.53018 5.44106 16.75670 9.73344
626 7.600218604E+06 3.18418 3.53004 5.44178 16.75517 9.73347
627 7.600311098E+06 3.18472 3.52993 5.44240 16.75383 9.73329
628 7.600402890E+06 3.18528 3.52981 5.44305 16.75250 9.73305
629 7.600494436E+06 3.18589 3.52969 5.44377 16.75117 9.73281
630 7.600584844E+06 3.18653 3.52956 5.44454 16.74985 9.73260
631 7.600674278E+06 3.18723 3.52942 5.44541 16.74854 9.73247
632 7.600762559E+06 3.18799 3.52928 5.44636 16.74724 9.73244
633 7.600849827E+06 3.18882 3.52913 5.44741 16.74594 9.73253
634 7.600936095E+06 3.18970 3.52898 5.44857 16.74465 9.73237
635 7.601021556E+06 3.19063 3.52882 5.44979 16.74336 9.73220
636 7.601107693E+06 3.19162 3.52866 5.45112 16.74205 9.73204
637 7.601193484E+06 3.19264 3.52850 5.45251 16.74073 9.73191
638 7.601279205E+06 3.19368 3.52833 5.45394 16.73941 9.73183
639 7.601364974E+06 3.19475 3.52816 5.45541 16.73806 9.73181
640 7.601450861E+06 3.19584 3.52800 5.45692 16.73671 9.73186
641 7.601536953E+06 3.19695 3.52783 5.45847 16.73534 9.73188
642 7.601623301E+06 3.19807 3.52767 5.46005 16.73394 9.73179
643 7.601710398E+06 3.19920 3.52750 5.46166 16.73253 9.73171
644 7.601798218E+06 3.20034 3.52734 5.46329 16.73108 9.73165
645 7.601886253E+06 3.20148 3.52718 5.46493 16.72962 9.73161
646 7.601974326E+06 3.20263 3.52702 5.46658 16.72814 9.73160
647 7.602062331E+06 3.20378 3.52687 5.46826 16.72664 9.73163
648 7.602150234E+06 3.20493 3.52671 5.46994 16.72512 9.73169
649 7.602238232E+06 3.20607 3.52656 5.47162 16.72359 9.73175
650 7.602326356E+06 3.20721 3.52641 5.47331 16.72204 9.73174
651 7.602414754E+06 3.20834 3.52627 5.47499 16.72047 9.73173
652 7.602503588E+06 3.20946 3.52612 5.47667 16.71887 9.73174
653 7.602592779E+06 3.21058 3.52598 5.47835 16.71724 9.73176
654 7.602682435E+06 3.21169 3.52585 5.48002 16.71559 9.73180
655 7.602772650E+06 3.21280 3.52571 5.48168 16.71390 9.73185
656 7.602863526E+06 3.21389 3.52558 5.48333 16.71219 9.73193
657 7.602955131E+06 3.21496 3.52545 5.48497 16.71044 9.73202
658 7.603047569E+06 3.21603 3.52532 5.48659 16.70865 9.73212
659 7.603140900E+06 3.21709 3.52520 5.48821 16.70683 9.73219
660 7.603235310E+06 3.21814 3.52507 5.48981 16.70496 9.73227
661 7.603330999E+06 3.21916 3.52495 5.49139 16.70305 9.73236
662 7.603427811E+06 3.22017 3.52484 5.49294 16.70109 9.73246
663 7.603525732E+06 3.22115 3.52473 5.49445 16.69909 9.73257
664 7.603624763E+06 3.22211 3.52462 5.49592 16.69704 9.73269
665 7.603724834E+06 3.22303 3.52451 5.49736 16.69496 9.73282
666 7.603826017E+06 3.22393 3.52441 5.49876 16.69282 9.73296
667 7.603928300E+06 3.22481 3.52431 5.50011 16.69064 9.73312
668 7.604031651E+06 3.22565 3.52422 5.50143 16.68842 9.73328
669 7.604136018E+06 3.22648 3.52413 5.50272 16.68615 9.73346
670 7.604241432E+06 3.22729 3.52404 5.50398 16.68384 9.73363
671 7.604347951E+06 3.22808 3.52395 5.50521 16.68149 9.73382
672 7.604455582E+06 3.22885 3.52387 5.50642 16.67909 9.73401
673 7.604564182E+06 3.22959 3.52379 5.50759 16.67664 9.73420
674 7.604673908E+06 3.23031 3.52371 5.50871 16.67415 9.73441
675 7.604784853E+06 3.23099 3.52364 5.50980 16.67161 9.73463
676 7.604897073E+06 3.23165 3.52357 5.51084 16.66902 9.73486
677 7.605010683E+06 3.23229 3.52351 5.51184 16.66638 9.73510
678 7.605125661E+06 3.23288 3.52344 5.51279 16.66369 9.73538
679 7.605242192E+06 3.23345 3.52339 5.51368 16.66094 9.73568
680 7.605360424E+06 3.23396 3.52333 5.51451 16.65814 9.73598
681 7.605480307E+06 3.23443 3.52329 5.51525 16.65528 9.73631
682 7.605601554E+06 3.23483 3.52325 5.51590 16.65238 9.73664
683 7.605723894E+06 3.23517 3.52322 5.51644 16.64943 9.73699
684 7.605847274E+06 3.23542 3.52319 5.51686 16.64645 9.73736
685 7.605970842E+06 3.23560 3.52318 5.51715 16.64346 9.73774
686 7.606093714E+06 3.23570 3.52317 5.51734 16.64048 9.73813
687 7.606214791E+06 3.23571 3.52318 5.51737 16.63755 9.73856
688 7.606333462E+06 3.23564 3.52319 5.51728 16.63467 9.73902
689 7.606448826E+06 3.23548 3.52321 5.51705 16.63188 9.73946
690 7.606561431E+06 3.23524 3.52324 5.51669 16.62917 9.73990
691 7.606670665E+06 3.23494 3.52328 5.51623 16.62654 9.74032
692 7.606776646E+06 3.23457 3.52332 5.51567 16.62400 9.74074
693 7.606879543E+06 3.23417 3.52337 5.51507 16.62155 9.74114
694 7.606979514E+06 3.23373 3.52342 5.51439 16.61918 9.74156
695 7.607076357E+06 3.23327 3.52348 5.51368 16.61690 9.74199
696 7.607170470E+06 3.23279 3.52353 5.51295 16.61469 9.74242
697 7.607261601E+06 3.23229 3.52359 5.51219 16.61257 9.74282
698 7.607349896E+06 3.23179 3.52365 5.51143 16.61052 9.74319
699 7.607435364E+06 3.23128 3.52371 5.51065 16.60855 9.74355
700 7.607517918E+06 3.23079 3.52377 5.50990 16.60666 9.74392
701 7.607597688E+06 3.23031 3.52383 5.50917 16.60484 9.74431
702 7.607674498E+06 3.22982 3.52389 5.50845 16.60310 9.74466
703 7.607748522E+06 3.22937 3.52394 5.50775 16.60142 9.74498
704 7.607820271E+06 3.22892 3.52400 5.50708 16.59981 9.74528
705 7.607889270E+06 3.22850 3.52405 5.50646 16.59827 9.74558
706 7.607955438E+06 3.22812 3.52410 5.50589 16.59680 9.74590
707 7.608018374E+06 3.22773 3.52415 5.50532 16.59540 9.74624
708 7.608078540E+06 3.22734 3.52420 5.50475 16.59408 9.74649
709 7.608136195E+06 3.22697 3.52425 5.50420 16.59281 9.74672
710 7.608191629E+06 3.22662 3.52430 5.50368 16.59159 9.74696
711 7.608244507E+06 3.22628 3.52435 5.50319 16.59044 9.74721
712 7.608294762E+06 3.22596 3.52439 5.50273 16.58935 9.74752
713 7.608342408E+06 3.22566 3.52444 5.50231 16.58831 9.74774
714 7.608387497E+06 3.22538 3.52448 5.50191 16.58734 9.74792
715 7.608430359E+06 3.22511 3.52452 5.50154 16.58641 9.74810
716 7.608470908E+06 3.22486 3.52456 5.50119 16.58554 9.74831
717 7.608509127E+06 3.22463 3.52459 5.50087 16.58472 9.74856
718 7.608545070E+06 3.22441 3.52463 5.50057 16.58395 9.74881
719 7.608578737E+06 3.22420 3.52466 5.50030 16.58323 9.74894
720 7.608610320E+06 3.22400 3.52470 5.50004 16.58256 9.74908
721 7.608640020E+06 3.22381 3.52473 5.49979 16.58193 9.74925
722 7.608667785E+06 3.22364 3.52476 5.49956 16.58133 9.74946
723 7.608693733E+06 3.22346 3.52479 5.49935 16.58078 9.74974
724 7.608717984E+06 3.22330 3.52483 5.49914 16.58027 9.74985
725 7.608740617E+06 3.22316 3.52485 5.49897 16.57979 9.74996
726 7.608761936E+06 3.22302 3.52488 5.49881 16.57934 9.75009
727 7.608781840E+06 3.22288 3.52491 5.49865 16.57892 9.75025
728 7.608800399E+06 3.22275 3.52494 5.49849 16.57853 9.75046
729 7.608817695E+06 3.22262 3.52497 5.49835 16.57816 9.75071
730 7.608833805E+06 3.22249 3.52500 5.49821 16.57782 9.75079
731 7.608848822E+06 3.22236 3.52502 5.49807 16.57750 9.75088
732 7.608862899E+06 3.22224 3.52505 5.49793 16.57721 9.75099
733 7.608876002E+06 3.22211 3.52508 5.49779 16.57693 9.75115
734 7.608888198E+06 3.22199 3.52511 5.49765 16.57668 9.75135
735 7.608899549E+06 3.22186 3.52514 5.49751 16.57644 9.75161
736 7.608910116E+06 3.22173 3.52517 5.49737 16.57622 9.75167
737 7.608919960E+06 3.22160 3.52520 5.49722 16.57601 9.75175
738 7.608929204E+06 3.22148 3.52522 5.49710 16.57582 9.75186
739 7.608937830E+06 3.22136 3.52525 5.49698 16.57564 9.75201
740 7.608945875E+06 3.22124 3.52528 5.49685 16.57547 9.75221
741 7.608953382E+06 3.22111 3.52531 5.49671 16.57531 9.75247
742 7.608960387E+06 3.22098 3.52534 5.49657 16.57517 9.75254
743 7.608966927E+06 3.22085 3.52537 5.49642 16.57503 9.75261
744 7.608973077E+06 3.22072 3.52540 5.49627 16.57490 9.75272
745 7.608978828E+06 3.22058 3.52543 5.49611 16.57478 9.75286
746 7.608984200E+06 3.22044 3.52546 5.49595 16.57467 9.75306
747 7.608989216E+06 3.22031 3.52549 5.49580 16.57457 9.75333
748 7.608993896E+06 3.22017 3.52552 5.49565 16.57447 9.75340
749 7.608998258E+06 3.22004 3.52555 5.49550 16.57438 9.75346
750 7.609002341E+06 3.21991 3.52557 5.49536 16.57429 9.75355
751 7.609006134E+06 3.21980 3.52560 5.49525 16.57422 9.75368
752 7.609009659E+06 3.21970 3.52563 5.49515 16.57414 9.75385
753 7.609012938E+06 3.21960 3.52565 5.49505 16.57408 9.75407
754 7.609015992E+06 3.21950 3.52568 5.49494 16.57401 9.75424
755 7.609018843E+06 3.21940 3.52570 5.49483 16.57395 9.75429
756 7.609021515E+06 3.21929 3.52572 5.49471 16.57390 9.75435
757 7.609024027E+06 3.21918 3.52575 5.49459 16.57385 9.75445
758 7.609026387E+06 3.21907 3.52577 5.49447 16.57380 9.75460
759 7.609028608E+06 3.21896 3.52579 5.49433 16.57375 9.75479
760 7.609030703E+06 3.21884 3.52582 5.49419 16.57371 9.75504
761 7.609032683E+06 3.21872 3.52584 5.49405 16.57367 9.75512
762 7.609034560E+06 3.21860 3.52586 5.49390 16.57363 9.75517
763 7.609036353E+06 3.21848 3.52588 5.49374 16.57359 9.75525
764 7.609038063E+06 3.21836 3.52591 5.49358 16.57356 9.75537
765 7.609039696E+06 3.21824 3.52593 5.49344 16.57353 9.75554
766 7.609041258E+06 3.21813 3.52595 5.49329 16.57349 9.75577
767 7.609042741E+06 3.21802 3.52596 5.49314 16.57346 9.75596
768 7.609044138E+06 3.21791 3.52598 5.49298 16.57343 9.75600
769 7.609045442E+06 3.21780 3.52600 5.49283 16.57341 9.75606
770 7.609046646E+06 3.21769 3.52601 5.49268 16.57338 9.75616
771 7.609047740E+06 3.21759 3.52603 5.49254 16.57336 9.75630
772 7.609048724E+06 3.21750 3.52604 5.49240 16.57334 9.75648
773 7.609049609E+06 3.21741 3.52605 5.49228 16.57332 9.75671
774 7.609050407E+06 3.21734 3.52606 5.49216 16.57331 9.75682
775 7.609051128E+06 3.21726 3.52607 5.49204 16.57329 9.75685
776 7.609051784E+06 3.21719 3.52608 5.49193 16.57328 9.75691
777 7.609052381E+06 3.21713 3.52608 5.49181 16.57327 9.75699
778 7.609052926E+06 3.21707 3.52608 5.49171 16.57326 9.75711
779 7.609053429E+06 3.21702 3.52608 5.49163 16.57325 9.75726
780 7.609053894E+06 3.21698 3.52608 5.49154 16.57324 9.75745
781 7.609054326E+06 3.21694 3.52608 5.49145 16.57323 9.75767
782 7.609054728E+06 3.21690 3.52608 5.49136 16.57322 9.75769
783 7.609055102E+06 3.21687 3.52607 5.49127 16.57321 9.75772
