1 3.600948000E+03 0.83259 4.57893 4.93413 25.99957 0.00002
2 6.455538630E+03 0.83241 4.57911 4.93452 25.99924 0.00002
3 9.881047386E+03 0.83221 4.57924 4.93464 25.99883 0.00002
4 1.399165789E+04 0.83207 4.57934 4.93473 25.99834 0.00002
5 1.892439050E+04 0.83201 4.57940 4.93486 25.99775 0.00002
6 2.484366963E+04 0.83202 4.57944 4.93503 25.99705 0.00002
7 3.194680459E+04 0.83210 4.57946 4.93527 25.99620 0.00002
8 4.047056654E+04 0.83226 4.57945 4.93556 25.99518 0.00002
9 5.069908087E+04 0.83250 4.57942 4.93591 25.99396 0.00002
10 6.297329808E+04 0.83282 4.57936 4.93635 25.99249 0.00002
11 7.770235872E+04 0.83325 4.57928 4.93687 25.99072 0.00002
12 9.537723150E+04 0.83379 4.57917 4.93750 25.98859 0.00002
13 1.165870788E+05 0.83445 4.57903 4.93826 25.98603 0.00002
14 1.420388956E+05 0.83526 4.57885 4.93917 25.98294 0.00002
15 1.725810758E+05 0.83623 4.57864 4.94027 25.97921 0.00002
16 2.092316920E+05 0.83739 4.57839 4.94159 25.97471 0.00002
17 2.532124314E+05 0.83878 4.57810 4.94319 25.96927 0.00002
18 3.059893187E+05 0.84043 4.57776 4.94513 25.96268 0.00002
19 3.693215835E+05 0.84239 4.57736 4.94746 25.95469 0.00002
20 4.453203012E+05 0.84474 4.57689 4.95028 25.94498 0.00002
21 5.365187624E+05 0.84753 4.57635 4.95371 25.93313 0.00002
22 6.459569160E+05 0.85088 4.57571 4.95786 25.91864 0.00002
23 7.599212583E+05 0.85438 4.57506 4.96223 25.90323 0.00002
24 8.738262022E+05 0.85791 4.57440 4.96665 25.88750 0.00002
25 9.872253006E+05 0.86146 4.57373 4.97108 25.87152 0.00002
26 1.099662659E+06 0.86504 4.57305 4.97551 25.85534 0.00002
27 1.210716367E+06 0.86863 4.57235 4.97992 25.83902 0.00002
28 1.320558758E+06 0.87223 4.57165 4.98433 25.82255 0.00002
29 1.429360449E+06 0.87586 4.57095 4.98875 25.80590 0.00002
30 1.537031087E+06 0.87950 4.57023 4.99317 25.78907 0.00002
31 1.643459022E+06 0.88317 4.56950 4.99758 25.77210 0.00002
32 1.748543676E+06 0.88687 4.56875 5.00199 25.75500 0.00002
33 1.852160837E+06 0.89058 4.56799 5.00637 25.73780 0.00002
34 1.954185318E+06 0.89432 4.56721 5.01073 25.72052 0.00002
35 2.054463508E+06 0.89810 4.56641 5.01507 25.70320 0.00002
36 2.152695307E+06 0.90191 4.56557 5.01936 25.68590 0.00002
37 2.248600402E+06 0.90573 4.56472 5.02358 25.66869 0.00001
38 2.342373809E+06 0.90956 4.56384 5.02774 25.65156 0.00001
39 2.434475855E+06 0.91340 4.56296 5.03187 25.63442 0.00001
40 2.525000000E+06 0.91727 4.56205 5.03598 25.61727 0.00001
41 2.613955561E+06 0.92116 4.56112 5.04005 25.60012 0.00001
42 2.701337816E+06 0.92507 4.56018 5.04409 25.58297 0.00001
43 2.787155890E+06 0.92900 4.55922 5.04810 25.56585 0.00001
44 2.871413719E+06 0.93295 4.55823 5.05207 25.54876 0.00001
45 2.954122584E+06 0.93693 4.55722 5.05601 25.53170 0.00001
46 3.035276444E+06 0.94094 4.55619 5.05990 25.51469 0.00001
47 3.114856081E+06 0.94497 4.55514 5.06374 25.49775 0.00001
48 3.192795537E+06 0.94903 4.55406 5.06752 25.48091 0.00001
49 3.268985147E+06 0.95310 4.55294 5.07122 25.46421 0.00001
50 3.343449797E+06 0.95719 4.55182 5.07488 25.44766 0.00001
51 3.416502671E+06 0.96129 4.55067 5.07850 25.43119 0.00001
52 3.488250459E+06 0.96542 4.54950 5.08208 25.41480 0.00001
53 3.558713209E+06 0.96957 4.54831 5.08564 25.39849 0.00001
54 3.627892247E+06 0.97375 4.54711 5.08916 25.38227 0.00002
55 3.695808534E+06 0.97795 4.54588 5.09265 25.36616 0.00002
56 3.762485648E+06 0.98219 4.54462 5.09612 25.35014 0.00002
57 3.827865069E+06 0.98648 4.54335 5.09958 25.33425 0.00002
58 3.891766907E+06 0.99077 4.54205 5.10298 25.31854 0.00002
59 3.954453616E+06 0.99509 4.54073 5.10635 25.30295 0.00002
60 4.015944558E+06 0.99944 4.53939 5.10968 25.28751 0.00002
61 4.076214427E+06 1.00380 4.53802 5.11295 25.27221 0.00002
62 4.135227341E+06 1.00820 4.53663 5.11616 25.25710 0.00002
63 4.192932709E+06 1.01260 4.53522 5.11932 25.24218 0.00002
64 4.249489593E+06 1.01702 4.53379 5.12244 25.22744 0.00002
65 4.305036859E+06 1.02146 4.53234 5.12553 25.21284 0.00002
66 4.359611220E+06 1.02593 4.53087 5.12859 25.19838 0.00002
67 4.413233898E+06 1.03042 4.52938 5.13162 25.18407 0.00002
68 4.465910822E+06 1.03494 4.52787 5.13462 25.16991 0.00002
69 4.517645316E+06 1.03948 4.52635 5.13760 25.15591 0.00002
70 4.568515038E+06 1.04405 4.52480 5.14054 25.14205 0.00002
71 4.618491073E+06 1.04863 4.52324 5.14345 25.12836 0.00002
72 4.667566922E+06 1.05324 4.52165 5.14634 25.11484 0.00002
73 4.715772099E+06 1.05788 4.52005 5.14918 25.10149 0.00002
74 4.763109449E+06 1.06253 4.51842 5.15199 25.08833 0.00002
75 4.809574133E+06 1.06722 4.51677 5.15476 25.07535 0.00002
76 4.855056438E+06 1.07198 4.51508 5.15751 25.06260 0.00002
77 4.899346466E+06 1.07670 4.51339 5.16020 25.05015 0.00003
78 4.942773078E+06 1.08144 4.51168 5.16285 25.03790 0.00003
79 4.985464380E+06 1.08620 4.50996 5.16548 25.02584 0.00003
80 5.027450251E+06 1.09098 4.50822 5.16809 25.01395 0.00003
81 5.068742395E+06 1.09579 4.50646 5.17067 25.00224 0.00003
82 5.109354062E+06 1.10062 4.50468 5.17323 24.99071 0.00003
83 5.149297102E+06 1.10548 4.50290 5.17579 24.97936 0.00003
84 5.188860012E+06 1.11039 4.50109 5.17837 24.96811 0.00003
85 5.227954492E+06 1.11535 4.49925 5.18095 24.95699 0.00003
86 5.266439584E+06 1.12034 4.49739 5.18350 24.94605 0.00003
87 5.304266362E+06 1.12536 4.49551 5.18602 24.93530 0.00003
88 5.341445791E+06 1.13040 4.49362 5.18851 24.92475 0.00003
89 5.377982206E+06 1.13546 4.49170 5.19095 24.91440 0.00003
90 5.413854612E+06 1.14052 4.48976 5.19333 24.90426 0.00004
91 5.448977692E+06 1.14557 4.48781 5.19563 24.89437 0.00004
92 5.483314954E+06 1.15060 4.48586 5.19789 24.88473 0.00004
93 5.517050053E+06 1.15571 4.48387 5.20016 24.87530 0.00004
94 5.550014282E+06 1.16085 4.48187 5.20241 24.86613 0.00004
95 5.582257255E+06 1.16600 4.47986 5.20467 24.85720 0.00004
96 5.614196729E+06 1.17122 4.47782 5.20695 24.84839 0.00004
97 5.645758088E+06 1.17648 4.47576 5.20923 24.83974 0.00004
98 5.676842455E+06 1.18178 4.47367 5.21149 24.83127 0.00005
99 5.707459089E+06 1.18709 4.47157 5.21373 24.82298 0.00005
100 5.737589457E+06 1.19244 4.46946 5.21594 24.81488 0.00005
101 5.767225805E+06 1.19780 4.46732 5.21813 24.80697 0.00005
102 5.796371837E+06 1.20318 4.46517 5.22029 24.79925 0.00005
103 5.825033632E+06 1.20857 4.46301 5.22242 24.79173 0.00006
104 5.853223428E+06 1.21397 4.46083 5.22451 24.78440 0.00006
105 5.880952812E+06 1.21935 4.45865 5.22655 24.77725 0.00006
106 5.908197024E+06 1.22471 4.45647 5.22853 24.77030 0.00006
107 5.934940349E+06 1.23003 4.45429 5.23048 24.76355 0.00007
108 5.961317043E+06 1.23537 4.45211 5.23241 24.75697 0.00007
109 5.987348036E+06 1.24073 4.44991 5.23433 24.75054 0.00007
110 6.013024733E+06 1.24619 4.44767 5.23628 24.74428 0.00008
111 6.038193007E+06 1.25176 4.44538 5.23827 24.73822 0.00008
112 6.062756833E+06 1.25732 4.44309 5.24024 24.73238 0.00008
113 6.086915641E+06 1.26290 4.44079 5.24219 24.72671 0.00009
114 6.110717624E+06 1.26850 4.43847 5.24411 24.72059 0.00009
115 6.134093672E+06 1.27412 4.43613 5.24598 24.71303 0.00010
116 6.156979169E+06 1.27970 4.43378 5.24779 24.70410 8.93285
117 6.179430138E+06 1.28426 4.43192 5.24946 24.69413 8.93821
118 6.190655623E+06 1.28651 4.43097 5.25013 24.68884 8.94739
119 6.204126204E+06 1.28960 4.42966 5.25107 24.68198 8.94400
120 6.220290902E+06 1.29343 4.42803 5.25223 24.67299 8.93534
121 6.239688539E+06 1.29811 4.42604 5.25363 24.66109 8.92362
122 6.262965704E+06 1.30381 4.42361 5.25531 24.64516 8.90915
123 6.286591309E+06 1.30977 4.42106 5.25704 24.62723 8.90212
124 6.309663770E+06 1.31588 4.41844 5.25878 24.60795 8.90175
125 6.331826810E+06 1.32198 4.41582 5.26048 24.58772 8.90311
126 6.353182249E+06 1.32797 4.41324 5.26213 24.56660 8.90372
127 6.373963494E+06 1.33387 4.41069 5.26374 24.54448 8.90287
128 6.394228703E+06 1.33967 4.40818 5.26531 24.52139 8.90048
129 6.414025249E+06 1.34534 4.40574 5.26686 24.49739 8.89659
130 6.433400622E+06 1.35082 4.40338 5.26839 24.47251 8.89121
131 6.452410115E+06 1.35606 4.40114 5.26991 24.44680 8.88439
132 6.471095319E+06 1.36094 4.39908 5.27145 24.42032 8.87702
133 6.489487835E+06 1.36541 4.39724 5.27301 24.39316 8.87108
134 6.507412665E+06 1.36930 4.39570 5.27462 24.36573 8.86663
135 6.524270466E+06 1.37227 4.39462 5.27624 24.33922 8.86300
136 6.539571969E+06 1.37404 4.39413 5.27785 24.31474 8.85999
137 6.552504421E+06 1.37453 4.39427 5.27938 24.29390 8.85762
138 6.562830853E+06 1.37399 4.39489 5.28079 24.27730 8.85577
139 6.570733351E+06 1.37263 4.39589 5.28205 24.26471 8.85451
140 6.576777357E+06 1.37079 4.39708 5.28316 24.25522 8.85430
141 6.581557949E+06 1.36865 4.39841 5.28419 24.24783 8.85466
142 6.585427009E+06 1.36632 4.39982 5.28515 24.24197 8.85530
143 6.588618815E+06 1.36385 4.40128 5.28607 24.23725 8.85616
144 6.591288249E+06 1.36130 4.40278 5.28698 24.23338 8.85718
145 6.593544381E+06 1.35870 4.40431 5.28787 24.23020 8.85831
146 6.595466135E+06 1.35607 4.40584 5.28876 24.22757 8.85954
147 6.597113180E+06 1.35344 4.40738 5.28966 24.22537 8.86083
148 6.598532612E+06 1.35080 4.40893 5.29057 24.22353 8.86214
149 6.599757652E+06 1.34818 4.41047 5.29148 24.22199 8.86346
150 6.600822671E+06 1.34561 4.41199 5.29241 24.22070 8.86480
151 6.601754584E+06 1.34310 4.41348 5.29336 24.21961 8.86615
152 6.602572182E+06 1.34064 4.41495 5.29434 24.21868 8.86749
153 6.603290505E+06 1.33826 4.41639 5.29533 24.21790 8.86881
154 6.603922198E+06 1.33596 4.41780 5.29635 24.21723 8.87010
155 6.604477710E+06 1.33374 4.41917 5.29739 24.21667 8.87128
156 6.604966504E+06 1.33161 4.42050 5.29845 24.21619 8.87235
157 6.605396398E+06 1.32957 4.42179 5.29952 24.21578 8.87333
158 6.605774056E+06 1.32758 4.42305 5.30062 24.21544 8.87420
159 6.606104275E+06 1.32570 4.42427 5.30172 24.21516 8.87497
160 6.606394113E+06 1.32392 4.42544 5.30284 24.21492 8.87564
161 6.606648682E+06 1.32223 4.42657 5.30396 24.21472 8.87622
162 6.606872220E+06 1.32063 4.42765 5.30510 24.21455 8.87669
163 6.607068557E+06 1.31912 4.42869 5.30623 24.21440 8.87698
164 6.607241273E+06 1.31769 4.42968 5.30736 24.21428 8.87711
165 6.607393362E+06 1.31634 4.43064 5.30848 24.21418 8.87698
166 6.607527310E+06 1.31506 4.43156 5.30960 24.21410 8.87641
167 6.607645214E+06 1.31385 4.43244 5.31070 24.21403 8.87540
168 6.607749048E+06 1.31270 4.43329 5.31180 24.21397 8.87414
169 6.607840362E+06 1.31161 4.43410 5.31286 24.21392 8.87278
170 6.607921616E+06 1.31055 4.43488 5.31387 24.21388 8.87120
171 6.607993516E+06 1.30961 4.43558 5.31478 24.21384 8.86966
172 6.608063072E+06 1.30869 4.43626 5.31564 24.21381 8.86812
173 6.608131576E+06 1.30779 4.43691 5.31646 24.21378 8.86654
174 6.608199905E+06 1.30691 4.43755 5.31724 24.21375 8.86492
175 6.608268538E+06 1.30604 4.43816 5.31797 24.21372 8.86326
176 6.608338008E+06 1.30520 4.43876 5.31866 24.21370 8.86156
177 6.608408550E+06 1.30438 4.43933 5.31931 24.21367 8.85983
178 6.608480543E+06 1.30358 4.43988 5.31990 24.21365 8.85809
179 6.608554320E+06 1.30281 4.44039 5.32043 24.21362 8.85636
180 6.608630237E+06 1.30207 4.44088 5.32091 24.21359 8.85468
181 6.608708671E+06 1.30138 4.44133 5.32131 24.21356 8.85313
182 6.608790036E+06 1.30074 4.44173 5.32164 24.21353 8.85305
183 6.608874809E+06 1.30016 4.44208 5.32189 24.21350 8.85481
184 6.608963386E+06 1.29965 4.44238 5.32205 24.21347 8.85584
185 6.609056288E+06 1.29922 4.44261 5.32210 24.21344 8.85604
186 6.609154140E+06 1.29889 4.44276 5.32204 24.21340 8.85530
187 6.609257270E+06 1.29867 4.44282 5.32185 24.21336 8.85355
188 6.609366291E+06 1.29860 4.44277 5.32151 24.21332 8.85022
189 6.609481642E+06 1.29871 4.44258 5.32100 24.21328 8.84411
190 6.609602755E+06 1.29902 4.44226 5.32032 24.21324 8.83347
191 6.609728081E+06 1.29956 4.44178 5.31947 24.21319 8.81538
192 6.609857045E+06 1.30035 4.44113 5.31846 24.21315 8.78699
193 6.609989106E+06 1.30140 4.44031 5.31728 24.21310 8.74611
194 6.610123761E+06 1.30275 4.43931 5.31597 24.21305 8.70274
195 6.610260383E+06 1.30442 4.43812 5.31454 24.21300 8.65725
196 6.610397093E+06 1.30644 4.43673 5.31303 24.21294 8.61052
197 6.610533285E+06 1.30885 4.43514 5.31148 24.21287 8.56285
198 6.610668495E+06 1.31168 4.43334 5.30996 24.21279 8.51540
199 6.610802380E+06 1.31498 4.43133 5.30851 24.21271 8.46931
200 6.610934664E+06 1.31875 4.42911 5.30719 24.21261 8.42537
201 6.611064284E+06 1.32297 4.42672 5.30607 24.21251 8.38453
202 6.611190612E+06 1.32761 4.42417 5.30516 24.21240 8.34746
203 6.611313382E+06 1.33263 4.42150 5.30449 24.21228 8.31476
204 6.611432540E+06 1.33797 4.41872 5.30405 24.21215 8.28693
205 6.611547924E+06 1.34356 4.41587 5.30382 24.21202 8.26459
206 6.611659680E+06 1.34935 4.41296 5.30379 24.21188 8.24826
207 6.611768030E+06 1.35528 4.41003 5.30392 24.21173 8.23782
208 6.611873285E+06 1.36134 4.40706 5.30418 24.21158 8.23158
209 6.611975641E+06 1.36748 4.40409 5.30453 24.21142 8.22150
210 6.612075533E+06 1.37369 4.40109 5.30498 24.21126 8.20602
211 6.612172764E+06 1.37986 4.39814 5.30549 24.21109 8.18918
212 6.612268354E+06 1.38607 4.39517 5.30606 24.21092 8.17161
213 6.612362370E+06 1.39231 4.39220 5.30667 24.21074 8.15380
214 6.612454934E+06 1.39859 4.38922 5.30731 24.21055 8.13606
215 6.612546220E+06 1.40490 4.38623 5.30797 24.21036 8.11859
216 6.612636385E+06 1.41124 4.38323 5.30865 24.21016 8.10155
217 6.612725553E+06 1.41760 4.38022 5.30934 24.20995 8.08510
218 6.612813822E+06 1.42399 4.37720 5.31003 24.20975 8.06936
219 6.612901270E+06 1.43040 4.37417 5.31073 24.20953 8.05449
220 6.612987970E+06 1.43675 4.37117 5.31143 24.20931 8.04058
221 6.613074837E+06 1.44316 4.36814 5.31214 24.20908 8.02773
222 6.613161344E+06 1.44961 4.36510 5.31284 24.20884 8.01626
223 6.613247356E+06 1.45607 4.36204 5.31355 24.20860 8.00638
224 6.613332907E+06 1.46256 4.35897 5.31425 24.20835 7.99825
225 6.613418037E+06 1.46907 4.35589 5.31495 24.20810 7.99167
226 6.613502732E+06 1.47561 4.35279 5.31563 24.20784 7.98644
227 6.613586951E+06 1.48217 4.34968 5.31629 24.20758 7.98246
228 6.613670685E+06 1.48874 4.34656 5.31695 24.20732 7.97941
229 6.613754102E+06 1.49523 4.34347 5.31759 24.20707 7.97689
230 6.613838074E+06 1.50181 4.34034 5.31823 24.20682 7.96878
231 6.613921695E+06 1.50842 4.33720 5.31886 24.20656 7.95967
232 6.614004280E+06 1.51499 4.33406 5.31947 24.20632 7.95000
233 6.614086319E+06 1.52158 4.33092 5.32007 24.20607 7.93994
234 6.614167838E+06 1.52818 4.32776 5.32066 24.20583 7.92963
235 6.614248845E+06 1.53480 4.32460 5.32123 24.20559 7.91923
236 6.614329344E+06 1.54144 4.32142 5.32179 24.20535 7.90883
237 6.614409339E+06 1.54800 4.31827 5.32234 24.20512 7.89846
238 6.614489620E+06 1.55458 4.31512 5.32287 24.20488 7.88813
239 6.614570088E+06 1.56122 4.31193 5.32340 24.20465 7.87799
240 6.614650166E+06 1.56788 4.30873 5.32392 24.20442 7.86818
241 6.614729826E+06 1.57457 4.30551 5.32442 24.20419 7.85880
242 6.614809065E+06 1.58128 4.30228 5.32491 24.20396 7.84992
243 6.614887877E+06 1.58801 4.29903 5.32538 24.20374 7.84162
244 6.614966263E+06 1.59477 4.29577 5.32585 24.20352 7.83398
245 6.615044224E+06 1.60152 4.29251 5.32631 24.20330 7.82706
246 6.615122064E+06 1.60817 4.28929 5.32675 24.20308 7.82087
247 6.615200746E+06 1.61495 4.28601 5.32720 24.20286 7.81548
248 6.615279144E+06 1.62177 4.28271 5.32763 24.20265 7.81096
249 6.615357186E+06 1.62862 4.27939 5.32805 24.20243 7.80710
250 6.615434786E+06 1.63549 4.27606 5.32845 24.20222 7.80393
251 6.615511944E+06 1.64239 4.27270 5.32884 24.20201 7.80132
252 6.615588659E+06 1.64932 4.26933 5.32922 24.20180 7.79917
253 6.615664916E+06 1.65629 4.26594 5.32959 24.20160 7.79744
254 6.615740698E+06 1.66311 4.26262 5.32994 24.20140 7.79559
255 6.615817394E+06 1.67005 4.25924 5.33029 24.20120 7.79059
256 6.615893943E+06 1.67703 4.25583 5.33063 24.20100 7.78509
257 6.615969552E+06 1.68401 4.25243 5.33096 24.20080 7.77930
258 6.616044612E+06 1.69101 4.24901 5.33128 24.20060 7.77331
259 6.616119128E+06 1.69803 4.24557 5.33159 24.20041 7.76718
260 6.616193095E+06 1.70508 4.24212 5.33188 24.20022 7.76098
261 6.616266508E+06 1.71216 4.23865 5.33217 24.20004 7.75477
262 6.616339362E+06 1.71916 4.23522 5.33244 24.19986 7.74852
263 6.616412578E+06 1.72614 4.23179 5.33270 24.19967 7.74220
264 6.616486252E+06 1.73324 4.22831 5.33296 24.19949 7.73588
265 6.616559466E+06 1.74038 4.22480 5.33321 24.19931 7.72969
266 6.616632175E+06 1.74754 4.22128 5.33344 24.19913 7.72366
267 6.616704365E+06 1.75475 4.21773 5.33367 24.19896 7.71782
268 6.616776017E+06 1.76198 4.21417 5.33389 24.19878 7.71218
269 6.616847118E+06 1.76926 4.21058 5.33410 24.19861 7.70679
270 6.616917654E+06 1.77652 4.20700 5.33430 24.19845 7.70162
271 6.616988008E+06 1.78364 4.20349 5.33449 24.19828 7.69661
272 6.617059418E+06 1.79095 4.19989 5.33468 24.19811 7.69180
273 6.617130391E+06 1.79829 4.19626 5.33486 24.19795 7.68731
274 6.617200847E+06 1.80568 4.19260 5.33503 24.19779 7.68316
275 6.617270749E+06 1.81311 4.18893 5.33519 24.19763 7.67937
276 6.617340059E+06 1.82057 4.18524 5.33535 24.19747 7.67594
277 6.617408739E+06 1.82807 4.18153 5.33550 24.19732 7.67288
278 6.617476748E+06 1.83561 4.17780 5.33565 24.19717 7.67017
279 6.617544050E+06 1.84292 4.17418 5.33579 24.19702 7.66775
280 6.617612494E+06 1.85040 4.17047 5.33592 24.19687 7.66557
281 6.617680587E+06 1.85794 4.16673 5.33605 24.19672 7.66365
282 6.617747961E+06 1.86550 4.16298 5.33616 24.19658 7.66198
283 6.617814575E+06 1.87308 4.15921 5.33627 24.19644 7.66055
284 6.617880400E+06 1.88069 4.15544 5.33637 24.19630 7.65930
285 6.617945403E+06 1.88831 4.15165 5.33646 24.19616 7.65820
286 6.618009542E+06 1.89596 4.14785 5.33654 24.19603 7.65723
287 6.618072774E+06 1.90341 4.14414 5.33662 24.19590 7.65635
288 6.618136505E+06 1.91088 4.14042 5.33669 24.19577 7.65554
289 6.618200361E+06 1.91848 4.13664 5.33675 24.19564 7.65482
290 6.618263455E+06 1.92609 4.13284 5.33680 24.19551 7.65365
291 6.618325735E+06 1.93373 4.12904 5.33685 24.19539 7.65181
292 6.618387058E+06 1.94138 4.12522 5.33689 24.19527 7.64994
293 6.618447375E+06 1.94902 4.12141 5.33692 24.19515 7.64808
294 6.618506828E+06 1.95669 4.11758 5.33695 24.19504 7.64624
295 6.618565418E+06 1.96421 4.11383 5.33698 24.19493 7.64436
296 6.618624267E+06 1.97166 4.11011 5.33700 24.19482 7.64241
297 6.618683727E+06 1.97929 4.10630 5.33701 24.19470 7.64045
298 6.618742505E+06 1.98696 4.10246 5.33701 24.19459 7.63854
299 6.618800513E+06 1.99466 4.09861 5.33700 24.19449 7.63669
300 6.618857734E+06 2.00239 4.09474 5.33699 24.19438 7.63492
301 6.618914157E+06 2.01015 4.09086 5.33697 24.19428 7.63322
302 6.618969761E+06 2.01795 4.08695 5.33695 24.19418 7.63162
303 6.619024524E+06 2.02564 4.08310 5.33693 24.19407 7.63005
304 6.619079241E+06 2.03316 4.07934 5.33691 24.19397 7.62842
305 6.619134957E+06 2.04092 4.07545 5.33687 24.19386 7.62683
306 6.619190023E+06 2.04873 4.07153 5.33682 24.19375 7.62532
307 6.619244285E+06 2.05657 4.06760 5.33677 24.19364 7.62391
308 6.619297701E+06 2.06444 4.06365 5.33671 24.19353 7.62261
309 6.619350235E+06 2.07234 4.05968 5.33665 24.19342 7.62142
310 6.619401854E+06 2.08026 4.05571 5.33659 24.19331 7.62034
311 6.619452518E+06 2.08810 4.05177 5.33653 24.19320 7.61934
312 6.619502761E+06 2.09565 4.04799 5.33649 24.19308 7.61828
313 6.619554236E+06 2.10349 4.04405 5.33641 24.19296 7.61728
314 6.619605035E+06 2.11138 4.04008 5.33633 24.19284 7.61638
315 6.619654943E+06 2.11929 4.03611 5.33625 24.19271 7.61559
316 6.619703930E+06 2.12721 4.03212 5.33616 24.19258 7.61494
317 6.619751991E+06 2.13516 4.02813 5.33607 24.19245 7.61445
318 6.619799136E+06 2.14313 4.02412 5.33598 24.19231 7.61411
319 6.619845368E+06 2.15103 4.02015 5.33589 24.19217 7.61387
320 6.619891135E+06 2.15859 4.01635 5.33583 24.19203 7.61346
321 6.619938437E+06 2.16650 4.01237 5.33573 24.19188 7.61313
322 6.619985260E+06 2.17448 4.00836 5.33563 24.19172 7.61293
323 6.620031304E+06 2.18250 4.00432 5.33551 24.19156 7.61281
324 6.620076535E+06 2.19055 4.00026 5.33539 24.19139 7.61274
325 6.620120942E+06 2.19864 3.99619 5.33527 24.19122 7.61270
326 6.620164522E+06 2.20676 3.99210 5.33515 24.19105 7.61269
327 6.620207319E+06 2.21486 3.98802 5.33503 24.19088 7.61271
328 6.620249613E+06 2.22256 3.98415 5.33497 24.19072 7.61268
329 6.620293705E+06 2.23064 3.98008 5.33484 24.19053 7.61266
330 6.620337656E+06 2.23886 3.97593 5.33470 24.19035 7.61267
331 6.620381022E+06 2.24715 3.97175 5.33455 24.19016 7.61271
332 6.620423743E+06 2.25551 3.96753 5.33440 24.18998 7.61277
333 6.620465834E+06 2.26393 3.96328 5.33424 24.18979 7.61285
334 6.620507335E+06 2.27242 3.95900 5.33407 24.18960 7.61295
335 6.620548299E+06 2.28098 3.95467 5.33390 24.18941 7.61306
336 6.620588779E+06 2.28914 3.95057 5.33382 24.18921 7.61313
337 6.620631122E+06 2.29766 3.94627 5.33366 24.18901 7.61321
338 6.620673969E+06 2.30643 3.94184 5.33348 24.18879 7.61330
339 6.620716702E+06 2.31536 3.93733 5.33328 24.18857 7.61340
340 6.620759324E+06 2.32446 3.93273 5.33307 24.18835 7.61350
341 6.620802021E+06 2.33376 3.92802 5.33284 24.18812 7.61360
342 6.620845011E+06 2.34330 3.92319 5.33260 24.18788 7.61370
343 6.620888586E+06 2.35312 3.91822 5.33235 24.18764 7.61378
344 6.620933310E+06 2.36320 3.91312 5.33211 24.18738 7.61382
345 6.620980510E+06 2.37358 3.90787 5.33189 24.18710 7.61345
346 6.621032557E+06 2.38502 3.90207 5.33155 24.18678 7.61261
347 6.621090615E+06 2.39788 3.89553 5.33112 24.18641 7.61097
348 6.621158596E+06 2.41311 3.88777 5.33053 24.18597 7.60775
349 6.621225129E+06 2.42817 3.88006 5.32985 24.18552 7.60297
350 6.621270451E+06 2.43846 3.87477 5.32926 24.18520 7.59878
351 6.621304443E+06 2.44598 3.87093 5.32892 24.18496 7.59538
352 6.621334351E+06 2.45239 3.86764 5.32860 24.18475 7.59232
353 6.621361921E+06 2.45822 3.86464 5.32824 24.18455 7.58950
354 6.621387538E+06 2.46365 3.86183 5.32786 24.18436 7.58690
355 6.621411487E+06 2.46880 3.85915 5.32746 24.18419 7.58453
356 6.621433984E+06 2.47375 3.85657 5.32704 24.18402 7.58236
357 6.621455210E+06 2.47854 3.85407 5.32661 24.18386 7.58041
358 6.621475376E+06 2.48316 3.85166 5.32621 24.18370 7.57870
359 6.621494972E+06 2.48768 3.84932 5.32590 24.18355 7.57721
360 6.621514430E+06 2.49211 3.84706 5.32573 24.18340 7.57594
361 6.621534368E+06 2.49650 3.84480 5.32544 24.18325 7.57484
362 6.621554470E+06 2.50092 3.84250 5.32508 24.18309 7.57393
363 6.621574281E+06 2.50535 3.84018 5.32467 24.18293 7.57322
364 6.621593577E+06 2.50979 3.83785 5.32424 24.18278 7.57274
365 6.621612306E+06 2.51417 3.83556 5.32382 24.18263 7.57250
366 6.621630820E+06 2.51856 3.83326 5.32341 24.18247 7.57210
367 6.621649187E+06 2.52301 3.83094 5.32303 24.18232 7.57156
368 6.621667458E+06 2.52750 3.82866 5.32286 24.18217 7.57091
369 6.621686187E+06 2.53195 3.82636 5.32257 24.18202 7.57018
370 6.621705306E+06 2.53649 3.82399 5.32219 24.18186 7.56938
371 6.621724372E+06 2.54110 3.82158 5.32176 24.18169 7.56854
372 6.621743201E+06 2.54570 3.81917 5.32134 24.18153 7.56770
373 6.621762083E+06 2.55037 3.81673 5.32091 24.18137 7.56687
374 6.621780963E+06 2.55512 3.81424 5.32045 24.18121 7.56606
375 6.621799704E+06 2.55995 3.81171 5.32000 24.18104 7.56530
376 6.621818309E+06 2.56492 3.80918 5.31980 24.18088 7.56461
377 6.621837275E+06 2.56984 3.80664 5.31948 24.18071 7.56399
378 6.621856704E+06 2.57488 3.80402 5.31907 24.18054 7.56344
379 6.621876222E+06 2.57995 3.80138 5.31866 24.18036 7.56299
380 6.621896024E+06 2.58510 3.79869 5.31821 24.18018 7.56264
381 6.621916031E+06 2.59035 3.79595 5.31774 24.18000 7.56242
382 6.621936079E+06 2.59569 3.79315 5.31722 24.17981 7.56224
383 6.621956099E+06 2.60112 3.79030 5.31668 24.17963 7.56197
384 6.621976099E+06 2.60680 3.78738 5.31635 24.17944 7.56162
385 6.621996322E+06 2.61253 3.78442 5.31599 24.17925 7.56121
386 6.622016997E+06 2.61836 3.78140 5.31557 24.17906 7.56075
387 6.622038160E+06 2.62431 3.77831 5.31513 24.17885 7.56026
388 6.622059742E+06 2.63042 3.77514 5.31463 24.17865 7.55974
389 6.622081433E+06 2.63663 3.77189 5.31408 24.17844 7.55921
390 6.622103077E+06 2.64293 3.76860 5.31349 24.17823 7.55868
391 6.622124585E+06 2.64930 3.76525 5.31285 24.17802 7.55817
392 6.622145885E+06 2.65576 3.76187 5.31224 24.17781 7.55769
393 6.622167007E+06 2.66237 3.75847 5.31186 24.17760 7.55724
394 6.622188306E+06 2.66884 3.75513 5.31144 24.17738 7.55684
395 6.622210251E+06 2.67535 3.75175 5.31095 24.17716 7.55648
396 6.622232451E+06 2.68185 3.74836 5.31038 24.17694 7.55618
397 6.622254682E+06 2.68828 3.74499 5.30975 24.17672 7.55593
398 6.622276838E+06 2.69465 3.74164 5.30908 24.17649 7.55578
399 6.622298871E+06 2.70097 3.73830 5.30837 24.17627 7.55568
400 6.622320803E+06 2.70731 3.73494 5.30763 24.17604 7.55552
401 6.622342791E+06 2.71378 3.73152 5.30687 24.17582 7.55532
402 6.622365154E+06 2.72058 3.72800 5.30638 24.17559 7.55508
403 6.622388342E+06 2.72746 3.72441 5.30581 24.17535 7.55482
404 6.622412624E+06 2.73455 3.72070 5.30514 24.17510 7.55455
405 6.622437920E+06 2.74187 3.71685 5.30437 24.17484 7.55426
406 6.622463971E+06 2.74931 3.71292 5.30353 24.17458 7.55398
407 6.622490899E+06 2.75665 3.70902 5.30263 24.17430 7.55373
408 6.622518801E+06 2.76418 3.70501 5.30165 24.17401 7.55350
409 6.622547956E+06 2.77250 3.70059 5.30060 24.17371 7.55329
410 6.622579864E+06 2.78203 3.69553 5.29943 24.17339 7.55311
411 6.622616303E+06 2.79271 3.68986 5.29810 24.17302 7.55298
412 6.622656865E+06 2.80402 3.68383 5.29659 24.17261 7.55291
413 6.622697022E+06 2.81639 3.67725 5.29503 24.17221 7.55314
414 6.622735587E+06 2.82754 3.67129 5.29349 24.17184 7.55340
415 6.622771078E+06 2.83550 3.66695 5.29205 24.17149 7.55364
416 6.622803710E+06 2.84364 3.66252 5.29061 24.17118 7.55388
417 6.622833833E+06 2.85148 3.65826 5.28922 24.17089 7.55412
418 6.622863944E+06 2.85860 3.65435 5.28782 24.17061 7.55437
419 6.622894365E+06 2.86544 3.65056 5.28634 24.17032 7.55461
420 6.622924368E+06 2.87296 3.64640 5.28475 24.17005 7.55487
421 6.622952572E+06 2.88032 3.64236 5.28331 24.16980 7.55512
422 6.622979640E+06 2.88626 3.63908 5.28207 24.16955 7.55535
423 6.623007860E+06 2.89063 3.63657 5.28078 24.16931 7.55554
424 6.623039109E+06 2.89486 3.63408 5.27929 24.16904 7.55574
425 6.623071713E+06 2.90025 3.63096 5.27759 24.16876 7.55597
426 6.623102841E+06 2.90589 3.62773 5.27595 24.16850 7.55620
427 6.623133513E+06 2.91086 3.62485 5.27437 24.16824 7.55641
428 6.623166166E+06 2.91552 3.62209 5.27262 24.16798 7.55662
429 6.623200693E+06 2.92030 3.61922 5.27073 24.16770 7.55684
430 6.623236211E+06 2.92550 3.61610 5.26865 24.16742 7.55707
431 6.623271698E+06 2.93061 3.61302 5.26655 24.16715 7.55729
432 6.623308044E+06 2.93510 3.61025 5.26443 24.16688 7.55749
433 6.623346476E+06 2.93871 3.60792 5.26235 24.16659 7.55770
434 6.623387298E+06 2.94171 3.60590 5.26025 24.16630 7.55789
435 6.623429717E+06 2.94450 3.60396 5.25810 24.16599 7.55807
436 6.623473187E+06 2.94739 3.60197 5.25591 24.16569 7.55825
437 6.623517421E+06 2.95037 3.59995 5.25378 24.16538 7.55843
438 6.623562548E+06 2.95332 3.59799 5.25184 24.16508 7.55861
439 6.623608806E+06 2.95665 3.59620 5.25134 24.16477 7.55882
440 6.623657454E+06 2.96027 3.59457 5.25207 24.16445 7.55905
441 6.623709088E+06 2.96352 3.59304 5.25244 24.16410 7.55926
442 6.623762982E+06 2.96674 3.59155 5.25293 24.16375 7.55946
443 6.623818997E+06 2.96975 3.59012 5.25321 24.16338 7.55965
444 6.623876700E+06 2.97253 3.58873 5.25324 24.16300 7.55982
445 6.623935705E+06 2.97514 3.58740 5.25310 24.16261 7.55998
446 6.623995687E+06 2.97771 3.58609 5.25302 24.16223 7.56014
447 6.624056567E+06 2.98040 3.58480 5.25325 24.16183 7.56032
448 6.624118415E+06 2.98294 3.58356 5.25337 24.16144 7.56050
449 6.624180992E+06 2.98539 3.58236 5.25346 24.16104 7.56066
450 6.624244109E+06 2.98778 3.58119 5.25358 24.16064 7.56083
451 6.624307672E+06 2.99043 3.58003 5.25422 24.16024 7.56103
452 6.624372203E+06 2.99296 3.57892 5.25482 24.15983 7.56121
453 6.624437385E+06 2.99541 3.57784 5.25542 24.15942 7.56140
454 6.624503089E+06 2.99779 3.57680 5.25605 24.15901 7.56158
455 6.624569242E+06 3.00045 3.57577 5.25723 24.15859 7.56179
456 6.624636618E+06 3.00301 3.57478 5.25839 24.15817 7.56199
457 6.624704795E+06 3.00548 3.57383 5.25954 24.15774 7.56219
458 6.624773666E+06 3.00789 3.57292 5.26070 24.15730 7.56239
459 6.624843182E+06 3.01055 3.57201 5.26240 24.15686 7.56261
460 6.624914302E+06 3.01311 3.57114 5.26404 24.15641 7.56283
461 6.624986498E+06 3.01558 3.57031 5.26565 24.15595 7.56304
462 6.625059664E+06 3.01798 3.56952 5.26727 24.15548 7.56325
463 6.625133815E+06 3.02061 3.56872 5.26935 24.15500 7.56349
464 6.625210028E+06 3.02313 3.56796 5.27135 24.15450 7.56373
465 6.625287699E+06 3.02555 3.56724 5.27329 24.15400 7.56397
466 6.625366753E+06 3.02792 3.56654 5.27525 24.15348 7.56422
467 6.625447298E+06 3.03048 3.56584 5.27758 24.15294 7.56449
468 6.625530547E+06 3.03293 3.56518 5.27981 24.15238 7.56477
469 6.625615799E+06 3.03528 3.56454 5.28198 24.15181 7.56506
470 6.625702983E+06 3.03759 3.56393 5.28414 24.15122 7.56537
471 6.625792271E+06 3.04005 3.56332 5.28662 24.15060 7.56571
472 6.625885111E+06 3.04242 3.56273 5.28900 24.14996 7.56607
473 6.625980737E+06 3.04469 3.56217 5.29131 24.14929 7.56645
474 6.626079189E+06 3.04691 3.56163 5.29360 24.14860 7.56686
475 6.626180528E+06 3.04928 3.56109 5.29617 24.14788 7.56730
476 6.626286573E+06 3.05155 3.56058 5.29863 24.14711 7.56776
477 6.626396734E+06 3.05373 3.56008 5.30103 24.14631 7.56824
478 6.626511016E+06 3.05586 3.55961 5.30339 24.14547 7.56875
479 6.626629630E+06 3.05811 3.55913 5.30598 24.14459 7.56928
480 6.626754801E+06 3.06026 3.55868 5.30847 24.14365 7.56985
481 6.626886268E+06 3.06234 3.55824 5.31089 24.14265 7.57046
482 6.627024187E+06 3.06436 3.55782 5.31326 24.14159 7.57111
483 6.627169285E+06 3.06647 3.55741 5.31581 24.14046 7.57180
484 6.627324428E+06 3.06850 3.55701 5.31827 24.13924 7.57255
485 6.627489637E+06 3.07045 3.55663 5.32067 24.13792 7.57336
486 6.627666081E+06 3.07237 3.55626 5.32303 24.13651 7.57424
487 6.627855765E+06 3.07434 3.55590 5.32552 24.13496 7.57520
488 6.628062456E+06 3.07623 3.55555 5.32791 24.13326 7.57627
489 6.628288177E+06 3.07806 3.55522 5.33023 24.13138 7.57745
490 6.628536336E+06 3.07988 3.55490 5.33258 24.12929 7.57878
491 6.628811925E+06 3.08167 3.55458 5.33493 24.12694 7.58027
492 6.629122808E+06 3.08339 3.55429 5.33718 24.12426 7.58199
493 6.629478732E+06 3.08504 3.55401 5.33937 24.12116 7.58398
494 6.629891745E+06 3.08668 3.55374 5.34156 24.11752 7.58634
495 6.630387361E+06 3.08819 3.55349 5.34360 24.11311 7.58922
496 6.630982099E+06 3.08955 3.55327 5.34544 24.10777 7.59274
497 6.631695786E+06 3.09077 3.55308 5.34710 24.10130 7.59706
498 6.632552209E+06 3.09175 3.55293 5.34845 24.09348 7.60240
499 6.633579917E+06 3.09256 3.55280 5.34956 24.08405 7.60920
500 6.634813167E+06 3.09324 3.55269 5.35049 24.07267 7.61763
501 6.636293067E+06 3.09381 3.55260 5.35126 24.05896 7.62801
502 6.638068947E+06 3.09437 3.55250 5.35201 24.04245 7.64071
503 6.640200003E+06 3.09493 3.55241 5.35274 24.02256 7.65612
504 6.642757270E+06 3.09556 3.55230 5.35354 23.99859 7.67472
505 6.645825990E+06 3.09627 3.55217 5.35446 23.96970 7.69704
506 6.649508454E+06 3.09710 3.55201 5.35550 23.93484 7.72369
507 6.653927411E+06 3.09809 3.55183 5.35674 23.89275 7.75539
508 6.659230160E+06 3.09925 3.55161 5.35817 23.84187 7.79298
509 6.665593459E+06 3.10064 3.55134 5.35987 23.78029 7.83744
510 6.672644384E+06 3.10214 3.55105 5.36171 23.71142 7.88596
511 6.679882986E+06 3.10366 3.55075 5.36356 23.64005 7.93507
512 6.687241085E+06 3.10518 3.55045 5.36539 23.56683 7.98431
513 6.694711952E+06 3.10668 3.55015 5.36718 23.49181 8.03370
514 6.702272068E+06 3.10816 3.54985 5.36895 23.41521 8.08308
515 6.709907118E+06 3.10963 3.54955 5.37069 23.33717 8.13241
516 6.717614269E+06 3.11108 3.54925 5.37239 23.25771 8.18169
517 6.725359245E+06 3.11249 3.54895 5.37404 23.17719 8.23065
518 6.733094411E+06 3.11386 3.54867 5.37562 23.09612 8.27885
519 6.740816157E+06 3.11518 3.54838 5.37713 23.01457 8.32628
520 6.748542517E+06 3.11646 3.54811 5.37859 22.93238 8.37306
521 6.756312897E+06 3.11772 3.54783 5.38001 22.84912 8.41944
522 6.764135170E+06 3.11895 3.54756 5.38138 22.76473 8.46547
523 6.771994404E+06 3.12015 3.54729 5.38271 22.67938 8.51105
524 6.779858755E+06 3.12131 3.54703 5.38396 22.59343 8.55601
525 6.787677867E+06 3.12240 3.54677 5.38514 22.50748 8.60005
526 6.795448280E+06 3.12345 3.54653 5.38624 22.42160 8.64319
527 6.803206179E+06 3.12445 3.54629 5.38728 22.33543 8.68564
528 6.810996012E+06 3.12543 3.54605 5.38828 22.24848 8.72768
529 6.818837735E+06 3.12639 3.54581 5.38925 22.16054 8.76942
530 6.826725288E+06 3.12732 3.54558 5.39018 22.07169 8.81084
531 6.834627651E+06 3.12821 3.54535 5.39104 21.98232 8.85180
532 6.842497441E+06 3.12904 3.54513 5.39183 21.89299 8.89208
533 6.850302459E+06 3.12982 3.54492 5.39255 21.80410 8.93142
534 6.858084620E+06 3.13057 3.54471 5.39321 21.71522 8.96974
535 6.865893811E+06 3.13129 3.54450 5.39385 21.62578 9.00742
536 6.873770001E+06 3.13200 3.54430 5.39445 21.53533 9.04464
537 6.881712085E+06 3.13270 3.54410 5.39503 21.44390 9.08141
538 6.889698872E+06 3.13337 3.54390 5.39558 21.35176 9.11763
539 6.897692292E+06 3.13400 3.54371 5.39606 21.25936 9.15315
540 6.905651568E+06 3.13457 3.54352 5.39648 21.16721 9.18778
541 6.913566464E+06 3.13512 3.54334 5.39685 21.07547 9.22153
542 6.921488449E+06 3.13564 3.54317 5.39720 20.98354 9.25467
543 6.929455525E+06 3.13616 3.54299 5.39753 20.89098 9.28738
544 6.937493084E+06 3.13667 3.54282 5.39785 20.79752 9.31981
545 6.945595944E+06 3.13717 3.54264 5.39816 20.70322 9.35197
546 6.953733116E+06 3.13766 3.54247 5.39845 20.60844 9.38380
547 6.961860889E+06 3.13811 3.54231 5.39870 20.51372 9.41515
548 6.969946495E+06 3.13853 3.54215 5.39889 20.41947 9.44510
549 6.977981146E+06 3.13893 3.54199 5.39906 20.32580 9.47403
550 6.986013840E+06 3.13932 3.54184 5.39924 20.23215 9.50217
551 6.994078426E+06 3.13972 3.54168 5.39942 20.13810 9.52966
552 7.002201523E+06 3.14013 3.54153 5.39962 20.04334 9.55664
553 7.010377304E+06 3.14055 3.54137 5.39982 19.94793 9.58314
554 7.018566969E+06 3.14096 3.54122 5.40002 19.85234 9.60907
555 7.026713498E+06 3.14135 3.54106 5.40020 19.75723 9.63432
556 7.034772393E+06 3.14173 3.54092 5.40037 19.66313 9.65882
557 7.042721836E+06 3.14210 3.54078 5.40054 19.57028 9.68262
558 7.050582474E+06 3.14247 3.54063 5.40071 19.47846 9.70587
559 7.058408778E+06 3.14285 3.54049 5.40092 19.38700 9.72885
560 7.066187874E+06 3.14325 3.54035 5.40116 19.29603 9.75045
561 7.073859926E+06 3.14367 3.54021 5.40142 19.20624 9.77103
562 7.081471493E+06 3.14410 3.54007 5.40172 19.11707 9.79084
563 7.088982479E+06 3.14454 3.53993 5.40203 19.02897 9.80986
564 7.096361688E+06 3.14498 3.53979 5.40236 18.94232 9.82806
565 7.103588460E+06 3.14542 3.53965 5.40270 18.85734 9.84549
566 7.110650832E+06 3.14586 3.53952 5.40305 18.77418 9.86221
567 7.117541635E+06 3.14632 3.53939 5.40344 18.69290 9.87828
568 7.124263993E+06 3.14678 3.53926 5.40385 18.61346 9.89382
569 7.130832228E+06 3.14726 3.53913 5.40428 18.53569 9.90896
570 7.137256880E+06 3.14774 3.53901 5.40474 18.45945 9.92381
571 7.143561789E+06 3.14824 3.53888 5.40524 18.38445 9.93821
572 7.149756285E+06 3.14876 3.53875 5.40576 18.31057 9.95140
573 7.155844018E+06 3.14929 3.53862 5.40632 18.23776 9.96401
574 7.161852319E+06 3.14984 3.53850 5.40690 18.16569 9.97613
575 7.167745247E+06 3.15040 3.53837 5.40752 18.09477 9.98776
576 7.173506085E+06 3.15097 3.53824 5.40815 18.02521 9.99891
577 7.179132774E+06 3.15155 3.53812 5.40881 17.95703 10.00965
578 7.184619225E+06 3.15214 3.53799 5.40950 17.89030 10.02003
579 7.189953113E+06 3.15275 3.53787 5.41021 17.82517 10.03007
580 7.195128038E+06 3.15336 3.53775 5.41094 17.76173 10.03984
581 7.200141984E+06 3.15398 3.53763 5.41170 17.70000 10.04940
582 7.204999856E+06 3.15461 3.53750 5.41248 17.63993 10.05883
583 7.209701967E+06 3.15525 3.53739 5.41328 17.58153 10.06820
584 7.214256230E+06 3.15590 3.53727 5.41410 17.52469 10.07657
585 7.218668075E+06 3.15655 3.53715 5.41494 17.46937 10.08440
586 7.222983705E+06 3.15723 3.53703 5.41581 17.41498 10.09189
587 7.227181179E+06 3.15791 3.53691 5.41670 17.36180 10.09906
588 7.231258945E+06 3.15860 3.53679 5.41762 17.30986 10.10593
589 7.235218666E+06 3.15931 3.53667 5.41856 17.25915 10.11255
590 7.239062948E+06 3.16003 3.53655 5.41952 17.20964 10.11895
591 7.242795084E+06 3.16076 3.53644 5.42050 17.16129 10.12519
592 7.246413709E+06 3.16150 3.53632 5.42150 17.11413 10.13129
593 7.249922546E+06 3.16225 3.53620 5.42253 17.06813 10.13731
594 7.253321323E+06 3.16301 3.53608 5.42357 17.02328 10.14329
595 7.256612002E+06 3.16378 3.53596 5.42463 16.97958 10.14927
596 7.259801053E+06 3.16456 3.53584 5.42571 16.93696 10.15532
597 7.262887389E+06 3.16535 3.53572 5.42681 16.89543 10.16100
598 7.265866276E+06 3.16615 3.53560 5.42792 16.85507 10.16608
599 7.268751901E+06 3.16697 3.53547 5.42907 16.81570 10.17092
600 7.271549818E+06 3.16779 3.53535 5.43023 16.77725 10.17555
601 7.274250299E+06 3.16863 3.53523 5.43142 16.73987 10.17997
602 7.276853343E+06 3.16949 3.53510 5.43263 16.70357 10.18423
603 7.279360409E+06 3.17035 3.53498 5.43385 16.66834 10.18833
604 7.281771342E+06 3.17122 3.53485 5.43510 16.63419 10.19231
605 7.284088368E+06 3.17210 3.53473 5.43636 16.60112 10.19619
606 7.286312116E+06 3.17300 3.53460 5.43763 16.56912 10.20001
607 7.288445545E+06 3.17390 3.53447 5.43892 16.53817 10.20380
608 7.290488058E+06 3.17480 3.53435 5.44023 16.50829 10.20760
609 7.292443888E+06 3.17572 3.53422 5.44156 16.47944 10.21144
610 7.294312794E+06 3.17665 3.53409 5.44290 16.45164 10.21536
611 7.296093736E+06 3.17759 3.53396 5.44425 16.42491 10.21883
612 7.297787576E+06 3.17854 3.53383 5.44562 16.39927 10.22189
613 7.299408026E+06 3.17950 3.53369 5.44701 16.37452 10.22466
614 7.300953055E+06 3.18047 3.53356 5.44842 16.35070 10.22720
615 7.302419977E+06 3.18145 3.53343 5.44985 16.32788 10.22957
616 7.303810293E+06 3.18245 3.53329 5.45130 16.30605 10.23179
617 7.305123876E+06 3.18346 3.53316 5.45277 16.28522 10.23387
618 7.306360590E+06 3.18448 3.53302 5.45426 16.26542 10.23584
619 7.307521104E+06 3.18551 3.53288 5.45577 16.24665 10.23772
620 7.308605663E+06 3.18655 3.53274 5.45729 16.22894 10.23954
621 7.309615813E+06 3.18760 3.53259 5.45882 16.21227 10.24134
622 7.310553276E+06 3.18866 3.53245 5.46037 16.19664 10.24315
623 7.311416548E+06 3.18972 3.53231 5.46191 16.18211 10.24501
624 7.312205262E+06 3.19078 3.53216 5.46346 16.16869 10.24657
625 7.312918847E+06 3.19184 3.53202 5.46499 16.15642 10.24774
626 7.313562897E+06 3.19288 3.53187 5.46650 16.14524 10.24867
627 7.314137154E+06 3.19392 3.53173 5.46800 16.13517 10.24940
628 7.314641093E+06 3.19493 3.53159 5.46944 16.12624 10.24995
629 7.315077002E+06 3.19592 3.53144 5.47085 16.11845 10.25036
630 7.315448388E+06 3.19685 3.53131 5.47216 16.11175 10.25069
631 7.315759032E+06 3.19771 3.53117 5.47335 16.10611 10.25100
632 7.316014948E+06 3.19849 3.53105 5.47441 16.10142 10.25135
633 7.316223261E+06 3.19918 3.53093 5.47532 16.09759 10.25162
634 7.316390484E+06 3.19977 3.53082 5.47607 16.09449 10.25152
635 7.316523680E+06 3.20027 3.53072 5.47668 16.09202 10.25129
636 7.316628249E+06 3.20067 3.53064 5.47714 16.09007 10.25105
637 7.316718482E+06 3.20100 3.53057 5.47750 16.08838 10.25084
638 7.316808459E+06 3.20132 3.53049 5.47785 16.08670 10.25067
639 7.316897240E+06 3.20164 3.53042 5.47820 16.08503 10.25060
640 7.316985171E+06 3.20199 3.53034 5.47858 16.08338 10.25066
641 7.317072092E+06 3.20240 3.53025 5.47903 16.08174 10.25052
642 7.317158171E+06 3.20285 3.53016 5.47956 16.08011 10.25029
643 7.317244660E+06 3.20336 3.53006 5.48018 16.07847 10.25007
644 7.317330994E+06 3.20393 3.52995 5.48090 16.07683 10.24987
645 7.317416877E+06 3.20458 3.52983 5.48174 16.07518 10.24974
646 7.317502367E+06 3.20530 3.52971 5.48269 16.07353 10.24969
647 7.317587485E+06 3.20608 3.52958 5.48373 16.07187 10.24974
648 7.317672201E+06 3.20693 3.52944 5.48488 16.07021 10.24963
649 7.317756559E+06 3.20784 3.52930 5.48613 16.06854 10.24949
650 7.317841211E+06 3.20881 3.52916 5.48748 16.06686 10.24936
651 7.317925286E+06 3.20983 3.52901 5.48892 16.06516 10.24925
652 7.318008342E+06 3.21089 3.52885 5.49042 16.06347 10.24918
653 7.318090291E+06 3.21199 3.52870 5.49199 16.06178 10.24916
654 7.318171100E+06 3.21310 3.52854 5.49360 16.06010 10.24918
655 7.318251232E+06 3.21423 3.52838 5.49523 16.05841 10.24922
656 7.318330844E+06 3.21536 3.52823 5.49688 16.05672 10.24917
657 7.318410202E+06 3.21649 3.52808 5.49853 16.05501 10.24912
658 7.318489590E+06 3.21763 3.52792 5.50020 16.05327 10.24907
659 7.318569004E+06 3.21877 3.52777 5.50187 16.05152 10.24905
660 7.318648574E+06 3.21990 3.52763 5.50354 16.04974 10.24903
661 7.318728417E+06 3.22102 3.52748 5.50520 16.04793 10.24904
662 7.318808630E+06 3.22213 3.52733 5.50685 16.04610 10.24907
663 7.318889318E+06 3.22324 3.52719 5.50849 16.04423 10.24913
664 7.318970561E+06 3.22434 3.52705 5.51012 16.04232 10.24919
665 7.319052429E+06 3.22542 3.52691 5.51174 16.04038 10.24921
666 7.319134997E+06 3.22651 3.52678 5.51336 16.03839 10.24923
667 7.319218399E+06 3.22758 3.52664 5.51497 16.03636 10.24926
668 7.319302694E+06 3.22864 3.52651 5.51656 16.03429 10.24930
669 7.319387870E+06 3.22968 3.52638 5.51813 16.03217 10.24935
670 7.319473929E+06 3.23071 3.52626 5.51969 16.03000 10.24941
671 7.319560928E+06 3.23172 3.52613 5.52122 16.02778 10.24948
672 7.319648897E+06 3.23271 3.52601 5.52272 16.02551 10.24957
673 7.319737868E+06 3.23369 3.52590 5.52420 16.02320 10.24967
674 7.319827823E+06 3.23464 3.52578 5.52564 16.02082 10.24978
675 7.319918793E+06 3.23556 3.52567 5.52706 16.01840 10.24988
676 7.320010841E+06 3.23648 3.52557 5.52846 16.01592 10.24999
677 7.320103963E+06 3.23737 3.52546 5.52982 16.01338 10.25011
678 7.320198085E+06 3.23823 3.52536 5.53115 16.01080 10.25023
679 7.320293160E+06 3.23908 3.52527 5.53246 16.00815 10.25035
680 7.320389175E+06 3.23990 3.52517 5.53374 16.00546 10.25049
681 7.320486229E+06 3.24070 3.52508 5.53498 16.00271 10.25063
682 7.320584280E+06 3.24148 3.52500 5.53619 15.99990 10.25078
683 7.320683389E+06 3.24223 3.52492 5.53737 15.99704 10.25094
684 7.320783486E+06 3.24297 3.52484 5.53852 15.99412 10.25112
685 7.320884589E+06 3.24368 3.52476 5.53964 15.99115 10.25131
686 7.320986725E+06 3.24436 3.52469 5.54073 15.98812 10.25152
687 7.321090116E+06 3.24503 3.52462 5.54179 15.98503 10.25172
688 7.321194494E+06 3.24568 3.52456 5.54282 15.98188 10.25194
689 7.321299983E+06 3.24629 3.52450 5.54381 15.97867 10.25216
690 7.321406670E+06 3.24688 3.52444 5.54475 15.97541 10.25240
691 7.321514684E+06 3.24742 3.52439 5.54564 15.97207 10.25264
692 7.321624075E+06 3.24793 3.52434 5.54646 15.96868 10.25290
693 7.321735033E+06 3.24841 3.52430 5.54724 15.96521 10.25317
694 7.321847009E+06 3.24882 3.52426 5.54794 15.96169 10.25347
695 7.321959874E+06 3.24918 3.52423 5.54854 15.95812 10.25382
696 7.322073680E+06 3.24947 3.52421 5.54903 15.95451 10.25418
697 7.322188442E+06 3.24968 3.52420 5.54940 15.95086 10.25456
698 7.322303411E+06 3.24982 3.52419 5.54965 15.94720 10.25494
699 7.322417868E+06 3.24987 3.52420 5.54977 15.94355 10.25534
700 7.322530237E+06 3.24985 3.52421 5.54977 15.93996 10.25573
701 7.322639145E+06 3.24975 3.52422 5.54963 15.93649 10.25612
702 7.322744209E+06 3.24956 3.52425 5.54935 15.93315 10.25652
703 7.322845059E+06 3.24932 3.52428 5.54900 15.92995 10.25693
704 7.322941869E+06 3.24903 3.52432 5.54856 15.92689 10.25737
705 7.323035036E+06 3.24870 3.52435 5.54806 15.92395 10.25779
706 7.323125044E+06 3.24834 3.52440 5.54751 15.92113 10.25820
707 7.323212053E+06 3.24795 3.52444 5.54691 15.91842 10.25858
708 7.323296294E+06 3.24754 3.52449 5.54627 15.91580 10.25896
709 7.323377893E+06 3.24711 3.52454 5.54562 15.91328 10.25933
710 7.323456983E+06 3.24667 3.52459 5.54493 15.91086 10.25972
711 7.323533636E+06 3.24620 3.52464 5.54422 15.90852 10.26012
712 7.323608045E+06 3.24574 3.52470 5.54350 15.90626 10.26051
713 7.323680423E+06 3.24527 3.52475 5.54278 15.90407 10.26087
714 7.323750423E+06 3.24479 3.52481 5.54205 15.90197 10.26122
715 7.323818176E+06 3.24433 3.52486 5.54135 15.89995 10.26156
716 7.323883506E+06 3.24387 3.52492 5.54066 15.89801 10.26191
717 7.323946453E+06 3.24341 3.52497 5.53997 15.89615 10.26228
718 7.324007151E+06 3.24296 3.52503 5.53929 15.89437 10.26261
719 7.324065638E+06 3.24253 3.52509 5.53865 15.89266 10.26291
720 7.324121998E+06 3.24211 3.52514 5.53804 15.89102 10.26320
721 7.324175812E+06 3.24171 3.52520 5.53745 15.88946 10.26350
722 7.324227092E+06 3.24133 3.52525 5.53689 15.88799 10.26383
723 7.324275787E+06 3.24096 3.52530 5.53636 15.88659 10.26413
724 7.324321942E+06 3.24061 3.52535 5.53587 15.88527 10.26438
725 7.324365870E+06 3.24028 3.52540 5.53541 15.88402 10.26462
726 7.324407479E+06 3.23996 3.52545 5.53497 15.88283 10.26487
727 7.324446771E+06 3.23966 3.52550 5.53456 15.88172 10.26516
728 7.324483792E+06 3.23937 3.52555 5.53417 15.88068 10.26546
729 7.324518641E+06 3.23910 3.52559 5.53381 15.87970 10.26566
730 7.324551520E+06 3.23884 3.52564 5.53347 15.87877 10.26586
731 7.324582579E+06 3.23859 3.52568 5.53314 15.87790 10.26607
732 7.324611767E+06 3.23834 3.52572 5.53283 15.87709 10.26633
733 7.324639148E+06 3.23811 3.52577 5.53253 15.87632 10.26664
734 7.324664805E+06 3.23788 3.52581 5.53225 15.87561 10.26681
735 7.324688804E+06 3.23767 3.52585 5.53198 15.87494 10.26697
736 7.324711408E+06 3.23746 3.52589 5.53173 15.87431 10.26716
737 7.324732509E+06 3.23726 3.52593 5.53149 15.87373 10.26737
738 7.324752180E+06 3.23707 3.52597 5.53126 15.87319 10.26764
739 7.324770499E+06 3.23688 3.52601 5.53105 15.87268 10.26786
740 7.324787537E+06 3.23671 3.52605 5.53085 15.87221 10.26799
741 7.324803469E+06 3.23653 3.52608 5.53064 15.87177 10.26813
742 7.324818373E+06 3.23636 3.52612 5.53044 15.87136 10.26830
743 7.324832259E+06 3.23619 3.52616 5.53025 15.87098 10.26852
744 7.324845201E+06 3.23602 3.52619 5.53006 15.87063 10.26880
745 7.324857269E+06 3.23586 3.52623 5.52987 15.87030 10.26896
746 7.324868522E+06 3.23569 3.52626 5.52968 15.86999 10.26907
747 7.324879083E+06 3.23553 3.52630 5.52948 15.86970 10.26921
748 7.324888962E+06 3.23536 3.52633 5.52929 15.86943 10.26939
749 7.324898183E+06 3.23520 3.52636 5.52909 15.86918 10.26962
750 7.324906795E+06 3.23503 3.52640 5.52890 15.86895 10.26992
751 7.324914841E+06 3.23487 3.52643 5.52871 15.86873 10.27001
752 7.324922358E+06 3.23471 3.52646 5.52851 15.86853 10.27012
753 7.324929434E+06 3.23455 3.52649 5.52832 15.86833 10.27027
754 7.324936048E+06 3.23440 3.52652 5.52813 15.86816 10.27045
755 7.324942224E+06 3.23424 3.52655 5.52794 15.86799 10.27069
756 7.324947984E+06 3.23409 3.52658 5.52776 15.86783 10.27095
757 7.324953347E+06 3.23395 3.52661 5.52759 15.86769 10.27103
758 7.324958335E+06 3.23382 3.52664 5.52743 15.86755 10.27113
759 7.324962981E+06 3.23369 3.52666 5.52728 15.86743 10.27126
760 7.324967274E+06 3.23358 3.52669 5.52714 15.86731 10.27142
761 7.324971245E+06 3.23346 3.52671 5.52700 15.86721 10.27163
762 7.324974924E+06 3.23336 3.52673 5.52688 15.86711 10.27189
763 7.324978337E+06 3.23325 3.52675 5.52676 15.86702 10.27199
764 7.324981508E+06 3.23315 3.52677 5.52663 15.86693 10.27207
765 7.324984471E+06 3.23304 3.52679 5.52650 15.86685 10.27217
766 7.324987234E+06 3.23294 3.52681 5.52637 15.86678 10.27231
767 7.324989812E+06 3.23284 3.52683 5.52624 15.86671 10.27249
768 7.324992222E+06 3.23273 3.52685 5.52610 15.86665 10.27271
769 7.324994477E+06 3.23263 3.52687 5.52596 15.86659 10.27294
770 7.324996590E+06 3.23253 3.52688 5.52582 15.86653 10.27300
771 7.324998576E+06 3.23243 3.52690 5.52568 15.86648 10.27308
772 7.325000451E+06 3.23233 3.52691 5.52554 15.86643 10.27319
773 7.325002216E+06 3.23223 3.52693 5.52540 15.86638 10.27333
774 7.325003879E+06 3.23213 3.52694 5.52526 15.86634 10.27352
775 7.325005447E+06 3.23203 3.52695 5.52512 15.86630 10.27375
776 7.325006927E+06 3.23194 3.52696 5.52499 15.86626 10.27393
777 7.325008322E+06 3.23186 3.52697 5.52486 15.86622 10.27398
778 7.325009638E+06 3.23178 3.52698 5.52474 15.86619 10.27405
779 7.325010879E+06 3.23171 3.52699 5.52464 15.86615 10.27415
780 7.325012040E+06 3.23165 3.52700 5.52454 15.86612 10.27427
781 7.325013117E+06 3.23159 3.52700 5.52444 15.86609 10.27443
782 7.325014107E+06 3.23153 3.52701 5.52434 15.86607 10.27463
783 7.325015010E+06 3.23148 3.52701 5.52425 15.86604 10.27488
784 7.325015825E+06 3.23143 3.52702 5.52415 15.86602 10.27493
785 7.325016560E+06 3.23138 3.52702 5.52406 15.86600 10.27499
786 7.325017227E+06 3.23133 3.52702 5.52397 15.86599 10.27507
787 7.325017830E+06 3.23128 3.52702 5.52388 15.86597 10.27517
788 7.325018377E+06 3.23124 3.52702 5.52379 15.86596 10.27531
789 7.325018873E+06 3.23120 3.52702 5.52370 15.86594 10.27548
790 7.325019326E+06 3.23116 3.52701 5.52361 15.86593 10.27568
791 7.325019742E+06 3.23112 3.52701 5.52352 15.86592 10.27587
792 7.325020125E+06 3.23108 3.52701 5.52343 15.86591 10.27590
793 7.325020478E+06 3.23105 3.52700 5.52335 15.86590 10.27595
