1 3.487364000E+03 0.84206 4.58419 4.97413 26.99951 0.00002
2 6.211891258E+03 0.84187 4.58438 4.97449 26.99913 0.00002
3 9.481323968E+03 0.84168 4.58450 4.97460 26.99867 0.00002
4 1.340464322E+04 0.84153 4.58459 4.97469 26.99812 0.00002
5 1.811262632E+04 0.84146 4.58466 4.97481 26.99745 0.00002
6 2.376220604E+04 0.84145 4.58471 4.97499 26.99666 0.00002
7 3.054170171E+04 0.84152 4.58473 4.97521 26.99570 0.00002
8 3.867709651E+04 0.84167 4.58473 4.97549 26.99455 0.00002
9 4.843957027E+04 0.84190 4.58470 4.97584 26.99317 0.00002
10 6.015453878E+04 0.84222 4.58465 4.97626 26.99151 0.00002
11 7.421250100E+04 0.84263 4.58457 4.97677 26.98951 0.00002
12 9.108205566E+04 0.84315 4.58446 4.97739 26.98710 0.00002
13 1.113255212E+05 0.84378 4.58433 4.97814 26.98420 0.00002
14 1.356176800E+05 0.84455 4.58417 4.97903 26.98071 0.00002
15 1.647682704E+05 0.84548 4.58398 4.98011 26.97650 0.00002
16 1.997489789E+05 0.84660 4.58374 4.98141 26.97141 0.00002
17 2.417258292E+05 0.84794 4.58346 4.98297 26.96527 0.00002
18 2.920980495E+05 0.84955 4.58313 4.98486 26.95783 0.00002
19 3.525447138E+05 0.85148 4.58273 4.98714 26.94880 0.00002
20 4.250807111E+05 0.85380 4.58226 4.98989 26.93783 0.00002
21 5.121239077E+05 0.85659 4.58170 4.99321 26.92445 0.00002
22 6.165757437E+05 0.85993 4.58104 4.99725 26.90809 0.00002
23 7.251793954E+05 0.86341 4.58036 5.00149 26.89074 0.00002
24 8.338584977E+05 0.86691 4.57968 5.00578 26.87301 0.00002
25 9.423098937E+05 0.87043 4.57900 5.01012 26.85496 0.00002
26 1.050269679E+06 0.87398 4.57832 5.01448 26.83661 0.00002
27 1.157488542E+06 0.87754 4.57763 5.01885 26.81801 0.00002
28 1.263737607E+06 0.88114 4.57693 5.02322 26.79919 0.00002
29 1.368780910E+06 0.88476 4.57621 5.02759 26.78020 0.00002
30 1.472329917E+06 0.88841 4.57546 5.03191 26.76110 0.00002
31 1.574092389E+06 0.89208 4.57470 5.03619 26.74195 0.00002
32 1.674205645E+06 0.89576 4.57392 5.04045 26.72274 0.00002
33 1.772907910E+06 0.89946 4.57313 5.04469 26.70342 0.00002
34 1.870146344E+06 0.90318 4.57233 5.04892 26.68402 0.00002
35 1.965861580E+06 0.90691 4.57151 5.05312 26.66455 0.00001
36 2.060024128E+06 0.91067 4.57068 5.05729 26.64503 0.00001
37 2.152609692E+06 0.91445 4.56982 5.06143 26.62548 0.00001
38 2.243585466E+06 0.91825 4.56895 5.06554 26.60590 0.00001
39 2.332914796E+06 0.92208 4.56805 5.06961 26.58634 0.00001
40 2.420525864E+06 0.92593 4.56713 5.07362 26.56680 0.00001
41 2.506298542E+06 0.92981 4.56618 5.07756 26.54735 0.00001
42 2.590124328E+06 0.93369 4.56520 5.08144 26.52802 0.00001
43 2.672280490E+06 0.93759 4.56421 5.08527 26.50876 0.00001
44 2.752982312E+06 0.94153 4.56320 5.08910 26.48953 0.00001
45 2.832121113E+06 0.94550 4.56217 5.09291 26.47038 0.00001
46 2.909618330E+06 0.94948 4.56112 5.09668 26.45132 0.00001
47 2.985715254E+06 0.95348 4.56005 5.10042 26.43232 0.00001
48 3.060444528E+06 0.95751 4.55896 5.10412 26.41338 0.00001
49 3.133810532E+06 0.96157 4.55785 5.10779 26.39452 0.00001
50 3.205803972E+06 0.96565 4.55672 5.11141 26.37574 0.00001
51 3.276417223E+06 0.96976 4.55556 5.11500 26.35706 0.00001
52 3.345632308E+06 0.97389 4.55438 5.11854 26.33850 0.00001
53 3.413398264E+06 0.97805 4.55316 5.12201 26.32010 0.00001
54 3.479647450E+06 0.98223 4.55193 5.12541 26.30188 0.00001
55 3.544461791E+06 0.98642 4.55067 5.12878 26.28385 0.00002
56 3.608089275E+06 0.99062 4.54940 5.13210 26.26594 0.00002
57 3.670597083E+06 0.99486 4.54811 5.13540 26.24814 0.00002
58 3.732002858E+06 0.99912 4.54680 5.13867 26.23046 0.00002
59 3.792320455E+06 1.00340 4.54547 5.14191 26.21291 0.00002
60 3.851557647E+06 1.00771 4.54411 5.14511 26.19550 0.00002
61 3.909727564E+06 1.01205 4.54274 5.14829 26.17823 0.00002
62 3.966847083E+06 1.01641 4.54134 5.15143 26.16111 0.00002
63 4.022925610E+06 1.02079 4.53993 5.15454 26.14414 0.00002
64 4.077976253E+06 1.02523 4.53848 5.15763 26.12735 0.00002
65 4.131850501E+06 1.02970 4.53701 5.16070 26.11077 0.00002
66 4.184490604E+06 1.03418 4.53553 5.16371 26.09444 0.00002
67 4.236057001E+06 1.03868 4.53401 5.16666 26.07833 0.00002
68 4.286541716E+06 1.04320 4.53248 5.16956 26.06244 0.00002
69 4.336047034E+06 1.04773 4.53093 5.17244 26.04677 0.00002
70 4.384667610E+06 1.05229 4.52937 5.17528 26.03128 0.00002
71 4.432440963E+06 1.05687 4.52778 5.17809 26.01597 0.00002
72 4.479381132E+06 1.06147 4.52617 5.18088 26.00085 0.00002
73 4.525503907E+06 1.06610 4.52455 5.18364 25.98592 0.00002
74 4.570865399E+06 1.07075 4.52291 5.18638 25.97116 0.00002
75 4.615481373E+06 1.07543 4.52125 5.18908 25.95659 0.00002
76 4.659309618E+06 1.08013 4.51957 5.19176 25.94222 0.00002
77 4.702380060E+06 1.08485 4.51787 5.19441 25.92806 0.00002
78 4.744708933E+06 1.08960 4.51615 5.19703 25.91410 0.00002
79 4.786317607E+06 1.09436 4.51441 5.19961 25.90034 0.00003
80 4.827207567E+06 1.09915 4.51265 5.20215 25.88679 0.00003
81 4.867372321E+06 1.10394 4.51088 5.20464 25.87347 0.00003
82 4.906856097E+06 1.10880 4.50907 5.20713 25.86035 0.00003
83 4.945327558E+06 1.11368 4.50725 5.20959 25.84757 0.00003
84 4.982949886E+06 1.11856 4.50541 5.21202 25.83507 0.00003
85 5.019948748E+06 1.12346 4.50356 5.21442 25.82278 0.00003
86 5.056351753E+06 1.12839 4.50169 5.21681 25.81069 0.00003
87 5.092163281E+06 1.13335 4.49981 5.21917 25.79882 0.00003
88 5.127458587E+06 1.13834 4.49791 5.22156 25.78713 0.00003
89 5.162408056E+06 1.14339 4.49598 5.22395 25.77557 0.00003
90 5.196894112E+06 1.14848 4.49403 5.22633 25.76420 0.00003
91 5.230860534E+06 1.15360 4.49206 5.22869 25.75302 0.00004
92 5.264274021E+06 1.15875 4.49007 5.23102 25.74205 0.00004
93 5.297127236E+06 1.16391 4.48806 5.23332 25.73131 0.00004
94 5.329420371E+06 1.16909 4.48604 5.23558 25.72080 0.00004
95 5.361153586E+06 1.17427 4.48400 5.23778 25.71052 0.00004
96 5.392283841E+06 1.17944 4.48195 5.23991 25.70048 0.00004
97 5.422775059E+06 1.18461 4.47989 5.24201 25.69071 0.00004
98 5.452737554E+06 1.18978 4.47782 5.24408 25.68117 0.00004
99 5.482240031E+06 1.19501 4.47572 5.24615 25.67184 0.00005
100 5.511178406E+06 1.20032 4.47359 5.24825 25.66275 0.00005
101 5.539500788E+06 1.20564 4.47146 5.25036 25.65393 0.00005
102 5.567479574E+06 1.21102 4.46929 5.25246 25.64527 0.00005
103 5.595077614E+06 1.21644 4.46711 5.25456 25.63681 0.00005
104 5.622246132E+06 1.22188 4.46491 5.25663 25.62855 0.00006
105 5.648974738E+06 1.22734 4.46269 5.25868 25.62051 0.00006
106 5.675269320E+06 1.23282 4.46046 5.26071 25.61267 0.00006
107 5.701142457E+06 1.23832 4.45821 5.26272 25.60503 0.00006
108 5.726600823E+06 1.24381 4.45596 5.26469 25.59760 0.00006
109 5.751724471E+06 1.24929 4.45370 5.26663 25.59036 0.00007
110 5.776539312E+06 1.25475 4.45144 5.26852 25.58328 0.00007
111 5.800979885E+06 1.26019 4.44919 5.27037 25.57640 0.00007
112 5.825040312E+06 1.26563 4.44693 5.27220 25.56971 0.00008
113 5.848742608E+06 1.27107 4.44466 5.27402 25.56321 0.00008
114 5.872124939E+06 1.27653 4.44238 5.27582 25.55688 0.00009
115 5.895199627E+06 1.28203 4.44008 5.27763 25.55072 0.00009
116 5.917942561E+06 1.28776 4.43768 5.27947 25.54347 8.93800
117 5.939808511E+06 1.29265 4.43568 5.28126 25.53507 9.42090
118 5.950741486E+06 1.29504 4.43467 5.28198 25.53051 9.52816
119 5.963861056E+06 1.29829 4.43329 5.28298 25.52445 9.57152
120 5.979604540E+06 1.30232 4.43159 5.28422 25.51630 9.56845
121 5.998496721E+06 1.30721 4.42950 5.28568 25.50524 9.55715
122 6.021167338E+06 1.31315 4.42696 5.28741 25.49006 9.52445
123 6.043821279E+06 1.31911 4.42441 5.28909 25.47300 9.43024
124 6.065962596E+06 1.32499 4.42188 5.29072 25.45446 9.37320
125 6.087153207E+06 1.33071 4.41940 5.29227 25.43498 9.33624
126 6.108206831E+06 1.33652 4.41689 5.29383 25.41386 9.31167
127 6.128905500E+06 1.34240 4.41434 5.29538 25.39133 9.30199
128 6.149109002E+06 1.34825 4.41179 5.29692 25.36762 9.29894
129 6.168849606E+06 1.35418 4.40921 5.29846 25.34275 9.29693
130 6.187763280E+06 1.35994 4.40671 5.29997 25.31731 9.29428
131 6.206098562E+06 1.36551 4.40430 5.30145 25.29114 9.29077
132 6.224029900E+06 1.37087 4.40199 5.30293 25.26413 9.28663
133 6.241610795E+06 1.37591 4.39984 5.30441 25.23631 9.28245
134 6.258905287E+06 1.38057 4.39788 5.30592 25.20773 9.27893
135 6.275799717E+06 1.38464 4.39623 5.30746 25.17874 9.27572
136 6.291823576E+06 1.38779 4.39505 5.30902 25.15045 9.27266
137 6.306493658E+06 1.38978 4.39444 5.31057 25.12404 9.26997
138 6.319015655E+06 1.39043 4.39449 5.31206 25.10132 9.26773
139 6.329093487E+06 1.38989 4.39510 5.31341 25.08308 9.26593
140 6.336794842E+06 1.38850 4.39609 5.31461 25.06926 9.26460
141 6.342692995E+06 1.38661 4.39730 5.31568 25.05883 9.26476
142 6.347355564E+06 1.38444 4.39863 5.31665 25.05073 9.26539
143 6.351142749E+06 1.38214 4.40001 5.31756 25.04428 9.26623
144 6.354294477E+06 1.37972 4.40144 5.31845 25.03902 9.26734
145 6.356949227E+06 1.37723 4.40291 5.31933 25.03470 9.26866
146 6.359204687E+06 1.37468 4.40440 5.32020 25.03112 9.27014
147 6.361132898E+06 1.37211 4.40590 5.32107 25.02814 9.27175
148 6.362789186E+06 1.36952 4.40742 5.32194 25.02564 9.27345
149 6.364217974E+06 1.36693 4.40893 5.32283 25.02356 9.27520
150 6.365453493E+06 1.36433 4.41046 5.32373 25.02181 9.27696
151 6.366519382E+06 1.36178 4.41196 5.32465 25.02035 9.27872
152 6.367448213E+06 1.35929 4.41344 5.32558 25.01912 9.28050
153 6.368258953E+06 1.35687 4.41489 5.32654 25.01808 9.28228
154 6.368968618E+06 1.35451 4.41631 5.32752 25.01720 9.28405
155 6.369590907E+06 1.35224 4.41770 5.32852 25.01646 9.28578
156 6.370137429E+06 1.35004 4.41905 5.32954 25.01583 9.28747
157 6.370617644E+06 1.34793 4.42037 5.33059 25.01530 9.28910
158 6.371039533E+06 1.34590 4.42165 5.33165 25.01485 9.29065
159 6.371409943E+06 1.34396 4.42289 5.33273 25.01447 9.29199
160 6.371735101E+06 1.34206 4.42411 5.33381 25.01415 9.29313
161 6.372019354E+06 1.34027 4.42528 5.33490 25.01389 9.29414
162 6.372269424E+06 1.33857 4.42640 5.33600 25.01366 9.29501
163 6.372489180E+06 1.33696 4.42749 5.33710 25.01347 9.29575
164 6.372682372E+06 1.33543 4.42853 5.33821 25.01331 9.29635
165 6.372852192E+06 1.33398 4.42953 5.33932 25.01318 9.29674
166 6.373001668E+06 1.33261 4.43049 5.34041 25.01307 9.29690
167 6.373133403E+06 1.33132 4.43141 5.34150 25.01297 9.29670
168 6.373249531E+06 1.33008 4.43229 5.34259 25.01289 9.29594
169 6.373351786E+06 1.32891 4.43315 5.34366 25.01283 9.29480
170 6.373441787E+06 1.32781 4.43396 5.34470 25.01277 9.29352
171 6.373521596E+06 1.32675 4.43474 5.34571 25.01272 9.29210
172 6.373592217E+06 1.32576 4.43546 5.34662 25.01268 9.29073
173 6.373659575E+06 1.32482 4.43615 5.34747 25.01265 9.28937
174 6.373725894E+06 1.32390 4.43681 5.34828 25.01261 9.28801
175 6.373791870E+06 1.32299 4.43746 5.34906 25.01258 9.28664
176 6.373858071E+06 1.32210 4.43809 5.34979 25.01255 9.28527
177 6.373924987E+06 1.32123 4.43869 5.35048 25.01253 9.28391
178 6.373992853E+06 1.32038 4.43928 5.35113 25.01250 9.28257
179 6.374062030E+06 1.31955 4.43985 5.35173 25.01247 9.28129
180 6.374132831E+06 1.31874 4.44039 5.35228 25.01244 9.28125
181 6.374205599E+06 1.31797 4.44089 5.35276 25.01241 9.28389
182 6.374280634E+06 1.31724 4.44137 5.35319 25.01238 9.28629
183 6.374358280E+06 1.31656 4.44180 5.35355 25.01235 9.28833
184 6.374439120E+06 1.31594 4.44218 5.35383 25.01232 9.28989
185 6.374523566E+06 1.31538 4.44251 5.35404 25.01228 9.29083
186 6.374612139E+06 1.31489 4.44278 5.35415 25.01225 9.29105
187 6.374705409E+06 1.31451 4.44297 5.35415 25.01221 9.29045
188 6.374803824E+06 1.31423 4.44308 5.35403 25.01217 9.28902
189 6.374907897E+06 1.31408 4.44309 5.35377 25.01212 9.28672
190 6.375017989E+06 1.31410 4.44298 5.35336 25.01208 9.28295
191 6.375134407E+06 1.31432 4.44272 5.35278 25.01203 9.27660
192 6.375255542E+06 1.31476 4.44232 5.35204 25.01198 9.25798
193 6.375380403E+06 1.31545 4.44175 5.35113 25.01193 9.22296
194 6.375509500E+06 1.31641 4.44100 5.35006 25.01188 9.18002
195 6.375642175E+06 1.31767 4.44006 5.34883 25.01182 9.13199
196 6.375776443E+06 1.31925 4.43893 5.34747 25.01177 9.08124
197 6.375911262E+06 1.32117 4.43761 5.34601 25.01171 9.02905
198 6.376045890E+06 1.32348 4.43607 5.34449 25.01164 8.97620
199 6.376179686E+06 1.32623 4.43431 5.34296 25.01156 8.92414
200 6.376312123E+06 1.32944 4.43234 5.34148 25.01147 8.87395
201 6.376442853E+06 1.33313 4.43015 5.34011 25.01137 8.82641
202 6.376570987E+06 1.33730 4.42777 5.33891 25.01126 8.78246
203 6.376695670E+06 1.34191 4.42522 5.33793 25.01114 8.74291
204 6.376816657E+06 1.34692 4.42252 5.33718 25.01101 8.70832
205 6.376933793E+06 1.35228 4.41972 5.33667 25.01087 8.67930
206 6.377047057E+06 1.35792 4.41683 5.33638 25.01073 8.65650
207 6.377156523E+06 1.36377 4.41388 5.33629 25.01058 8.64042
208 6.377262366E+06 1.36977 4.41089 5.33636 25.01042 8.63077
209 6.377364937E+06 1.37591 4.40788 5.33657 25.01025 8.62421
210 6.377464443E+06 1.38213 4.40485 5.33689 25.01008 8.60963
211 6.377561246E+06 1.38840 4.40181 5.33730 25.00991 8.59274
212 6.377655184E+06 1.39462 4.39882 5.33778 25.00973 8.57476
213 6.377747687E+06 1.40092 4.39581 5.33831 25.00954 8.55616
214 6.377838468E+06 1.40725 4.39279 5.33889 25.00934 8.53746
215 6.377927720E+06 1.41361 4.38976 5.33950 25.00914 8.51889
216 6.378015638E+06 1.42000 4.38672 5.34013 25.00893 8.50065
217 6.378102380E+06 1.42642 4.38368 5.34079 25.00872 8.48288
218 6.378188077E+06 1.43286 4.38062 5.34145 25.00850 8.46569
219 6.378272837E+06 1.43934 4.37755 5.34212 25.00827 8.44919
220 6.378356742E+06 1.44580 4.37449 5.34280 25.00804 8.43347
221 6.378440238E+06 1.45223 4.37144 5.34348 25.00780 8.41856
222 6.378523762E+06 1.45873 4.36836 5.34416 25.00755 8.40463
223 6.378606722E+06 1.46526 4.36527 5.34484 25.00730 8.39194
224 6.378689119E+06 1.47181 4.36216 5.34552 25.00704 8.38070
225 6.378770985E+06 1.47838 4.35905 5.34620 25.00677 8.37107
226 6.378852349E+06 1.48498 4.35592 5.34687 25.00650 8.36319
227 6.378933247E+06 1.49160 4.35278 5.34754 25.00622 8.35693
228 6.379013680E+06 1.49825 4.34961 5.34819 25.00594 8.35195
229 6.379093575E+06 1.50480 4.34650 5.34883 25.00567 8.34818
230 6.379173966E+06 1.51142 4.34335 5.34947 25.00539 8.34529
231 6.379254216E+06 1.51808 4.34017 5.35010 25.00512 8.34180
232 6.379334071E+06 1.52477 4.33698 5.35071 25.00484 8.33384
233 6.379413370E+06 1.53146 4.33379 5.35132 25.00458 8.32495
234 6.379491736E+06 1.53814 4.33060 5.35191 25.00431 8.31548
235 6.379569539E+06 1.54483 4.32739 5.35248 25.00405 8.30560
236 6.379646803E+06 1.55153 4.32418 5.35304 25.00380 8.29546
237 6.379723534E+06 1.55819 4.32099 5.35358 25.00354 8.28512
238 6.379800336E+06 1.56480 4.31782 5.35411 25.00329 8.27460
239 6.379877505E+06 1.57150 4.31460 5.35463 25.00304 8.26399
240 6.379954251E+06 1.57823 4.31136 5.35514 25.00278 8.25350
241 6.380030530E+06 1.58498 4.30811 5.35564 25.00254 8.24320
242 6.380106336E+06 1.59174 4.30485 5.35612 25.00229 8.23316
243 6.380181662E+06 1.59854 4.30157 5.35660 25.00205 8.22344
244 6.380256504E+06 1.60535 4.29828 5.35706 25.00181 8.21411
245 6.380330856E+06 1.61216 4.29499 5.35751 25.00158 8.20519
246 6.380405026E+06 1.61886 4.29175 5.35795 25.00134 8.19666
247 6.380480033E+06 1.62569 4.28844 5.35838 25.00111 8.18858
248 6.380554688E+06 1.63255 4.28512 5.35881 25.00088 8.18115
249 6.380628926E+06 1.63944 4.28178 5.35923 25.00065 8.17445
250 6.380702733E+06 1.64636 4.27842 5.35964 25.00042 8.16853
251 6.380776104E+06 1.65331 4.27504 5.36004 25.00019 8.16344
252 6.380849033E+06 1.66029 4.27165 5.36043 24.99997 8.15916
253 6.380921515E+06 1.66730 4.26824 5.36081 24.99975 8.15552
254 6.380993541E+06 1.67413 4.26492 5.36118 24.99954 8.15243
255 6.381066745E+06 1.68113 4.26151 5.36154 24.99932 8.14984
256 6.381139635E+06 1.68816 4.25808 5.36188 24.99910 8.14770
257 6.381212115E+06 1.69523 4.25463 5.36222 24.99889 8.14596
258 6.381284151E+06 1.70233 4.25116 5.36254 24.99868 8.14459
259 6.381355723E+06 1.70946 4.24767 5.36286 24.99847 8.14056
260 6.381426818E+06 1.71664 4.24416 5.36316 24.99827 8.13581
261 6.381496949E+06 1.72380 4.24065 5.36346 24.99807 8.13075
262 6.381566434E+06 1.73079 4.23723 5.36374 24.99787 8.12537
263 6.381636824E+06 1.73789 4.23375 5.36401 24.99767 8.11967
264 6.381707174E+06 1.74505 4.23023 5.36427 24.99747 8.11381
265 6.381777025E+06 1.75225 4.22670 5.36453 24.99728 8.10788
266 6.381846351E+06 1.75948 4.22314 5.36477 24.99709 8.10194
267 6.381915133E+06 1.76675 4.21957 5.36500 24.99690 8.09602
268 6.381983353E+06 1.77405 4.21597 5.36523 24.99672 8.09016
269 6.382050994E+06 1.78139 4.21236 5.36544 24.99653 8.08439
270 6.382118042E+06 1.78859 4.20880 5.36565 24.99635 8.07864
271 6.382185674E+06 1.79583 4.20523 5.36584 24.99618 8.07285
272 6.382253661E+06 1.80319 4.20160 5.36603 24.99600 8.06714
273 6.382321139E+06 1.81059 4.19794 5.36621 24.99582 8.06158
274 6.382388060E+06 1.81803 4.19427 5.36638 24.99565 8.05622
275 6.382454395E+06 1.82551 4.19057 5.36655 24.99548 8.05105
276 6.382520105E+06 1.83303 4.18685 5.36670 24.99531 8.04611
277 6.382585151E+06 1.84058 4.18311 5.36685 24.99515 8.04140
278 6.382649495E+06 1.84804 4.17942 5.36700 24.99498 8.03688
279 6.382713946E+06 1.85542 4.17577 5.36713 24.99482 8.03248
280 6.382779054E+06 1.86297 4.17202 5.36726 24.99466 8.02825
281 6.382843520E+06 1.87055 4.16826 5.36739 24.99451 8.02430
282 6.382907256E+06 1.87816 4.16449 5.36751 24.99435 8.02063
283 6.382970225E+06 1.88579 4.16070 5.36762 24.99420 8.01723
284 6.383032395E+06 1.89345 4.15690 5.36773 24.99405 8.01411
285 6.383093732E+06 1.90113 4.15308 5.36783 24.99391 8.01124
286 6.383154204E+06 1.90873 4.14931 5.36792 24.99377 8.00861
287 6.383214387E+06 1.91614 4.14562 5.36802 24.99363 8.00613
288 6.383275457E+06 1.92377 4.14183 5.36810 24.99349 8.00384
289 6.383335810E+06 1.93142 4.13802 5.36818 24.99335 8.00179
290 6.383395356E+06 1.93910 4.13421 5.36825 24.99322 7.99997
291 6.383454085E+06 1.94679 4.13038 5.36832 24.99309 7.99835
292 6.383511989E+06 1.95450 4.12653 5.36838 24.99296 7.99691
293 6.383569064E+06 1.96224 4.12268 5.36844 24.99283 7.99563
294 6.383625295E+06 1.96992 4.11885 5.36850 24.99271 7.99445
295 6.383681189E+06 1.97736 4.11515 5.36855 24.99259 7.99333
296 6.383738262E+06 1.98505 4.11131 5.36858 24.99247 7.99228
297 6.383794725E+06 1.99278 4.10745 5.36861 24.99235 7.99135
298 6.383850447E+06 2.00055 4.10357 5.36863 24.99223 7.99052
299 6.383905402E+06 2.00834 4.09968 5.36864 24.99212 7.98977
300 6.383959576E+06 2.01617 4.09577 5.36865 24.99201 7.98909
301 6.384012958E+06 2.02402 4.09184 5.36866 24.99189 7.98847
302 6.384065527E+06 2.03184 4.08793 5.36866 24.99179 7.98789
303 6.384117671E+06 2.03936 4.08418 5.36867 24.99168 7.98731
304 6.384171216E+06 2.04718 4.08026 5.36865 24.99156 7.98674
305 6.384224198E+06 2.05505 4.07632 5.36863 24.99145 7.98621
306 6.384276410E+06 2.06296 4.07236 5.36861 24.99133 7.98571
307 6.384327792E+06 2.07090 4.06838 5.36857 24.99121 7.98524
308 6.384378309E+06 2.07886 4.06439 5.36854 24.99110 7.98480
309 6.384427926E+06 2.08685 4.06039 5.36850 24.99098 7.98439
310 6.384476613E+06 2.09480 4.05640 5.36846 24.99086 7.98399
311 6.384524644E+06 2.10237 4.05262 5.36845 24.99074 7.98359
312 6.384574169E+06 2.11027 4.04866 5.36840 24.99061 7.98319
313 6.384623103E+06 2.11822 4.04466 5.36834 24.99048 7.98280
314 6.384671137E+06 2.12619 4.04066 5.36828 24.99035 7.98228
315 6.384718215E+06 2.13418 4.03665 5.36821 24.99021 7.98181
316 6.384764299E+06 2.14217 4.03264 5.36815 24.99007 7.98150
317 6.384809429E+06 2.15018 4.02862 5.36808 24.98993 7.98138
318 6.384853631E+06 2.15815 4.02462 5.36801 24.98979 7.98137
319 6.384897246E+06 2.16570 4.02083 5.36798 24.98964 7.98108
320 6.384942526E+06 2.17362 4.01686 5.36790 24.98948 7.98087
321 6.384987403E+06 2.18162 4.01284 5.36782 24.98932 7.98081
322 6.385031520E+06 2.18966 4.00879 5.36773 24.98915 7.98091
323 6.385074798E+06 2.19774 4.00473 5.36763 24.98898 7.98108
324 6.385117230E+06 2.20585 4.00065 5.36753 24.98880 7.98123
325 6.385158815E+06 2.21399 3.99655 5.36743 24.98862 7.98139
326 6.385199549E+06 2.22211 3.99247 5.36733 24.98844 7.98154
327 6.385239736E+06 2.22978 3.98862 5.36729 24.98826 7.98169
328 6.385281717E+06 2.23783 3.98457 5.36719 24.98807 7.98185
329 6.385323666E+06 2.24603 3.98044 5.36707 24.98787 7.98200
330 6.385365059E+06 2.25430 3.97627 5.36695 24.98768 7.98215
331 6.385405756E+06 2.26264 3.97207 5.36681 24.98748 7.98230
332 6.385445746E+06 2.27104 3.96784 5.36667 24.98728 7.98241
333 6.385485055E+06 2.27950 3.96357 5.36653 24.98708 7.98214
334 6.385523716E+06 2.28803 3.95927 5.36638 24.98687 7.98181
335 6.385561718E+06 2.29606 3.95524 5.36633 24.98667 7.98171
336 6.385601617E+06 2.30446 3.95101 5.36620 24.98645 7.98158
337 6.385642066E+06 2.31310 3.94665 5.36605 24.98623 7.98139
338 6.385682353E+06 2.32190 3.94221 5.36587 24.98600 7.98113
339 6.385722300E+06 2.33083 3.93770 5.36569 24.98576 7.98080
340 6.385761990E+06 2.33991 3.93311 5.36549 24.98552 7.98043
341 6.385801608E+06 2.34918 3.92842 5.36528 24.98528 7.98000
342 6.385841375E+06 2.35866 3.92362 5.36506 24.98503 7.97957
343 6.385881522E+06 2.36815 3.91884 5.36489 24.98477 7.97929
344 6.385923571E+06 2.37787 3.91393 5.36471 24.98449 7.97893
345 6.385968604E+06 2.38825 3.90868 5.36445 24.98418 7.97831
346 6.386016794E+06 2.39945 3.90300 5.36413 24.98384 7.97771
347 6.386069466E+06 2.41180 3.89672 5.36373 24.98346 7.97709
348 6.386130100E+06 2.42611 3.88944 5.36322 24.98301 7.97642
349 6.386197846E+06 2.44222 3.88121 5.36254 24.98248 7.97239
350 6.386244177E+06 2.45318 3.87559 5.36197 24.98211 7.96813
351 6.386278270E+06 2.46122 3.87145 5.36149 24.98183 7.96441
352 6.386306787E+06 2.46797 3.86796 5.36105 24.98160 7.96098
353 6.386331951E+06 2.47379 3.86500 5.36084 24.98139 7.95789
354 6.386356128E+06 2.47918 3.86223 5.36054 24.98118 7.95491
355 6.386379222E+06 2.48431 3.85958 5.36018 24.98098 7.95208
356 6.386401149E+06 2.48924 3.85702 5.35979 24.98080 7.94943
357 6.386421942E+06 2.49401 3.85453 5.35939 24.98061 7.94700
358 6.386441748E+06 2.49861 3.85214 5.35901 24.98044 7.94479
359 6.386460965E+06 2.50312 3.84978 5.35861 24.98027 7.94276
360 6.386479653E+06 2.50759 3.84744 5.35820 24.98010 7.94092
361 6.386497810E+06 2.51202 3.84517 5.35796 24.97994 7.93930
362 6.386515973E+06 2.51637 3.84294 5.35774 24.97977 7.93787
363 6.386534434E+06 2.52071 3.84069 5.35742 24.97960 7.93661
364 6.386552874E+06 2.52507 3.83841 5.35704 24.97943 7.93552
365 6.386570994E+06 2.52939 3.83616 5.35666 24.97926 7.93466
366 6.386588983E+06 2.53372 3.83389 5.35626 24.97909 7.93401
367 6.386606798E+06 2.53809 3.83161 5.35584 24.97892 7.93357
368 6.386624337E+06 2.54248 3.82930 5.35540 24.97875 7.93309
369 6.386641543E+06 2.54695 3.82699 5.35509 24.97858 7.93245
370 6.386658759E+06 2.55145 3.82468 5.35487 24.97841 7.93170
371 6.386676294E+06 2.55593 3.82236 5.35455 24.97824 7.93086
372 6.386694073E+06 2.56043 3.82002 5.35419 24.97807 7.92996
373 6.386712097E+06 2.56500 3.81764 5.35381 24.97789 7.92903
374 6.386730242E+06 2.56965 3.81521 5.35338 24.97770 7.92807
375 6.386748327E+06 2.57438 3.81273 5.35292 24.97752 7.92713
376 6.386766242E+06 2.57918 3.81021 5.35243 24.97734 7.92621
377 6.386783927E+06 2.58410 3.80765 5.35202 24.97715 7.92534
378 6.386801509E+06 2.58912 3.80507 5.35178 24.97697 7.92455
379 6.386819336E+06 2.59405 3.80253 5.35148 24.97678 7.92384
380 6.386837803E+06 2.59908 3.79993 5.35111 24.97659 7.92320
381 6.386856684E+06 2.60422 3.79725 5.35069 24.97639 7.92265
382 6.386875764E+06 2.60945 3.79452 5.35023 24.97618 7.92220
383 6.386894884E+06 2.61475 3.79174 5.34972 24.97598 7.92186
384 6.386913956E+06 2.62017 3.78890 5.34918 24.97577 7.92159
385 6.386932920E+06 2.62571 3.78599 5.34861 24.97556 7.92121
386 6.386951819E+06 2.63154 3.78300 5.34833 24.97535 7.92076
387 6.386971024E+06 2.63733 3.78003 5.34801 24.97514 7.92026
388 6.386991005E+06 2.64327 3.77696 5.34761 24.97491 7.91970
389 6.387011417E+06 2.64935 3.77380 5.34714 24.97468 7.91910
390 6.387031956E+06 2.65553 3.77058 5.34660 24.97445 7.91848
391 6.387052471E+06 2.66179 3.76730 5.34603 24.97421 7.91786
392 6.387072866E+06 2.66812 3.76398 5.34540 24.97398 7.91724
393 6.387093076E+06 2.67450 3.76063 5.34475 24.97374 7.91664
394 6.387113109E+06 2.68094 3.75728 5.34422 24.97351 7.91608
395 6.387133287E+06 2.68752 3.75390 5.34388 24.97327 7.91556
396 6.387153779E+06 2.69399 3.75056 5.34345 24.97303 7.91509
397 6.387174641E+06 2.70043 3.74721 5.34292 24.97279 7.91467
398 6.387195614E+06 2.70680 3.74387 5.34233 24.97254 7.91431
399 6.387216579E+06 2.71311 3.74056 5.34169 24.97228 7.91402
400 6.387237480E+06 2.71937 3.73725 5.34100 24.97203 7.91381
401 6.387258306E+06 2.72566 3.73393 5.34029 24.97178 7.91362
402 6.387279288E+06 2.73206 3.73056 5.33961 24.97153 7.91338
403 6.387300872E+06 2.73868 3.72707 5.33889 24.97127 7.91310
404 6.387323066E+06 2.74564 3.72344 5.33829 24.97100 7.91278
405 6.387345992E+06 2.75275 3.71973 5.33768 24.97072 7.91244
406 6.387369927E+06 2.76006 3.71590 5.33696 24.97043 7.91210
407 6.387394718E+06 2.76750 3.71198 5.33616 24.97013 7.91176
408 6.387420450E+06 2.77481 3.70811 5.33529 24.96982 7.91144
409 6.387447198E+06 2.78236 3.70409 5.33435 24.96950 7.91115
410 6.387475245E+06 2.79074 3.69965 5.33332 24.96916 7.91089
411 6.387506056E+06 2.80036 3.69455 5.33216 24.96879 7.91066
412 6.387541352E+06 2.81111 3.68884 5.33084 24.96836 7.91048
413 6.387580400E+06 2.82243 3.68281 5.32935 24.96790 7.91038
414 6.387618902E+06 2.83473 3.67628 5.32781 24.96744 7.91060
415 6.387655721E+06 2.84565 3.67044 5.32630 24.96701 7.91085
416 6.387689674E+06 2.85340 3.66621 5.32489 24.96662 7.91107
417 6.387721229E+06 2.86150 3.66181 5.32347 24.96626 7.91130
418 6.387750519E+06 2.86942 3.65750 5.32209 24.96593 7.91154
419 6.387779702E+06 2.87663 3.65355 5.32069 24.96561 7.91176
420 6.387809120E+06 2.88342 3.64979 5.31924 24.96528 7.91200
421 6.387838300E+06 2.89096 3.64568 5.31787 24.96497 7.91224
422 6.387865611E+06 2.89829 3.64169 5.31658 24.96467 7.91248
423 6.387891917E+06 2.90414 3.63845 5.31533 24.96440 7.91269
424 6.387919566E+06 2.90848 3.63596 5.31404 24.96411 7.91288
425 6.387950312E+06 2.91260 3.63353 5.31256 24.96379 7.91308
426 6.387982646E+06 2.91795 3.63042 5.31084 24.96346 7.91331
427 6.388013414E+06 2.92372 3.62712 5.30915 24.96316 7.91353
428 6.388043306E+06 2.92888 3.62414 5.30755 24.96286 7.91374
429 6.388074723E+06 2.93360 3.62136 5.30588 24.96256 7.91395
430 6.388108240E+06 2.93829 3.61856 5.30406 24.96224 7.91416
431 6.388143204E+06 2.94337 3.61551 5.30204 24.96191 7.91438
432 6.388178257E+06 2.94844 3.61247 5.30000 24.96160 7.91460
433 6.388214115E+06 2.95316 3.60964 5.29811 24.96127 7.91481
434 6.388251391E+06 2.95685 3.60732 5.29623 24.96095 7.91501
435 6.388291441E+06 2.95984 3.60532 5.29421 24.96060 7.91517
436 6.388333344E+06 2.96260 3.60342 5.29213 24.96025 7.91530
437 6.388376336E+06 2.96548 3.60146 5.29004 24.95989 7.91544
438 6.388420121E+06 2.96852 3.59943 5.28801 24.95953 7.91560
439 6.388464731E+06 2.97168 3.59744 5.28634 24.95917 7.91576
440 6.388510572E+06 2.97533 3.59562 5.28639 24.95880 7.91596
441 6.388559093E+06 2.97900 3.59396 5.28707 24.95842 7.91617
442 6.388610351E+06 2.98248 3.59238 5.28773 24.95801 7.91635
443 6.388664065E+06 2.98579 3.59087 5.28830 24.95758 7.91652
444 6.388719872E+06 2.98882 3.58943 5.28860 24.95714 7.91667
445 6.388777348E+06 2.99166 3.58803 5.28869 24.95669 7.91678
446 6.388836109E+06 2.99433 3.58668 5.28865 24.95624 7.91688
447 6.388895860E+06 2.99720 3.58534 5.28901 24.95577 7.91703
448 6.388956876E+06 2.99993 3.58405 5.28929 24.95530 7.91716
449 6.389018876E+06 3.00255 3.58279 5.28951 24.95482 7.91728
450 6.389081644E+06 3.00508 3.58158 5.28972 24.95434 7.91740
451 6.389145009E+06 3.00775 3.58038 5.29026 24.95386 7.91755
452 6.389209342E+06 3.01046 3.57921 5.29099 24.95337 7.91771
453 6.389274561E+06 3.01307 3.57808 5.29170 24.95287 7.91786
454 6.389340493E+06 3.01561 3.57699 5.29242 24.95237 7.91801
455 6.389407036E+06 3.01825 3.57592 5.29343 24.95187 7.91817
456 6.389474565E+06 3.02099 3.57488 5.29472 24.95135 7.91834
457 6.389543262E+06 3.02362 3.57387 5.29598 24.95083 7.91851
458 6.389612851E+06 3.02618 3.57291 5.29724 24.95030 7.91867
459 6.389683262E+06 3.02880 3.57197 5.29874 24.94976 7.91885
460 6.389754892E+06 3.03153 3.57105 5.30052 24.94921 7.91904
461 6.389828133E+06 3.03415 3.57018 5.30225 24.94864 7.91922
462 6.389902621E+06 3.03668 3.56934 5.30396 24.94806 7.91940
463 6.389978305E+06 3.03926 3.56852 5.30585 24.94747 7.91959
464 6.390055663E+06 3.04192 3.56773 5.30799 24.94686 7.91980
465 6.390135186E+06 3.04447 3.56697 5.31005 24.94622 7.92000
466 6.390216464E+06 3.04692 3.56624 5.31206 24.94557 7.92020
467 6.390299468E+06 3.04938 3.56554 5.31417 24.94491 7.92041
468 6.390384714E+06 3.05193 3.56485 5.31651 24.94421 7.92065
469 6.390472940E+06 3.05436 3.56420 5.31875 24.94349 7.92088
470 6.390563600E+06 3.05670 3.56357 5.32092 24.94274 7.92113
471 6.390656690E+06 3.05899 3.56297 5.32309 24.94196 7.92139
472 6.390752606E+06 3.06139 3.56237 5.32551 24.94115 7.92168
473 6.390852633E+06 3.06367 3.56181 5.32780 24.94030 7.92199
474 6.390956081E+06 3.06585 3.56127 5.33001 24.93940 7.92232
475 6.391063021E+06 3.06796 3.56075 5.33217 24.93848 7.92269
476 6.391173474E+06 3.07019 3.56023 5.33455 24.93751 7.92311
477 6.391289501E+06 3.07231 3.55974 5.33684 24.93648 7.92359
478 6.391410555E+06 3.07435 3.55928 5.33904 24.93539 7.92412
479 6.391536610E+06 3.07632 3.55883 5.34119 24.93425 7.92469
480 6.391667955E+06 3.07834 3.55838 5.34346 24.93305 7.92529
481 6.391806544E+06 3.08032 3.55796 5.34572 24.93176 7.92594
482 6.391953096E+06 3.08223 3.55755 5.34789 24.93039 7.92665
483 6.392107524E+06 3.08407 3.55716 5.35002 24.92894 7.92742
484 6.392270631E+06 3.08592 3.55677 5.35218 24.92738 7.92825
485 6.392444533E+06 3.08778 3.55640 5.35440 24.92570 7.92916
486 6.392630932E+06 3.08956 3.55604 5.35654 24.92388 7.93015
487 6.392830441E+06 3.09129 3.55570 5.35862 24.92192 7.93124
488 6.393044732E+06 3.09302 3.55537 5.36075 24.91978 7.93244
489 6.393277196E+06 3.09475 3.55504 5.36290 24.91744 7.93376
490 6.393531443E+06 3.09642 3.55473 5.36500 24.91485 7.93522
491 6.393810431E+06 3.09804 3.55443 5.36705 24.91198 7.93686
492 6.394119074E+06 3.09968 3.55414 5.36916 24.90877 7.93869
493 6.394467054E+06 3.10128 3.55386 5.37122 24.90511 7.94080
494 6.394866293E+06 3.10281 3.55359 5.37322 24.90086 7.94325
495 6.395332091E+06 3.10429 3.55334 5.37519 24.89586 7.94616
496 6.395890108E+06 3.10572 3.55310 5.37709 24.88980 7.94970
497 6.396559727E+06 3.10697 3.55290 5.37877 24.88246 7.95404
498 6.397363271E+06 3.10806 3.55272 5.38024 24.87358 7.95936
499 6.398327523E+06 3.10898 3.55257 5.38148 24.86285 7.96592
500 6.399484626E+06 3.10971 3.55245 5.38246 24.84991 7.97425
501 6.400873150E+06 3.11035 3.55234 5.38333 24.83431 7.98455
502 6.402539378E+06 3.11094 3.55224 5.38409 24.81550 7.99718
503 6.404538852E+06 3.11151 3.55214 5.38483 24.79285 8.01256
504 6.406938221E+06 3.11216 3.55202 5.38565 24.76554 8.03115
505 6.409817463E+06 3.11286 3.55189 5.38653 24.73262 8.05351
506 6.413272554E+06 3.11370 3.55173 5.38756 24.69289 8.08025
507 6.417418663E+06 3.11467 3.55154 5.38875 24.64491 8.11211
508 6.422393994E+06 3.11582 3.55131 5.39014 24.58691 8.14993
509 6.428364391E+06 3.11719 3.55104 5.39179 24.51669 8.19472
510 6.435069752E+06 3.11871 3.55074 5.39360 24.43705 8.24431
511 6.441932461E+06 3.12024 3.55043 5.39542 24.35476 8.29439
512 6.448929518E+06 3.12177 3.55011 5.39723 24.27003 8.34480
513 6.456058291E+06 3.12330 3.54980 5.39903 24.18286 8.39556
514 6.463271922E+06 3.12483 3.54948 5.40081 24.09382 8.44634
515 6.470531770E+06 3.12633 3.54916 5.40256 24.00336 8.49695
516 6.477830523E+06 3.12780 3.54885 5.40426 23.91157 8.54723
517 6.485141683E+06 3.12924 3.54854 5.40590 23.81882 8.59689
518 6.492463719E+06 3.13065 3.54824 5.40750 23.72513 8.64594
519 6.499813280E+06 3.13204 3.54794 5.40906 23.63029 8.69452
520 6.507206045E+06 3.13340 3.54764 5.41059 23.53411 8.74272
521 6.514631887E+06 3.13474 3.54734 5.41207 23.43673 8.79050
522 6.522052891E+06 3.13603 3.54705 5.41350 23.33866 8.83761
523 6.529434191E+06 3.13728 3.54676 5.41486 23.24041 8.88383
524 6.536764270E+06 3.13848 3.54649 5.41615 23.14217 8.92914
525 6.544065814E+06 3.13964 3.54622 5.41739 23.04366 8.97370
526 6.551377838E+06 3.14078 3.54595 5.41858 22.94439 9.01776
527 6.558716107E+06 3.14189 3.54568 5.41975 22.84414 9.06145
528 6.566077464E+06 3.14298 3.54542 5.42087 22.74299 9.10476
529 6.573435340E+06 3.14403 3.54516 5.42194 22.64131 9.14754
530 6.580736328E+06 3.14502 3.54491 5.42294 22.53990 9.18952
531 6.587966136E+06 3.14597 3.54467 5.42387 22.43900 9.23067
532 6.595148566E+06 3.14688 3.54444 5.42474 22.33831 9.27086
533 6.602322827E+06 3.14776 3.54421 5.42558 22.23730 9.31026
534 6.609537196E+06 3.14862 3.54398 5.42640 22.13531 9.34917
535 6.616794310E+06 3.14947 3.54375 5.42719 22.03232 9.38762
536 6.624074751E+06 3.15030 3.54352 5.42794 21.92860 9.42550
537 6.631346235E+06 3.15109 3.54331 5.42864 21.82466 9.46265
538 6.638566042E+06 3.15183 3.54310 5.42928 21.72114 9.49888
539 6.645725286E+06 3.15253 3.54289 5.42987 21.61821 9.53418
540 6.652861137E+06 3.15320 3.54269 5.43042 21.51535 9.56877
541 6.660001307E+06 3.15386 3.54250 5.43096 21.41218 9.60283
542 6.667173844E+06 3.15451 3.54230 5.43148 21.30830 9.63651
543 6.674390929E+06 3.15516 3.54211 5.43198 21.20354 9.66991
544 6.681632339E+06 3.15578 3.54192 5.43247 21.09820 9.70298
545 6.688866729E+06 3.15638 3.54173 5.43291 20.99276 9.73562
546 6.696062047E+06 3.15693 3.54155 5.43331 20.88772 9.76768
547 6.703199913E+06 3.15745 3.54138 5.43367 20.78338 9.79848
548 6.710308417E+06 3.15796 3.54121 5.43401 20.67932 9.82841
549 6.717433733E+06 3.15846 3.54104 5.43435 20.57489 9.85771
550 6.724593355E+06 3.15897 3.54088 5.43469 20.46982 9.88648
551 6.731799885E+06 3.15947 3.54071 5.43503 20.36392 9.91480
552 6.739034716E+06 3.15996 3.54055 5.43536 20.25747 9.94263
553 6.746266109E+06 3.16044 3.54039 5.43569 20.15094 9.96987
554 6.753452218E+06 3.16090 3.54024 5.43598 20.04497 9.99643
555 6.760554826E+06 3.16132 3.54009 5.43624 19.94013 10.02220
556 6.767553710E+06 3.16172 3.53995 5.43649 19.83674 10.04720
557 6.774490216E+06 3.16212 3.53981 5.43674 19.73418 10.07166
558 6.781410125E+06 3.16252 3.53968 5.43700 19.63177 10.09582
559 6.788342136E+06 3.16293 3.53954 5.43728 19.52907 10.11986
560 6.795288197E+06 3.16335 3.53941 5.43758 19.42603 10.14280
561 6.802234852E+06 3.16377 3.53928 5.43789 19.32286 10.16512
562 6.809130718E+06 3.16418 3.53915 5.43820 19.22029 10.18669
563 6.815926099E+06 3.16459 3.53902 5.43852 19.11908 10.20741
564 6.822603166E+06 3.16499 3.53890 5.43883 19.01950 10.22730
565 6.829146566E+06 3.16537 3.53879 5.43914 18.92176 10.24637
566 6.835548265E+06 3.16574 3.53868 5.43945 18.82600 10.26468
567 6.841815558E+06 3.16612 3.53857 5.43977 18.73211 10.28233
568 6.847971111E+06 3.16650 3.53847 5.44011 18.63973 10.29946
569 6.854036469E+06 3.16688 3.53837 5.44048 18.54853 10.31620
570 6.860010926E+06 3.16727 3.53827 5.44086 18.45851 10.33263
571 6.865896386E+06 3.16766 3.53817 5.44126 18.36964 10.34882
572 6.871687546E+06 3.16806 3.53808 5.44168 18.28199 10.36437
573 6.877381212E+06 3.16846 3.53799 5.44212 18.19561 10.37890
574 6.882991822E+06 3.16886 3.53790 5.44257 18.11027 10.39286
575 6.888513187E+06 3.16927 3.53781 5.44303 18.02605 10.40628
576 6.893915217E+06 3.16967 3.53773 5.44351 17.94343 10.41912
577 6.899192541E+06 3.17007 3.53765 5.44399 17.86248 10.43144
578 6.904341048E+06 3.17048 3.53757 5.44450 17.78326 10.44326
579 6.909363782E+06 3.17089 3.53750 5.44501 17.70574 10.45467
580 6.914276625E+06 3.17130 3.53743 5.44555 17.62966 10.46574
581 6.919066739E+06 3.17172 3.53736 5.44611 17.55522 10.47651
582 6.923742416E+06 3.17214 3.53729 5.44667 17.48231 10.48705
583 6.928312116E+06 3.17256 3.53722 5.44725 17.41079 10.49743
584 6.932783673E+06 3.17299 3.53716 5.44785 17.34053 10.50773
585 6.937158944E+06 3.17342 3.53709 5.44846 17.27153 10.51779
586 6.941441771E+06 3.17386 3.53703 5.44909 17.20370 10.52695
587 6.945650714E+06 3.17430 3.53698 5.44974 17.13676 10.53575
588 6.949796581E+06 3.17474 3.53692 5.45040 17.07054 10.54424
589 6.953854733E+06 3.17519 3.53686 5.45108 17.00544 10.55242
590 6.957820280E+06 3.17564 3.53681 5.45177 16.94152 10.56029
591 6.961694491E+06 3.17610 3.53676 5.45247 16.87879 10.56789
592 6.965476830E+06 3.17655 3.53671 5.45319 16.81725 10.57527
593 6.969168213E+06 3.17701 3.53666 5.45392 16.75689 10.58244
594 6.972765903E+06 3.17747 3.53662 5.45467 16.69777 10.58944
595 6.976275229E+06 3.17794 3.53658 5.45543 16.63980 10.59631
596 6.979706430E+06 3.17841 3.53654 5.45621 16.58282 10.60311
597 6.983048744E+06 3.17888 3.53650 5.45699 16.52702 10.60985
598 6.986299802E+06 3.17935 3.53646 5.45779 16.47244 10.61656
599 6.989462161E+06 3.17982 3.53643 5.45860 16.41906 10.62330
600 6.992534795E+06 3.18030 3.53640 5.45943 16.36689 10.62958
601 6.995518252E+06 3.18078 3.53637 5.46027 16.31593 10.63534
602 6.998425074E+06 3.18126 3.53634 5.46112 16.26599 10.64085
603 7.001256622E+06 3.18175 3.53631 5.46200 16.21704 10.64614
604 7.004004289E+06 3.18224 3.53629 5.46289 16.16924 10.65122
605 7.006676136E+06 3.18274 3.53627 5.46379 16.12246 10.65611
606 7.009270203E+06 3.18324 3.53625 5.46472 16.07675 10.66084
607 7.011782342E+06 3.18375 3.53623 5.46565 16.03218 10.66542
608 7.014213869E+06 3.18426 3.53621 5.46661 15.98874 10.66988
609 7.016567262E+06 3.18477 3.53619 5.46757 15.94641 10.67424
610 7.018844010E+06 3.18529 3.53618 5.46854 15.90517 10.67854
611 7.021045508E+06 3.18581 3.53617 5.46953 15.86501 10.68281
612 7.023172993E+06 3.18633 3.53616 5.47053 15.82591 10.68706
613 7.025226586E+06 3.18685 3.53615 5.47155 15.78789 10.69135
614 7.027206623E+06 3.18738 3.53614 5.47257 15.75095 10.69570
615 7.029114615E+06 3.18791 3.53614 5.47362 15.71509 10.69977
616 7.030959618E+06 3.18845 3.53613 5.47467 15.68015 10.70341
617 7.032743075E+06 3.18900 3.53613 5.47574 15.64610 10.70687
618 7.034468229E+06 3.18955 3.53612 5.47683 15.61290 10.71016
619 7.036130408E+06 3.19010 3.53612 5.47792 15.58065 10.71330
620 7.037730515E+06 3.19066 3.53612 5.47903 15.54934 10.71629
621 7.039270524E+06 3.19122 3.53612 5.48014 15.51897 10.71913
622 7.040751359E+06 3.19178 3.53612 5.48127 15.48951 10.72183
623 7.042173447E+06 3.19235 3.53611 5.48240 15.46099 10.72440
624 7.043536887E+06 3.19293 3.53611 5.48354 15.43340 10.72687
625 7.044842514E+06 3.19351 3.53611 5.48470 15.40676 10.72926
626 7.046091963E+06 3.19410 3.53610 5.48587 15.38104 10.73163
627 7.047288139E+06 3.19471 3.53610 5.48705 15.35619 10.73399
628 7.048427306E+06 3.19532 3.53609 5.48825 15.33231 10.73637
629 7.049509644E+06 3.19595 3.53608 5.48946 15.30942 10.73881
630 7.050534800E+06 3.19658 3.53607 5.49067 15.28754 10.74108
631 7.051503380E+06 3.19721 3.53605 5.49189 15.26668 10.74297
632 7.052420015E+06 3.19786 3.53604 5.49310 15.24676 10.74468
633 7.053286317E+06 3.19851 3.53601 5.49432 15.22775 10.74622
634 7.054099366E+06 3.19917 3.53599 5.49554 15.20975 10.74760
635 7.054859228E+06 3.19984 3.53596 5.49676 15.19277 10.74883
636 7.055563815E+06 3.20052 3.53592 5.49798 15.17689 10.74994
637 7.056209762E+06 3.20120 3.53588 5.49917 15.16219 10.75094
638 7.056795867E+06 3.20187 3.53584 5.50033 15.14874 10.75187
639 7.057321824E+06 3.20252 3.53579 5.50145 15.13657 10.75276
640 7.057787578E+06 3.20317 3.53573 5.50251 15.12571 10.75367
641 7.058193962E+06 3.20378 3.53567 5.50350 15.11616 10.75453
642 7.058542312E+06 3.20435 3.53561 5.50439 15.10792 10.75493
643 7.058836413E+06 3.20488 3.53555 5.50519 15.10093 10.75509
644 7.059082488E+06 3.20535 3.53548 5.50586 15.09505 10.75507
645 7.059283097E+06 3.20575 3.53541 5.50639 15.09023 10.75495
646 7.059443941E+06 3.20608 3.53535 5.50679 15.08636 10.75482
647 7.059570567E+06 3.20635 3.53528 5.50708 15.08331 10.75474
648 7.059664192E+06 3.20655 3.53523 5.50725 15.08105 10.75480
649 7.059752393E+06 3.20670 3.53518 5.50735 15.07892 10.75482
650 7.059839103E+06 3.20684 3.53512 5.50741 15.07683 10.75462
651 7.059925321E+06 3.20698 3.53506 5.50746 15.07475 10.75437
652 7.060011231E+06 3.20715 3.53500 5.50754 15.07267 10.75412
653 7.060096509E+06 3.20736 3.53493 5.50766 15.07061 10.75390
654 7.060181114E+06 3.20763 3.53484 5.50787 15.06857 10.75377
655 7.060265221E+06 3.20798 3.53475 5.50820 15.06653 10.75375
656 7.060348834E+06 3.20842 3.53464 5.50866 15.06450 10.75371
657 7.060432102E+06 3.20897 3.53453 5.50929 15.06246 10.75351
658 7.060515670E+06 3.20962 3.53440 5.51008 15.06041 10.75331
659 7.060599725E+06 3.21040 3.53426 5.51106 15.05834 10.75314
660 7.060682520E+06 3.21127 3.53411 5.51220 15.05627 10.75301
661 7.060763473E+06 3.21224 3.53395 5.51351 15.05424 10.75294
662 7.060842292E+06 3.21326 3.53379 5.51491 15.05223 10.75294
663 7.060919342E+06 3.21433 3.53362 5.51639 15.05026 10.75292
664 7.060994789E+06 3.21543 3.53346 5.51792 15.04830 10.75282
665 7.061069064E+06 3.21654 3.53329 5.51949 15.04635 10.75272
666 7.061142502E+06 3.21767 3.53313 5.52110 15.04439 10.75264
667 7.061215255E+06 3.21881 3.53297 5.52273 15.04244 10.75257
668 7.061287548E+06 3.21995 3.53281 5.52437 15.04047 10.75253
669 7.061359597E+06 3.22109 3.53265 5.52602 15.03848 10.75251
670 7.061431578E+06 3.22222 3.53250 5.52766 15.03647 10.75252
671 7.061503635E+06 3.22335 3.53234 5.52930 15.03443 10.75255
672 7.061575886E+06 3.22446 3.53219 5.53093 15.03236 10.75255
673 7.061648447E+06 3.22556 3.53205 5.53255 15.03026 10.75252
674 7.061721531E+06 3.22666 3.53190 5.53418 15.02812 10.75250
675 7.061795002E+06 3.22775 3.53176 5.53579 15.02593 10.75249
676 7.061869055E+06 3.22882 3.53163 5.53738 15.02370 10.75248
677 7.061943728E+06 3.22987 3.53149 5.53896 15.02143 10.75249
678 7.062019035E+06 3.23091 3.53137 5.54052 15.01911 10.75250
679 7.062095000E+06 3.23193 3.53124 5.54207 15.01674 10.75254
680 7.062171650E+06 3.23294 3.53112 5.54360 15.01432 10.75258
681 7.062249003E+06 3.23394 3.53100 5.54511 15.01185 10.75265
682 7.062327095E+06 3.23491 3.53089 5.54661 15.00932 10.75269
683 7.062405940E+06 3.23588 3.53078 5.54810 15.00674 10.75273
684 7.062485731E+06 3.23683 3.53067 5.54957 15.00410 10.75278
685 7.062566242E+06 3.23776 3.53057 5.55103 15.00140 10.75283
686 7.062647621E+06 3.23867 3.53047 5.55246 14.99864 10.75289
687 7.062729844E+06 3.23957 3.53037 5.55387 14.99582 10.75296
688 7.062812899E+06 3.24045 3.53028 5.55527 14.99294 10.75304
689 7.062896708E+06 3.24131 3.53020 5.55664 14.99000 10.75312
690 7.062981407E+06 3.24214 3.53012 5.55798 14.98700 10.75321
691 7.063067013E+06 3.24295 3.53004 5.55928 14.98393 10.75331
692 7.063153491E+06 3.24373 3.52996 5.56055 14.98080 10.75343
693 7.063240839E+06 3.24449 3.52989 5.56179 14.97760 10.75355
694 7.063329173E+06 3.24522 3.52983 5.56300 14.97434 10.75367
695 7.063418495E+06 3.24595 3.52976 5.56418 14.97100 10.75380
696 7.063508805E+06 3.24665 3.52970 5.56535 14.96760 10.75393
697 7.063599992E+06 3.24733 3.52965 5.56649 14.96413 10.75407
698 7.063691895E+06 3.24799 3.52959 5.56760 14.96060 10.75421
699 7.063784430E+06 3.24864 3.52954 5.56868 14.95701 10.75436
700 7.063877565E+06 3.24926 3.52949 5.56974 14.95337 10.75451
701 7.063971378E+06 3.24986 3.52945 5.57077 14.94967 10.75467
702 7.064065898E+06 3.25045 3.52941 5.57177 14.94591 10.75484
703 7.064161108E+06 3.25103 3.52937 5.57277 14.94208 10.75505
704 7.064256908E+06 3.25158 3.52933 5.57372 14.93821 10.75526
705 7.064353792E+06 3.25210 3.52930 5.57463 14.93426 10.75548
706 7.064451553E+06 3.25260 3.52927 5.57550 14.93024 10.75571
707 7.064550143E+06 3.25306 3.52924 5.57632 14.92616 10.75595
708 7.064649529E+06 3.25349 3.52921 5.57708 14.92202 10.75619
709 7.064749557E+06 3.25388 3.52919 5.57777 14.91783 10.75645
710 7.064850235E+06 3.25422 3.52918 5.57839 14.91358 10.75671
711 7.064951360E+06 3.25451 3.52917 5.57892 14.90930 10.75699
712 7.065052735E+06 3.25474 3.52916 5.57936 14.90499 10.75728
713 7.065153983E+06 3.25491 3.52916 5.57969 14.90068 10.75763
714 7.065254656E+06 3.25503 3.52916 5.57992 14.89638 10.75800
715 7.065354395E+06 3.25507 3.52916 5.58004 14.89212 10.75838
716 7.065452527E+06 3.25505 3.52917 5.58004 14.88792 10.75875
717 7.065548419E+06 3.25496 3.52919 5.57991 14.88382 10.75913
718 7.065640654E+06 3.25480 3.52921 5.57967 14.87989 10.75950
719 7.065728650E+06 3.25459 3.52923 5.57935 14.87615 10.75985
720 7.065812381E+06 3.25435 3.52925 5.57896 14.87260 10.76020
721 7.065892023E+06 3.25408 3.52928 5.57852 14.86924 10.76055
722 7.065968055E+06 3.25378 3.52931 5.57803 14.86605 10.76095
723 7.066041018E+06 3.25346 3.52933 5.57750 14.86299 10.76134
724 7.066111456E+06 3.25312 3.52936 5.57694 14.86006 10.76171
725 7.066179540E+06 3.25277 3.52939 5.57635 14.85724 10.76206
726 7.066245481E+06 3.25240 3.52943 5.57574 14.85452 10.76240
727 7.066309386E+06 3.25202 3.52946 5.57512 14.85190 10.76273
728 7.066371312E+06 3.25164 3.52949 5.57448 14.84938 10.76307
729 7.066431454E+06 3.25125 3.52952 5.57384 14.84694 10.76342
730 7.066489883E+06 3.25086 3.52956 5.57318 14.84458 10.76380
731 7.066546688E+06 3.25047 3.52959 5.57253 14.84230 10.76415
732 7.066602071E+06 3.25007 3.52962 5.57188 14.84009 10.76449
733 7.066655785E+06 3.24968 3.52966 5.57123 14.83796 10.76481
734 7.066707629E+06 3.24930 3.52969 5.57060 14.83592 10.76514
735 7.066757513E+06 3.24892 3.52972 5.56997 14.83396 10.76550
736 7.066805509E+06 3.24854 3.52976 5.56936 14.83209 10.76585
737 7.066851653E+06 3.24817 3.52979 5.56875 14.83029 10.76618
738 7.066896034E+06 3.24781 3.52983 5.56815 14.82858 10.76648
739 7.066938567E+06 3.24745 3.52986 5.56757 14.82694 10.76679
740 7.066979182E+06 3.24710 3.52989 5.56701 14.82539 10.76712
741 7.067017795E+06 3.24677 3.52992 5.56647 14.82392 10.76748
742 7.067054441E+06 3.24643 3.52996 5.56593 14.82252 10.76777
743 7.067089239E+06 3.24611 3.52999 5.56541 14.82121 10.76805
744 7.067122399E+06 3.24579 3.53002 5.56490 14.81996 10.76833
745 7.067153767E+06 3.24548 3.53005 5.56440 14.81879 10.76864
746 7.067183329E+06 3.24518 3.53008 5.56393 14.81768 10.76899
747 7.067211143E+06 3.24490 3.53011 5.56349 14.81665 10.76924
748 7.067237226E+06 3.24463 3.53014 5.56306 14.81568 10.76948
749 7.067261785E+06 3.24436 3.53017 5.56265 14.81478 10.76972
750 7.067284757E+06 3.24411 3.53020 5.56226 14.81393 10.76998
751 7.067306210E+06 3.24387 3.53023 5.56189 14.81315 10.77028
752 7.067326270E+06 3.24364 3.53025 5.56153 14.81241 10.77055
753 7.067345024E+06 3.24341 3.53028 5.56118 14.81173 10.77075
754 7.067362628E+06 3.24319 3.53031 5.56084 14.81109 10.77095
755 7.067379184E+06 3.24297 3.53033 5.56051 14.81049 10.77118
756 7.067394702E+06 3.24276 3.53036 5.56019 14.80992 10.77145
757 7.067409248E+06 3.24254 3.53039 5.55987 14.80940 10.77177
758 7.067422888E+06 3.24234 3.53041 5.55956 14.80891 10.77194
759 7.067435671E+06 3.24213 3.53044 5.55926 14.80845 10.77212
760 7.067447733E+06 3.24193 3.53046 5.55896 14.80802 10.77233
761 7.067459039E+06 3.24173 3.53049 5.55866 14.80761 10.77258
762 7.067469625E+06 3.24154 3.53052 5.55838 14.80724 10.77288
763 7.067479537E+06 3.24135 3.53054 5.55810 14.80688 10.77310
764 7.067488812E+06 3.24116 3.53057 5.55783 14.80655 10.77326
765 7.067497528E+06 3.24098 3.53059 5.55757 14.80625 10.77344
766 7.067505693E+06 3.24080 3.53062 5.55731 14.80596 10.77365
767 7.067513306E+06 3.24063 3.53064 5.55707 14.80569 10.77391
768 7.067520382E+06 3.24047 3.53067 5.55685 14.80544 10.77421
769 7.067526937E+06 3.24032 3.53069 5.55665 14.80521 10.77433
770 7.067532988E+06 3.24019 3.53071 5.55647 14.80500 10.77447
771 7.067538592E+06 3.24006 3.53073 5.55630 14.80480 10.77462
772 7.067543763E+06 3.23993 3.53076 5.55613 14.80462 10.77481
773 7.067548543E+06 3.23980 3.53078 5.55596 14.80445 10.77504
774 7.067552964E+06 3.23968 3.53080 5.55580 14.80430 10.77532
775 7.067557057E+06 3.23955 3.53082 5.55564 14.80415 10.77545
776 7.067560851E+06 3.23942 3.53085 5.55547 14.80402 10.77557
777 7.067564390E+06 3.23930 3.53087 5.55531 14.80390 10.77570
778 7.067567681E+06 3.23918 3.53089 5.55515 14.80378 10.77587
779 7.067570742E+06 3.23905 3.53091 5.55499 14.80368 10.77607
780 7.067573592E+06 3.23893 3.53093 5.55484 14.80358 10.77632
781 7.067576247E+06 3.23881 3.53096 5.55468 14.80349 10.77654
782 7.067578721E+06 3.23869 3.53098 5.55453 14.80340 10.77663
783 7.067581030E+06 3.23857 3.53100 5.55439 14.80332 10.77675
784 7.067583188E+06 3.23846 3.53102 5.55425 14.80325 10.77688
785 7.067585197E+06 3.23836 3.53104 5.55413 14.80318 10.77704
786 7.067587063E+06 3.23826 3.53106 5.55401 14.80311 10.77723
787 7.067588794E+06 3.23817 3.53108 5.55391 14.80305 10.77745
788 7.067590405E+06 3.23808 3.53110 5.55382 14.80300 10.77765
789 7.067591907E+06 3.23799 3.53112 5.55373 14.80295 10.77773
790 7.067593313E+06 3.23791 3.53114 5.55364 14.80290 10.77782
791 7.067594635E+06 3.23783 3.53116 5.55354 14.80285 10.77793
792 7.067595878E+06 3.23774 3.53118 5.55345 14.80281 10.77806
793 7.067597049E+06 3.23766 3.53120 5.55337 14.80277 10.77822
794 7.067598155E+06 3.23758 3.53122 5.55329 14.80273 10.77842
795 7.067599196E+06 3.23750 3.53124 5.55320 14.80270 10.77865
796 7.067600165E+06 3.23741 3.53126 5.55310 14.80266 10.77879
797 7.067601060E+06 3.23732 3.53128 5.55300 14.80263 10.77887
798 7.067601882E+06 3.23724 3.53130 5.55290 14.80260 10.77896
799 7.067602631E+06 3.23715 3.53132 5.55281 14.80258 10.77908
800 7.067603307E+06 3.23706 3.53134 5.55271 14.80256 10.77923
801 7.067603918E+06 3.23698 3.53135 5.55262 14.80253 10.77940
802 7.067604470E+06 3.23690 3.53137 5.55253 14.80252 10.77960
803 7.067604969E+06 3.23682 3.53139 5.55245 14.80250 10.77983
804 7.067605418E+06 3.23674 3.53141 5.55237 14.80248 10.77990
805 7.067605826E+06 3.23668 3.53143 5.55231 14.80247 10.77997
806 7.067606200E+06 3.23661 3.53145 5.55224 14.80246 10.78005
807 7.067606542E+06 3.23655 3.53146 5.55218 14.80245 10.78015
