1 4.813785000E+03 0.85084 4.58939 5.01247 27.99921 0.00002
2 9.369371248E+03 0.85064 4.58956 5.01278 27.99846 0.00002
3 1.483607474E+04 0.85051 4.58968 5.01297 27.99755 0.00002
4 2.139611894E+04 0.85048 4.58974 5.01318 27.99647 0.00002
5 2.926817198E+04 0.85056 4.58977 5.01345 27.99516 0.00002
6 3.871463562E+04 0.85075 4.58976 5.01379 27.99360 0.00002
7 5.005039199E+04 0.85103 4.58973 5.01420 27.99171 0.00002
8 6.365329964E+04 0.85141 4.58966 5.01470 27.98945 0.00002
9 7.997678881E+04 0.85191 4.58956 5.01531 27.98672 0.00002
10 9.956497582E+04 0.85254 4.58943 5.01604 27.98343 0.00002
11 1.230708002E+05 0.85332 4.58926 5.01692 27.97947 0.00002
12 1.512777895E+05 0.85426 4.58906 5.01797 27.97470 0.00002
13 1.851261767E+05 0.85539 4.58881 5.01925 27.96893 0.00002
14 2.257442413E+05 0.85674 4.58852 5.02079 27.96196 0.00002
15 2.744859188E+05 0.85836 4.58817 5.02264 27.95353 0.00002
16 3.329759318E+05 0.86028 4.58777 5.02488 27.94330 0.00002
17 4.031639474E+05 0.86258 4.58730 5.02759 27.93086 0.00002
18 4.873895661E+05 0.86533 4.58674 5.03087 27.91570 0.00002
19 5.884603086E+05 0.86863 4.58609 5.03485 27.89716 0.00002
20 6.940651723E+05 0.87210 4.58540 5.03904 27.87739 0.00002
21 7.994094316E+05 0.87559 4.58471 5.04326 27.85727 0.00002
22 9.039953733E+05 0.87911 4.58400 5.04747 27.83690 0.00002
23 1.007557203E+06 0.88263 4.58329 5.05168 27.81631 0.00002
24 1.110342018E+06 0.88617 4.58258 5.05591 27.79546 0.00002
25 1.212307802E+06 0.88974 4.58186 5.06014 27.77435 0.00002
26 1.313319975E+06 0.89332 4.58112 5.06438 27.75302 0.00002
27 1.413257631E+06 0.89693 4.58038 5.06862 27.73149 0.00002
28 1.511998593E+06 0.90056 4.57962 5.07284 27.70979 0.00002
29 1.609359319E+06 0.90424 4.57884 5.07708 27.68796 0.00002
30 1.704915496E+06 0.90793 4.57804 5.08127 27.66612 0.00001
31 1.798667707E+06 0.91165 4.57721 5.08541 27.64427 0.00001
32 1.890442502E+06 0.91539 4.57637 5.08948 27.62248 0.00001
33 1.980366661E+06 0.91913 4.57550 5.09351 27.60074 0.00001
34 2.068777851E+06 0.92289 4.57462 5.09751 27.57896 0.00001
35 2.155721915E+06 0.92667 4.57373 5.10149 27.55717 0.00001
36 2.241192212E+06 0.93047 4.57281 5.10544 27.53535 0.00001
37 2.325191925E+06 0.93429 4.57188 5.10935 27.51354 0.00001
38 2.407715659E+06 0.93814 4.57093 5.11324 27.49174 0.00001
39 2.488757696E+06 0.94201 4.56995 5.11709 27.46996 0.00001
40 2.568312943E+06 0.94591 4.56896 5.12089 27.44823 0.00001
41 2.646342965E+06 0.94983 4.56794 5.12465 27.42657 0.00001
42 2.722786097E+06 0.95378 4.56689 5.12835 27.40502 0.00001
43 2.797542160E+06 0.95775 4.56581 5.13198 27.38362 0.00001
44 2.870640608E+06 0.96173 4.56471 5.13556 27.36239 0.00001
45 2.942379283E+06 0.96572 4.56360 5.13910 27.34125 0.00001
46 3.012853321E+06 0.96975 4.56247 5.14261 27.32018 0.00001
47 3.082077777E+06 0.97379 4.56132 5.14610 27.29921 0.00001
48 3.150066164E+06 0.97786 4.56014 5.14955 27.27832 0.00001
49 3.216834267E+06 0.98197 4.55895 5.15298 27.25754 0.00001
50 3.282263194E+06 0.98613 4.55773 5.15641 27.23691 0.00001
51 3.346223608E+06 0.99030 4.55649 5.15978 27.21649 0.00001
52 3.408981624E+06 0.99449 4.55523 5.16312 27.19621 0.00001
53 3.470561251E+06 0.99871 4.55394 5.16642 27.17607 0.00001
54 3.530937090E+06 1.00295 4.55263 5.16967 27.15609 0.00002
55 3.590071161E+06 1.00722 4.55130 5.17286 27.13632 0.00002
56 3.647925972E+06 1.01150 4.54994 5.17599 27.11677 0.00002
57 3.704583921E+06 1.01580 4.54856 5.17908 27.09744 0.00002
58 3.760218256E+06 1.02012 4.54717 5.18215 27.07827 0.00002
59 3.814877961E+06 1.02447 4.54575 5.18518 27.05926 0.00002
60 3.868574584E+06 1.02884 4.54431 5.18819 27.04042 0.00002
61 3.921326917E+06 1.03324 4.54286 5.19116 27.02175 0.00002
62 3.973165115E+06 1.03767 4.54138 5.19411 27.00326 0.00002
63 4.024091854E+06 1.04212 4.53989 5.19703 26.98495 0.00002
64 4.074121289E+06 1.04659 4.53837 5.19992 26.96683 0.00002
65 4.123267650E+06 1.05110 4.53684 5.20278 26.94890 0.00002
66 4.171547748E+06 1.05563 4.53528 5.20561 26.93117 0.00002
67 4.218951113E+06 1.06018 4.53370 5.20840 26.91365 0.00002
68 4.265475451E+06 1.06477 4.53209 5.21115 26.89636 0.00002
69 4.311035010E+06 1.06942 4.53045 5.21389 26.87934 0.00002
70 4.355374442E+06 1.07405 4.52880 5.21657 26.86270 0.00002
71 4.398857403E+06 1.07870 4.52714 5.21921 26.84630 0.00002
72 4.441584278E+06 1.08338 4.52546 5.22183 26.83013 0.00002
73 4.483574570E+06 1.08808 4.52375 5.22442 26.81417 0.00002
74 4.524849632E+06 1.09281 4.52203 5.22699 26.79844 0.00002
75 4.565416016E+06 1.09756 4.52029 5.22953 26.78294 0.00002
76 4.605287180E+06 1.10234 4.51853 5.23205 26.76767 0.00002
77 4.644476889E+06 1.10714 4.51675 5.23454 26.75262 0.00003
78 4.683051873E+06 1.11196 4.51496 5.23701 26.73779 0.00003
79 4.721045082E+06 1.11681 4.51315 5.23946 26.72317 0.00003
80 4.758401386E+06 1.12168 4.51132 5.24188 26.70878 0.00003
81 4.795127518E+06 1.12658 4.50947 5.24426 26.69463 0.00003
82 4.831229924E+06 1.13149 4.50760 5.24661 26.68072 0.00003
83 4.866708436E+06 1.13642 4.50571 5.24892 26.66707 0.00003
84 4.901557048E+06 1.14137 4.50380 5.25118 26.65368 0.00003
85 4.935801605E+06 1.14633 4.50188 5.25343 26.64054 0.00003
86 4.969499465E+06 1.15141 4.49991 5.25570 26.62763 0.00003
87 5.002258719E+06 1.15645 4.49794 5.25793 26.61512 0.00003
88 5.034424809E+06 1.16151 4.49597 5.26013 26.60287 0.00003
89 5.066126871E+06 1.16660 4.49397 5.26232 26.59084 0.00004
90 5.097367483E+06 1.17171 4.49196 5.26449 26.57903 0.00004
91 5.128130878E+06 1.17685 4.48992 5.26663 26.56746 0.00004
92 5.158420214E+06 1.18202 4.48787 5.26877 26.55611 0.00004
93 5.188274968E+06 1.18721 4.48581 5.27091 26.54498 0.00004
94 5.217788982E+06 1.19247 4.48372 5.27304 26.53404 0.00004
95 5.246876711E+06 1.19775 4.48160 5.27516 26.52332 0.00004
96 5.275505218E+06 1.20304 4.47948 5.27724 26.51284 0.00004
97 5.303670179E+06 1.20833 4.47734 5.27926 26.50260 0.00005
98 5.331354398E+06 1.21359 4.47520 5.28123 26.49262 0.00005
99 5.358607519E+06 1.21886 4.47305 5.28318 26.48287 0.00005
100 5.385456859E+06 1.22416 4.47089 5.28512 26.47334 0.00005
101 5.411918055E+06 1.22947 4.46871 5.28704 26.46404 0.00005
102 5.437999803E+06 1.23491 4.46648 5.28899 26.45496 0.00005
103 5.463402230E+06 1.24039 4.46423 5.29094 26.44620 0.00006
104 5.488316131E+06 1.24589 4.46197 5.29290 26.43770 0.00006
105 5.512858631E+06 1.25142 4.45969 5.29484 26.42942 0.00006
106 5.537026987E+06 1.25697 4.45740 5.29676 26.42135 0.00006
107 5.560861783E+06 1.26253 4.45509 5.29867 26.41349 0.00007
108 5.584406391E+06 1.26811 4.45278 5.30056 26.40582 0.00007
109 5.607613312E+06 1.27370 4.45045 5.30243 26.39836 0.00007
110 5.630484212E+06 1.27929 4.44811 5.30427 26.39110 0.00008
111 5.653044503E+06 1.28485 4.44578 5.30607 26.38404 0.00008
112 5.675308171E+06 1.29038 4.44345 5.30782 26.37717 0.00008
113 5.697276221E+06 1.29591 4.44112 5.30956 26.37049 0.00009
114 5.718916817E+06 1.30144 4.43879 5.31127 26.36356 9.86606
115 5.740224137E+06 1.30596 4.43694 5.31291 26.35528 9.94464
116 5.750877797E+06 1.30829 4.43594 5.31358 26.35075 9.95953
117 5.763662189E+06 1.31156 4.43455 5.31454 26.34467 9.96617
118 5.779003459E+06 1.31564 4.43280 5.31575 26.33638 9.96597
119 5.797412983E+06 1.32069 4.43065 5.31721 26.32498 9.96481
120 5.819504413E+06 1.32692 4.42797 5.31897 26.30910 9.96413
121 5.841006762E+06 1.33311 4.42530 5.32067 26.29153 9.96075
122 5.862047478E+06 1.33925 4.42265 5.32232 26.27225 9.95190
123 5.882666102E+06 1.34532 4.42000 5.32390 26.25132 9.93401
124 5.902822968E+06 1.35129 4.41740 5.32542 26.22891 9.90428
125 5.922522114E+06 1.35718 4.41483 5.32690 26.20510 9.87134
126 5.941725370E+06 1.36299 4.41228 5.32834 26.18007 9.84219
127 5.960457788E+06 1.36872 4.40977 5.32976 26.15387 9.81769
128 5.978772285E+06 1.37435 4.40731 5.33117 26.12655 9.79833
129 5.996700499E+06 1.37985 4.40491 5.33257 26.09817 9.78420
130 6.014275097E+06 1.38521 4.40258 5.33398 26.06877 9.77486
131 6.031410597E+06 1.39043 4.40033 5.33543 26.03860 9.76946
132 6.047884400E+06 1.39526 4.39828 5.33688 26.00824 9.76684
133 6.063880044E+06 1.39961 4.39647 5.33836 25.97757 9.76541
134 6.079201351E+06 1.40320 4.39506 5.33987 25.94721 9.76406
135 6.093420000E+06 1.40568 4.39419 5.34138 25.91838 9.76255
136 6.105898505E+06 1.40678 4.39401 5.34285 25.89279 9.76089
137 6.116032714E+06 1.40657 4.39446 5.34421 25.87198 9.75923
138 6.123842317E+06 1.40541 4.39534 5.34542 25.85607 9.75786
139 6.129787201E+06 1.40366 4.39648 5.34649 25.84410 9.75764
140 6.134443582E+06 1.40157 4.39777 5.34746 25.83489 9.75774
141 6.138196342E+06 1.39926 4.39915 5.34836 25.82760 9.75793
142 6.141294997E+06 1.39682 4.40059 5.34923 25.82171 9.75817
143 6.143895198E+06 1.39428 4.40207 5.35007 25.81688 9.75845
144 6.146102430E+06 1.39167 4.40358 5.35090 25.81288 9.75876
145 6.147991754E+06 1.38904 4.40510 5.35173 25.80955 9.75909
146 6.149619220E+06 1.38641 4.40662 5.35255 25.80675 9.75941
147 6.151030148E+06 1.38380 4.40814 5.35339 25.80440 9.75973
148 6.152258725E+06 1.38121 4.40964 5.35424 25.80241 9.76005
149 6.153329361E+06 1.37863 4.41115 5.35511 25.80074 9.76035
150 6.154259717E+06 1.37612 4.41263 5.35600 25.79933 9.76064
151 6.155074937E+06 1.37368 4.41408 5.35691 25.79813 9.76092
152 6.155789179E+06 1.37132 4.41549 5.35785 25.79712 9.76120
153 6.156415470E+06 1.36903 4.41688 5.35882 25.79626 9.76146
154 6.156964773E+06 1.36683 4.41823 5.35981 25.79554 9.76170
155 6.157446572E+06 1.36472 4.41954 5.36082 25.79492 9.76193
156 6.157869283E+06 1.36269 4.42081 5.36185 25.79440 9.76214
157 6.158240260E+06 1.36075 4.42204 5.36291 25.79397 9.76233
158 6.158565756E+06 1.35889 4.42324 5.36398 25.79360 9.76251
159 6.158850979E+06 1.35707 4.42442 5.36505 25.79329 9.76265
160 6.159099913E+06 1.35536 4.42554 5.36612 25.79303 9.76278
161 6.159318943E+06 1.35373 4.42663 5.36720 25.79281 9.76289
162 6.159511546E+06 1.35218 4.42767 5.36828 25.79262 9.76300
163 6.159681042E+06 1.35072 4.42867 5.36936 25.79246 9.76309
164 6.159830202E+06 1.34933 4.42964 5.37044 25.79233 9.76316
165 6.159961498E+06 1.34801 4.43056 5.37151 25.79222 9.76319
166 6.160077254E+06 1.34676 4.43146 5.37257 25.79213 9.76297
167 6.160179313E+06 1.34556 4.43232 5.37363 25.79205 9.76208
168 6.160269138E+06 1.34443 4.43314 5.37467 25.79199 9.76097
169 6.160348441E+06 1.34337 4.43393 5.37567 25.79193 9.76031
170 6.160418046E+06 1.34239 4.43464 5.37659 25.79188 9.75995
171 6.160483789E+06 1.34143 4.43534 5.37744 25.79184 9.75965
172 6.160548047E+06 1.34048 4.43601 5.37825 25.79180 9.75942
173 6.160611783E+06 1.33955 4.43667 5.37903 25.79177 9.75926
174 6.160675714E+06 1.33864 4.43731 5.37977 25.79173 9.75916
175 6.160740061E+06 1.33774 4.43794 5.38047 25.79170 9.75912
176 6.160805217E+06 1.33686 4.43854 5.38113 25.79167 9.75910
177 6.160871490E+06 1.33600 4.43913 5.38174 25.79164 9.75908
178 6.160939205E+06 1.33516 4.43969 5.38231 25.79161 9.75902
179 6.161008671E+06 1.33435 4.44022 5.38283 25.79158 9.75888
180 6.161080221E+06 1.33358 4.44072 5.38329 25.79154 9.75859
181 6.161154246E+06 1.33285 4.44119 5.38369 25.79151 9.75810
182 6.161231108E+06 1.33217 4.44161 5.38402 25.79148 9.75734
183 6.161311246E+06 1.33155 4.44198 5.38428 25.79144 9.75625
184 6.161395129E+06 1.33101 4.44230 5.38445 25.79140 9.75480
185 6.161483309E+06 1.33055 4.44255 5.38453 25.79136 9.75295
186 6.161576285E+06 1.33019 4.44272 5.38451 25.79132 9.75074
187 6.161674578E+06 1.32997 4.44279 5.38435 25.79127 9.74829
188 6.161778844E+06 1.32988 4.44276 5.38406 25.79122 9.74580
189 6.161889219E+06 1.32997 4.44261 5.38361 25.79117 9.73754
190 6.162005343E+06 1.33028 4.44230 5.38300 25.79112 9.71530
191 6.162126392E+06 1.33082 4.44183 5.38223 25.79106 9.68055
192 6.162252242E+06 1.33164 4.44119 5.38128 25.79101 9.63571
193 6.162381693E+06 1.33275 4.44035 5.38017 25.79095 9.58400
194 6.162513528E+06 1.33418 4.43933 5.37891 25.79089 9.52812
195 6.162646604E+06 1.33595 4.43810 5.37753 25.79082 9.47014
196 6.162780042E+06 1.33811 4.43665 5.37605 25.79075 9.41185
197 6.162912992E+06 1.34070 4.43497 5.37453 25.79066 9.35470
198 6.163044598E+06 1.34373 4.43308 5.37302 25.79057 9.29995
199 6.163174342E+06 1.34724 4.43096 5.37158 25.79046 9.24860
200 6.163301738E+06 1.35126 4.42863 5.37029 25.79034 9.20152
201 6.163425697E+06 1.35576 4.42611 5.36919 25.79021 9.15977
202 6.163545778E+06 1.36069 4.42342 5.36833 25.79008 9.12417
203 6.163661822E+06 1.36600 4.42062 5.36770 25.78993 9.09550
204 6.163773883E+06 1.37162 4.41771 5.36730 25.78977 9.07443
205 6.163881934E+06 1.37748 4.41473 5.36712 25.78961 9.06145
206 6.163986264E+06 1.38353 4.41170 5.36711 25.78944 9.05297
207 6.164087096E+06 1.38973 4.40864 5.36725 25.78926 9.03707
208 6.164184542E+06 1.39602 4.40555 5.36750 25.78907 9.01851
209 6.164278333E+06 1.40229 4.40251 5.36785 25.78888 8.99882
210 6.164369845E+06 1.40858 4.39947 5.36828 25.78869 8.97858
211 6.164459685E+06 1.41494 4.39641 5.36877 25.78848 8.95819
212 6.164547681E+06 1.42133 4.39335 5.36931 25.78827 8.93802
213 6.164634066E+06 1.42777 4.39027 5.36988 25.78806 8.91826
214 6.164719025E+06 1.43424 4.38719 5.37048 25.78784 8.89902
215 6.164802734E+06 1.44073 4.38410 5.37110 25.78761 8.88040
216 6.164885324E+06 1.44726 4.38099 5.37173 25.78737 8.86248
217 6.164966905E+06 1.45382 4.37787 5.37237 25.78713 8.84534
218 6.165047565E+06 1.46030 4.37479 5.37302 25.78688 8.82900
219 6.165128312E+06 1.46685 4.37169 5.37368 25.78662 8.81345
220 6.165208616E+06 1.47343 4.36856 5.37434 25.78635 8.79897
221 6.165288278E+06 1.48004 4.36542 5.37500 25.78608 8.78576
222 6.165367326E+06 1.48668 4.36227 5.37566 25.78580 8.77398
223 6.165445798E+06 1.49333 4.35910 5.37632 25.78551 8.76378
224 6.165523731E+06 1.50001 4.35593 5.37698 25.78522 8.75531
225 6.165601161E+06 1.50671 4.35274 5.37763 25.78492 8.74863
226 6.165678113E+06 1.51337 4.34957 5.37827 25.78462 8.74331
227 6.165755095E+06 1.52002 4.34641 5.37890 25.78433 8.73923
228 6.165832335E+06 1.52674 4.34320 5.37952 25.78403 8.73622
229 6.165909165E+06 1.53348 4.33998 5.38013 25.78374 8.73339
230 6.165985551E+06 1.54025 4.33675 5.38072 25.78345 8.72591
231 6.166061406E+06 1.54703 4.33350 5.38131 25.78316 8.71737
232 6.166136275E+06 1.55380 4.33026 5.38189 25.78288 8.70818
233 6.166210535E+06 1.56057 4.32701 5.38245 25.78260 8.69851
234 6.166284210E+06 1.56733 4.32377 5.38299 25.78233 8.68850
235 6.166357630E+06 1.57398 4.32058 5.38352 25.78206 8.67813
236 6.166431694E+06 1.58075 4.31733 5.38405 25.78178 8.66749
237 6.166505331E+06 1.58753 4.31406 5.38456 25.78152 8.65681
238 6.166578481E+06 1.59434 4.31078 5.38507 25.78125 8.64618
239 6.166651133E+06 1.60117 4.30749 5.38555 25.78099 8.63567
240 6.166723283E+06 1.60803 4.30418 5.38603 25.78073 8.62534
241 6.166794926E+06 1.61490 4.30086 5.38649 25.78047 8.61525
242 6.166866055E+06 1.62178 4.29754 5.38695 25.78022 8.60542
243 6.166936869E+06 1.62851 4.29428 5.38738 25.77997 8.59578
244 6.167008648E+06 1.63539 4.29095 5.38782 25.77971 8.58632
245 6.167080057E+06 1.64231 4.28760 5.38824 25.77946 8.57729
246 6.167151013E+06 1.64925 4.28423 5.38865 25.77922 8.56875
247 6.167221500E+06 1.65622 4.28085 5.38905 25.77898 8.56077
248 6.167291503E+06 1.66321 4.27745 5.38945 25.77874 8.55338
249 6.167361009E+06 1.67024 4.27403 5.38983 25.77850 8.54663
250 6.167430010E+06 1.67728 4.27060 5.39020 25.77826 8.54055
251 6.167498631E+06 1.68414 4.26726 5.39057 25.77803 8.53512
252 6.167568444E+06 1.69118 4.26383 5.39093 25.77780 8.53037
253 6.167637925E+06 1.69826 4.26038 5.39129 25.77757 8.52640
254 6.167706991E+06 1.70537 4.25691 5.39164 25.77734 8.52304
255 6.167775580E+06 1.71252 4.25342 5.39197 25.77712 8.52024
256 6.167843666E+06 1.71971 4.24991 5.39229 25.77690 8.51795
257 6.167911250E+06 1.72692 4.24638 5.39260 25.77668 8.51606
258 6.167978326E+06 1.73417 4.24283 5.39290 25.77646 8.51449
259 6.168044896E+06 1.74120 4.23939 5.39319 25.77625 8.51322
260 6.168112833E+06 1.74843 4.23584 5.39347 25.77604 8.50938
261 6.168180434E+06 1.75572 4.23227 5.39374 25.77582 8.50494
262 6.168247159E+06 1.76300 4.22869 5.39401 25.77562 8.50020
263 6.168313291E+06 1.77031 4.22510 5.39426 25.77541 8.49523
264 6.168378847E+06 1.77765 4.22149 5.39451 25.77521 8.49010
265 6.168443815E+06 1.78502 4.21786 5.39474 25.77501 8.48488
266 6.168508178E+06 1.79243 4.21422 5.39497 25.77482 8.47961
267 6.168571925E+06 1.79960 4.21069 5.39518 25.77463 8.47417
268 6.168636946E+06 1.80696 4.20706 5.39539 25.77444 8.46855
269 6.168701700E+06 1.81439 4.20339 5.39559 25.77424 8.46294
270 6.168765908E+06 1.82185 4.19971 5.39578 25.77406 8.45738
271 6.168829546E+06 1.82936 4.19600 5.39596 25.77387 8.45191
272 6.168892590E+06 1.83690 4.19228 5.39614 25.77369 8.44655
273 6.168955006E+06 1.84448 4.18853 5.39630 25.77351 8.44131
274 6.169016754E+06 1.85209 4.18476 5.39646 25.77334 8.43623
275 6.169077798E+06 1.85946 4.18111 5.39661 25.77317 8.43115
276 6.169139919E+06 1.86699 4.17738 5.39676 25.77299 8.42607
277 6.169201852E+06 1.87461 4.17361 5.39689 25.77282 8.42112
278 6.169263101E+06 1.88225 4.16982 5.39702 25.77266 8.41637
279 6.169323614E+06 1.88992 4.16602 5.39715 25.77249 8.41182
280 6.169383351E+06 1.89762 4.16220 5.39727 25.77233 8.40747
281 6.169442281E+06 1.90533 4.15837 5.39738 25.77217 8.40334
282 6.169500371E+06 1.91308 4.15452 5.39748 25.77202 8.39942
283 6.169557586E+06 1.92053 4.15082 5.39758 25.77187 8.39557
284 6.169615770E+06 1.92813 4.14704 5.39767 25.77172 8.39178
285 6.169673729E+06 1.93582 4.14322 5.39776 25.77157 8.38817
286 6.169730886E+06 1.94353 4.13939 5.39784 25.77143 8.38476
287 6.169787204E+06 1.95125 4.13554 5.39791 25.77128 8.38156
288 6.169842677E+06 1.95900 4.13169 5.39798 25.77114 8.37855
289 6.169897303E+06 1.96676 4.12782 5.39805 25.77101 8.37573
290 6.169951075E+06 1.97455 4.12394 5.39810 25.77088 8.37308
291 6.170003984E+06 1.98199 4.12023 5.39817 25.77075 8.37048
292 6.170058158E+06 1.98965 4.11642 5.39821 25.77062 8.36792
293 6.170112117E+06 1.99740 4.11255 5.39825 25.77049 8.36550
294 6.170165349E+06 2.00518 4.10867 5.39829 25.77036 8.36324
295 6.170217805E+06 2.01299 4.10477 5.39832 25.77024 8.36113
296 6.170269470E+06 2.02083 4.10086 5.39834 25.77012 8.35917
297 6.170320338E+06 2.02870 4.09693 5.39836 25.77000 8.35733
298 6.170370399E+06 2.03661 4.09298 5.39838 25.76989 8.35563
299 6.170419643E+06 2.04411 4.08924 5.39840 25.76977 8.35392
300 6.170470422E+06 2.05190 4.08534 5.39841 25.76965 8.35224
301 6.170520944E+06 2.05978 4.08140 5.39840 25.76953 8.35067
302 6.170570746E+06 2.06770 4.07744 5.39839 25.76941 8.34921
303 6.170619751E+06 2.07566 4.07346 5.39838 25.76929 8.34786
304 6.170667920E+06 2.08364 4.06946 5.39836 25.76917 8.34662
305 6.170715224E+06 2.09165 4.06545 5.39834 25.76905 8.34548
306 6.170761634E+06 2.09969 4.06142 5.39831 25.76893 8.34443
307 6.170807119E+06 2.10725 4.05764 5.39832 25.76880 8.34334
308 6.170854239E+06 2.11514 4.05369 5.39829 25.76867 8.34227
309 6.170900986E+06 2.12311 4.04969 5.39825 25.76854 8.34128
310 6.170946909E+06 2.13111 4.04568 5.39820 25.76840 8.34040
311 6.170991907E+06 2.13913 4.04166 5.39815 25.76826 8.33963
312 6.171035946E+06 2.14716 4.03763 5.39810 25.76812 8.33895
313 6.171079012E+06 2.15520 4.03360 5.39804 25.76798 8.33840
314 6.171121117E+06 2.16325 4.02956 5.39799 25.76783 8.33797
315 6.171162345E+06 2.17077 4.02580 5.39798 25.76768 8.33734
316 6.171205376E+06 2.17868 4.02183 5.39792 25.76752 8.33673
317 6.171248095E+06 2.18668 4.01781 5.39785 25.76735 8.33621
318 6.171290103E+06 2.19471 4.01378 5.39777 25.76718 8.33580
319 6.171331313E+06 2.20279 4.00972 5.39769 25.76701 8.33550
320 6.171371673E+06 2.21090 4.00564 5.39760 25.76683 8.33526
321 6.171411157E+06 2.21904 4.00155 5.39751 25.76664 8.33504
322 6.171449775E+06 2.22717 3.99746 5.39743 25.76645 8.33484
323 6.171487707E+06 2.23481 3.99364 5.39740 25.76627 8.33451
324 6.171527391E+06 2.24282 3.98961 5.39731 25.76607 8.33417
325 6.171567040E+06 2.25096 3.98551 5.39721 25.76586 8.33385
326 6.171606176E+06 2.25918 3.98137 5.39709 25.76566 8.33355
327 6.171644696E+06 2.26746 3.97720 5.39697 25.76545 8.33327
328 6.171682520E+06 2.27580 3.97300 5.39684 25.76524 8.33302
329 6.171719607E+06 2.28421 3.96876 5.39670 25.76503 8.33280
330 6.171755979E+06 2.29267 3.96450 5.39657 25.76482 8.33259
331 6.171791703E+06 2.30062 3.96051 5.39653 25.76461 8.33227
332 6.171829232E+06 2.30894 3.95632 5.39640 25.76439 8.33192
333 6.171867139E+06 2.31747 3.95202 5.39625 25.76415 8.33157
334 6.171904831E+06 2.32612 3.94765 5.39609 25.76391 8.33125
335 6.171942208E+06 2.33488 3.94323 5.39592 25.76367 8.33095
336 6.171979231E+06 2.34378 3.93873 5.39573 25.76343 8.33068
337 6.172015917E+06 2.35283 3.93416 5.39554 25.76318 8.33042
338 6.172052417E+06 2.36204 3.92950 5.39533 25.76292 8.33016
339 6.172088937E+06 2.37110 3.92494 5.39520 25.76266 8.32982
340 6.172127058E+06 2.38039 3.92025 5.39504 25.76238 8.32934
341 6.172167054E+06 2.39016 3.91531 5.39481 25.76208 8.32872
342 6.172208584E+06 2.40042 3.91012 5.39454 25.76176 8.32789
343 6.172252127E+06 2.41128 3.90461 5.39424 25.76142 8.32678
344 6.172298941E+06 2.42305 3.89863 5.39388 25.76103 8.32519
345 6.172351467E+06 2.43632 3.89189 5.39344 25.76059 8.32276
346 6.172413863E+06 2.45209 3.88386 5.39285 25.76004 8.31888
347 6.172464528E+06 2.46480 3.87736 5.39228 25.75958 8.31503
348 6.172500290E+06 2.47368 3.87280 5.39180 25.75925 8.31216
349 6.172529028E+06 2.48080 3.86913 5.39137 25.75898 8.30991
350 6.172553977E+06 2.48702 3.86592 5.39095 25.75874 8.30813
351 6.172576349E+06 2.49266 3.86299 5.39053 25.75852 8.30676
352 6.172596844E+06 2.49780 3.86038 5.39037 25.75832 8.30582
353 6.172616945E+06 2.50263 3.85790 5.39009 25.75813 8.30522
354 6.172636616E+06 2.50733 3.85546 5.38975 25.75793 8.30476
355 6.172655574E+06 2.51187 3.85310 5.38939 25.75774 8.30396
356 6.172674108E+06 2.51633 3.85078 5.38903 25.75755 8.30292
357 6.172692213E+06 2.52075 3.84848 5.38864 25.75736 8.30172
358 6.172709853E+06 2.52513 3.84618 5.38823 25.75718 8.30045
359 6.172726991E+06 2.52950 3.84389 5.38780 25.75700 8.29913
360 6.172743602E+06 2.53388 3.84163 5.38755 25.75682 8.29783
361 6.172760102E+06 2.53819 3.83943 5.38733 25.75665 8.29657
362 6.172776805E+06 2.54243 3.83724 5.38704 25.75647 8.29535
363 6.172793743E+06 2.54668 3.83503 5.38670 25.75628 8.29417
364 6.172810750E+06 2.55096 3.83279 5.38632 25.75610 8.29307
365 6.172827638E+06 2.55528 3.83053 5.38591 25.75591 8.29208
366 6.172844283E+06 2.55964 3.82824 5.38548 25.75573 8.29121
367 6.172860602E+06 2.56404 3.82592 5.38501 25.75554 8.29049
368 6.172876552E+06 2.56853 3.82359 5.38467 25.75536 8.28994
369 6.172892317E+06 2.57302 3.82130 5.38448 25.75518 8.28961
370 6.172908425E+06 2.57742 3.81903 5.38421 25.75500 8.28932
371 6.172925121E+06 2.58192 3.81670 5.38387 25.75481 8.28886
372 6.172942124E+06 2.58652 3.81430 5.38348 25.75461 8.28825
373 6.172959144E+06 2.59119 3.81186 5.38304 25.75441 8.28755
374 6.172976053E+06 2.59594 3.80936 5.38257 25.75421 8.28679
375 6.172992770E+06 2.60076 3.80682 5.38206 25.75401 8.28598
376 6.173009234E+06 2.60568 3.80426 5.38163 25.75381 8.28517
377 6.173025622E+06 2.61071 3.80170 5.38145 25.75361 8.28438
378 6.173042456E+06 2.61567 3.79914 5.38116 25.75340 8.28362
379 6.173059944E+06 2.62075 3.79651 5.38079 25.75319 8.28288
380 6.173077762E+06 2.62591 3.79382 5.38036 25.75296 8.28218
381 6.173095706E+06 2.63116 3.79108 5.37988 25.75274 8.28155
382 6.173113660E+06 2.63652 3.78827 5.37936 25.75251 8.28099
383 6.173131545E+06 2.64200 3.78539 5.37881 25.75228 8.28052
384 6.173149335E+06 2.64759 3.78247 5.37829 25.75206 8.28016
385 6.173167241E+06 2.65344 3.77946 5.37797 25.75182 8.27992
386 6.173185395E+06 2.65934 3.77644 5.37767 25.75159 8.27961
387 6.173204090E+06 2.66533 3.77334 5.37726 25.75134 8.27920
388 6.173223136E+06 2.67143 3.77017 5.37679 25.75109 8.27872
389 6.173242283E+06 2.67761 3.76695 5.37625 25.75083 8.27818
390 6.173261397E+06 2.68386 3.76367 5.37566 25.75058 8.27760
391 6.173280392E+06 2.69015 3.76038 5.37507 25.75032 8.27700
392 6.173299371E+06 2.69647 3.75708 5.37448 25.75006 8.27640
393 6.173318437E+06 2.70284 3.75374 5.37387 25.74980 8.27580
394 6.173337511E+06 2.70942 3.75036 5.37351 25.74954 8.27522
395 6.173356583E+06 2.71579 3.74706 5.37307 25.74928 8.27468
396 6.173375970E+06 2.72209 3.74378 5.37255 25.74901 8.27417
397 6.173395509E+06 2.72834 3.74051 5.37196 25.74873 8.27371
398 6.173415093E+06 2.73455 3.73724 5.37132 25.74846 8.27331
399 6.173434681E+06 2.74075 3.73399 5.37069 25.74818 8.27296
400 6.173454526E+06 2.74707 3.73067 5.37004 25.74791 8.27268
401 6.173474848E+06 2.75357 3.72724 5.36934 25.74762 8.27247
402 6.173495718E+06 2.76025 3.72371 5.36860 25.74732 8.27227
403 6.173517206E+06 2.76717 3.72006 5.36782 25.74702 8.27202
404 6.173539399E+06 2.77449 3.71624 5.36720 25.74670 8.27174
405 6.173562248E+06 2.78185 3.71239 5.36648 25.74638 8.27144
406 6.173586129E+06 2.78915 3.70853 5.36568 25.74604 8.27113
407 6.173611089E+06 2.79650 3.70463 5.36479 25.74568 8.27084
408 6.173637191E+06 2.80458 3.70036 5.36382 25.74531 8.27056
409 6.173665481E+06 2.81376 3.69550 5.36275 25.74491 8.27030
410 6.173697629E+06 2.82423 3.68995 5.36152 25.74446 8.27009
411 6.173734273E+06 2.83522 3.68410 5.36008 25.74395 8.26993
412 6.173771475E+06 2.84730 3.67767 5.35853 25.74343 8.26985
413 6.173806984E+06 2.85881 3.67153 5.35699 25.74294 8.27009
414 6.173840203E+06 2.86724 3.66697 5.35558 25.74249 8.27032
415 6.173871287E+06 2.87488 3.66279 5.35418 25.74207 8.27054
416 6.173900246E+06 2.88311 3.65833 5.35277 25.74168 8.27077
417 6.173928223E+06 2.89064 3.65422 5.35139 25.74131 8.27099
418 6.173956430E+06 2.89763 3.65042 5.35018 25.74095 8.27121
419 6.173984535E+06 2.90467 3.64658 5.34889 25.74059 8.27143
420 6.174011932E+06 2.91212 3.64252 5.34755 25.74024 8.27166
421 6.174037915E+06 2.91859 3.63896 5.34625 25.73991 8.27187
422 6.174064103E+06 2.92335 3.63626 5.34499 25.73959 8.27206
423 6.174092963E+06 2.92730 3.63394 5.34360 25.73924 8.27225
424 6.174124534E+06 2.93209 3.63113 5.34194 25.73886 8.27247
425 6.174155494E+06 2.93793 3.62777 5.34020 25.73849 8.27269
426 6.174184714E+06 2.94350 3.62458 5.33854 25.73815 8.27290
427 6.174214284E+06 2.94845 3.62169 5.33689 25.73781 8.27310
428 6.174245819E+06 2.95306 3.61896 5.33519 25.73746 8.27330
429 6.174279521E+06 2.95791 3.61606 5.33330 25.73708 8.27352
430 6.174313866E+06 2.96308 3.61303 5.33151 25.73671 8.27374
431 6.174348447E+06 2.96797 3.61012 5.32967 25.73634 8.27395
432 6.174384277E+06 2.97207 3.60761 5.32782 25.73597 8.27416
433 6.174422387E+06 2.97530 3.60551 5.32589 25.73558 8.27432
434 6.174462729E+06 2.97807 3.60364 5.32393 25.73517 8.27432
435 6.174504542E+06 2.98086 3.60173 5.32191 25.73476 8.27433
436 6.174547176E+06 2.98387 3.59974 5.31994 25.73434 8.27440
437 6.174590586E+06 2.98711 3.59771 5.31831 25.73393 8.27452
438 6.174635057E+06 2.99082 3.59581 5.31814 25.73351 8.27469
439 6.174681828E+06 2.99467 3.59407 5.31884 25.73307 8.27488
440 6.174731318E+06 2.99844 3.59241 5.31976 25.73260 8.27507
441 6.174783421E+06 3.00188 3.59085 5.32041 25.73211 8.27520
442 6.174837682E+06 3.00503 3.58938 5.32081 25.73160 8.27528
443 6.174893687E+06 3.00798 3.58796 5.32102 25.73108 8.27531
444 6.174951065E+06 3.01083 3.58658 5.32121 25.73054 8.27534
445 6.175009654E+06 3.01380 3.58522 5.32170 25.73000 8.27541
446 6.175069585E+06 3.01662 3.58390 5.32208 25.72945 8.27547
447 6.175130578E+06 3.01934 3.58262 5.32240 25.72889 8.27551
448 6.175192429E+06 3.02197 3.58138 5.32271 25.72832 8.27556
449 6.175254972E+06 3.02481 3.58015 5.32346 25.72775 8.27567
450 6.175318683E+06 3.02760 3.57896 5.32427 25.72717 8.27578
451 6.175383352E+06 3.03030 3.57781 5.32507 25.72658 8.27588
452 6.175448829E+06 3.03294 3.57670 5.32590 25.72598 8.27598
453 6.175515027E+06 3.03571 3.57560 5.32707 25.72538 8.27611
454 6.175582413E+06 3.03853 3.57453 5.32844 25.72476 8.27626
455 6.175651029E+06 3.04126 3.57351 5.32979 25.72413 8.27640
456 6.175720650E+06 3.04391 3.57252 5.33115 25.72349 8.27652
457 6.175791225E+06 3.04665 3.57156 5.33278 25.72284 8.27668
458 6.175863222E+06 3.04946 3.57062 5.33464 25.72217 8.27685
459 6.175936951E+06 3.05217 3.56972 5.33646 25.72148 8.27701
460 6.176012075E+06 3.05480 3.56886 5.33827 25.72078 8.27717
461 6.176088545E+06 3.05745 3.56803 5.34024 25.72005 8.27734
462 6.176166851E+06 3.06019 3.56721 5.34247 25.71930 8.27753
463 6.176247542E+06 3.06282 3.56643 5.34461 25.71853 8.27771
464 6.176330199E+06 3.06534 3.56569 5.34671 25.71772 8.27789
465 6.176414809E+06 3.06784 3.56498 5.34886 25.71690 8.27806
466 6.176501773E+06 3.07044 3.56428 5.35126 25.71604 8.27826
467 6.176592144E+06 3.07292 3.56362 5.35356 25.71513 8.27846
468 6.176685291E+06 3.07529 3.56299 5.35578 25.71419 8.27865
469 6.176781215E+06 3.07757 3.56239 5.35793 25.71321 8.27885
470 6.176880043E+06 3.07997 3.56179 5.36035 25.71220 8.27908
471 6.176983565E+06 3.08225 3.56123 5.36265 25.71112 8.27932
472 6.177091020E+06 3.08442 3.56069 5.36484 25.70999 8.27959
473 6.177202466E+06 3.08650 3.56018 5.36696 25.70880 8.27988
474 6.177317979E+06 3.08859 3.55968 5.36915 25.70756 8.28021
475 6.177438846E+06 3.09066 3.55920 5.37136 25.70625 8.28061
476 6.177565827E+06 3.09262 3.55875 5.37346 25.70486 8.28106
477 6.177698670E+06 3.09450 3.55831 5.37548 25.70339 8.28160
478 6.177837556E+06 3.09631 3.55789 5.37744 25.70183 8.28224
479 6.177983098E+06 3.09820 3.55748 5.37956 25.70019 8.28296
480 6.178138377E+06 3.09998 3.55709 5.38156 25.69841 8.28375
481 6.178302686E+06 3.10169 3.55672 5.38349 25.69652 8.28461
482 6.178476520E+06 3.10335 3.55636 5.38536 25.69449 8.28556
483 6.178660813E+06 3.10502 3.55601 5.38730 25.69233 8.28659
484 6.178858344E+06 3.10667 3.55566 5.38924 25.68998 8.28773
485 6.179070219E+06 3.10826 3.55534 5.39111 25.68743 8.28898
486 6.179297326E+06 3.10981 3.55502 5.39295 25.68468 8.29036
487 6.179541641E+06 3.11136 3.55472 5.39483 25.68169 8.29187
488 6.179806889E+06 3.11292 3.55442 5.39675 25.67841 8.29355
489 6.180097051E+06 3.11444 3.55413 5.39863 25.67478 8.29541
490 6.180415918E+06 3.11592 3.55385 5.40048 25.67075 8.29749
491 6.180769363E+06 3.11742 3.55358 5.40240 25.66623 8.29984
492 6.181169572E+06 3.11889 3.55332 5.40430 25.66107 8.30254
493 6.181632980E+06 3.12030 3.55307 5.40614 25.65502 8.30571
494 6.182179996E+06 3.12166 3.55284 5.40792 25.64781 8.30952
495 6.182836414E+06 3.12294 3.55263 5.40963 25.63907 8.31418
496 6.183624116E+06 3.12404 3.55244 5.41109 25.62850 8.31988
497 6.184569359E+06 3.12498 3.55229 5.41235 25.61572 8.32688
498 6.185703650E+06 3.12578 3.55215 5.41341 25.60028 8.33553
499 6.187064799E+06 3.12643 3.55204 5.41427 25.58167 8.34643
500 6.188698178E+06 3.12705 3.55193 5.41507 25.55922 8.35979
501 6.190658233E+06 3.12766 3.55182 5.41583 25.53218 8.37605
502 6.193010299E+06 3.12830 3.55170 5.41663 25.49957 8.39570
503 6.195832778E+06 3.12904 3.55155 5.41753 25.46024 8.41933
504 6.199219753E+06 3.12988 3.55138 5.41853 25.41278 8.44761
505 6.203284123E+06 3.13088 3.55118 5.41972 25.35544 8.48130
506 6.208161367E+06 3.13206 3.55094 5.42113 25.28609 8.52132
507 6.214014060E+06 3.13346 3.55065 5.42276 25.20209 8.56874
508 6.220325847E+06 3.13495 3.55034 5.42450 25.11061 8.61918
509 6.226826185E+06 3.13646 3.55002 5.42626 25.01546 8.67046
510 6.233439178E+06 3.13798 3.54970 5.42800 24.91770 8.72198
511 6.240119574E+06 3.13949 3.54938 5.42973 24.81797 8.77348
512 6.246874191E+06 3.14098 3.54906 5.43143 24.71615 8.82502
513 6.253673182E+06 3.14246 3.54874 5.43310 24.61269 8.87616
514 6.260498999E+06 3.14391 3.54842 5.43473 24.50785 8.92677
515 6.267359107E+06 3.14535 3.54810 5.43634 24.40152 8.97695
516 6.274271828E+06 3.14678 3.54778 5.43792 24.29340 9.02682
517 6.281223155E+06 3.14818 3.54747 5.43946 24.18373 9.07630
518 6.288165311E+06 3.14954 3.54716 5.44095 24.07327 9.12505
519 6.295078393E+06 3.15086 3.54685 5.44238 23.96239 9.17296
520 6.301949718E+06 3.15214 3.54656 5.44375 23.85131 9.21997
521 6.308797213E+06 3.15338 3.54627 5.44507 23.73978 9.26624
522 6.315647939E+06 3.15461 3.54598 5.44636 23.62739 9.31198
523 6.322515591E+06 3.15581 3.54569 5.44762 23.51392 9.35730
524 6.329396506E+06 3.15698 3.54541 5.44884 23.39944 9.40219
525 6.336252282E+06 3.15812 3.54513 5.45000 23.28463 9.44643
526 6.343042205E+06 3.15920 3.54486 5.45110 23.17023 9.48979
527 6.349756610E+06 3.16024 3.54461 5.45214 23.05644 9.53226
528 6.356417741E+06 3.16124 3.54435 5.45313 22.94293 9.57393
529 6.363057039E+06 3.16221 3.54410 5.45408 22.82919 9.61477
530 6.369707055E+06 3.16317 3.54386 5.45501 22.71470 9.65500
531 6.376382194E+06 3.16411 3.54361 5.45591 22.59920 9.69473
532 6.383063706E+06 3.16502 3.54337 5.45677 22.48304 9.73384
533 6.389716601E+06 3.16589 3.54314 5.45759 22.36687 9.77215
534 6.396308902E+06 3.16672 3.54292 5.45835 22.25129 9.80950
535 6.402833853E+06 3.16751 3.54270 5.45905 22.13646 9.84588
536 6.409318429E+06 3.16827 3.54249 5.45973 22.02193 9.88149
537 6.415788797E+06 3.16901 3.54228 5.46037 21.90727 9.91650
538 6.422267958E+06 3.16974 3.54207 5.46100 21.79207 9.95107
539 6.428767804E+06 3.17045 3.54187 5.46162 21.67614 9.98530
540 6.435278733E+06 3.17115 3.54167 5.46221 21.55965 10.01916
541 6.441777186E+06 3.17182 3.54147 5.46277 21.44305 10.05257
542 6.448226762E+06 3.17245 3.54129 5.46328 21.32703 10.08539
543 6.454611574E+06 3.17304 3.54111 5.46375 21.21191 10.11745
544 6.460945084E+06 3.17361 3.54093 5.46420 21.09747 10.14844
545 6.467260592E+06 3.17416 3.54077 5.46462 20.98311 10.17869
546 6.473588786E+06 3.17470 3.54060 5.46504 20.86830 10.20839
547 6.479936427E+06 3.17524 3.54043 5.46546 20.75290 10.23757
548 6.486309884E+06 3.17577 3.54027 5.46587 20.63680 10.26631
549 6.492688604E+06 3.17628 3.54011 5.46627 20.52038 10.29453
550 6.499047417E+06 3.17678 3.53996 5.46665 20.40411 10.32216
551 6.505360897E+06 3.17724 3.53982 5.46699 20.28848 10.34911
552 6.511585464E+06 3.17767 3.53968 5.46730 20.17432 10.37525
553 6.517729579E+06 3.17807 3.53955 5.46759 20.06148 10.40068
554 6.523830755E+06 3.17847 3.53942 5.46788 19.94928 10.42562
555 6.529919989E+06 3.17887 3.53930 5.46818 19.83714 10.45027
556 6.536015285E+06 3.17926 3.53918 5.46849 19.72472 10.47475
557 6.542122735E+06 3.17965 3.53906 5.46880 19.61189 10.49892
558 6.548223748E+06 3.18004 3.53895 5.46912 19.49901 10.52221
559 6.554294528E+06 3.18041 3.53884 5.46943 19.38649 10.54483
560 6.560322971E+06 3.18077 3.53874 5.46974 19.27458 10.56677
561 6.566284580E+06 3.18111 3.53864 5.47003 19.16375 10.58798
562 6.572148523E+06 3.18142 3.53855 5.47030 19.05457 10.60840
563 6.577923280E+06 3.18172 3.53847 5.47058 18.94689 10.62810
564 6.583624194E+06 3.18202 3.53839 5.47086 18.84041 10.64722
565 6.589256480E+06 3.18231 3.53832 5.47115 18.73505 10.66582
566 6.594805291E+06 3.18261 3.53825 5.47145 18.63106 10.68391
567 6.600270377E+06 3.18289 3.53818 5.47177 18.52844 10.70156
568 6.605657353E+06 3.18318 3.53812 5.47209 18.42709 10.71885
569 6.610969009E+06 3.18345 3.53807 5.47242 18.32694 10.73584
570 6.616209501E+06 3.18372 3.53802 5.47276 18.22792 10.75261
571 6.621354693E+06 3.18398 3.53797 5.47310 18.13049 10.76850
572 6.626392592E+06 3.18423 3.53793 5.47343 18.03487 10.78353
573 6.631337842E+06 3.18447 3.53790 5.47377 17.94080 10.79795
574 6.636184694E+06 3.18469 3.53787 5.47412 17.84838 10.81177
575 6.640935300E+06 3.18491 3.53785 5.47446 17.75758 10.82504
576 6.645598424E+06 3.18513 3.53783 5.47482 17.66823 10.83783
577 6.650167426E+06 3.18534 3.53782 5.47519 17.58044 10.85017
578 6.654646682E+06 3.18555 3.53781 5.47557 17.49415 10.86211
579 6.659045500E+06 3.18575 3.53780 5.47597 17.40916 10.87373
580 6.663366143E+06 3.18596 3.53780 5.47637 17.32543 10.88506
581 6.667611032E+06 3.18615 3.53781 5.47679 17.24291 10.89616
582 6.671804648E+06 3.18634 3.53782 5.47721 17.16112 10.90712
583 6.675929982E+06 3.18652 3.53784 5.47765 17.08040 10.91795
584 6.679974367E+06 3.18669 3.53786 5.47809 17.00100 10.92865
585 6.683936190E+06 3.18686 3.53789 5.47853 16.92294 10.93920
586 6.687812692E+06 3.18701 3.53793 5.47899 16.84629 10.94886
587 6.691602757E+06 3.18716 3.53797 5.47945 16.77107 10.95812
588 6.695325749E+06 3.18730 3.53802 5.47991 16.69691 10.96704
589 6.698980101E+06 3.18743 3.53807 5.48039 16.62383 10.97564
590 6.702563782E+06 3.18755 3.53814 5.48088 16.55187 10.98393
591 6.706060100E+06 3.18766 3.53820 5.48137 16.48139 10.99192
592 6.709470707E+06 3.18776 3.53828 5.48187 16.41235 10.99962
593 6.712798540E+06 3.18785 3.53836 5.48237 16.34469 11.00707
594 6.716044778E+06 3.18794 3.53844 5.48289 16.27840 11.01429
595 6.719211877E+06 3.18801 3.53854 5.48341 16.21345 11.02133
596 6.722304375E+06 3.18808 3.53864 5.48394 16.14973 11.02821
597 6.725338116E+06 3.18813 3.53874 5.48447 16.08693 11.03499
598 6.728318702E+06 3.18817 3.53885 5.48501 16.02495 11.04171
599 6.731236556E+06 3.18821 3.53898 5.48556 15.96397 11.04837
600 6.734089959E+06 3.18823 3.53910 5.48611 15.90405 11.05500
601 6.736882861E+06 3.18824 3.53923 5.48667 15.84511 11.06163
602 6.739616189E+06 3.18825 3.53937 5.48723 15.78713 11.06795
603 6.742289804E+06 3.18824 3.53952 5.48780 15.73013 11.07379
604 6.744910951E+06 3.18823 3.53967 5.48838 15.67395 11.07941
605 6.747483253E+06 3.18820 3.53983 5.48897 15.61852 11.08485
606 6.750019286E+06 3.18817 3.53999 5.48956 15.56358 11.09013
607 6.752501541E+06 3.18813 3.54017 5.49016 15.50950 11.09524
608 6.754927836E+06 3.18808 3.54034 5.49077 15.45634 11.10019
609 6.757300844E+06 3.18802 3.54053 5.49138 15.40405 11.10500
610 6.759621398E+06 3.18795 3.54071 5.49200 15.35263 11.10968
611 6.761889462E+06 3.18788 3.54091 5.49262 15.30207 11.11425
612 6.764105513E+06 3.18779 3.54110 5.49324 15.25239 11.11871
613 6.766267645E+06 3.18770 3.54130 5.49387 15.20362 11.12309
614 6.768376748E+06 3.18761 3.54151 5.49450 15.15577 11.12740
615 6.770451735E+06 3.18750 3.54172 5.49513 15.10841 11.13168
616 6.772478374E+06 3.18739 3.54194 5.49577 15.06186 11.13593
617 6.774453194E+06 3.18727 3.54216 5.49642 15.01623 11.14015
618 6.776377942E+06 3.18714 3.54238 5.49706 14.97148 11.14436
619 6.778253411E+06 3.18702 3.54261 5.49771 14.92760 11.14858
620 6.780078851E+06 3.18688 3.54284 5.49837 14.88463 11.15282
621 6.781855074E+06 3.18675 3.54307 5.49902 14.84254 11.15675
622 6.783582012E+06 3.18661 3.54331 5.49968 14.80137 11.16037
623 6.785266152E+06 3.18646 3.54354 5.50034 14.76096 11.16385
624 6.786923797E+06 3.18631 3.54379 5.50101 14.72093 11.16724
625 6.788542740E+06 3.18616 3.54403 5.50169 14.68157 11.17051
626 6.790118294E+06 3.18600 3.54428 5.50237 14.64302 11.17365
627 6.791651894E+06 3.18584 3.54453 5.50304 14.60524 11.17670
628 6.793144338E+06 3.18567 3.54479 5.50372 14.56824 11.17964
629 6.794596214E+06 3.18550 3.54504 5.50440 14.53200 11.18250
630 6.796008610E+06 3.18532 3.54530 5.50508 14.49652 11.18527
631 6.797382787E+06 3.18514 3.54556 5.50575 14.46177 11.18798
632 6.798724993E+06 3.18496 3.54582 5.50644 14.42760 11.19065
633 6.800045627E+06 3.18478 3.54608 5.50712 14.39375 11.19330
634 6.801332937E+06 3.18458 3.54635 5.50781 14.36053 11.19592
635 6.802586054E+06 3.18439 3.54662 5.50849 14.32798 11.19852
636 6.803805852E+06 3.18420 3.54688 5.50917 14.29608 11.20111
637 6.804992727E+06 3.18400 3.54715 5.50985 14.26484 11.20371
638 6.806147998E+06 3.18380 3.54742 5.51052 14.23423 11.20633
639 6.807272888E+06 3.18361 3.54768 5.51119 14.20422 11.20895
640 6.808373097E+06 3.18341 3.54795 5.51187 14.17468 11.21160
641 6.809455903E+06 3.18322 3.54822 5.51256 14.14541 11.21403
642 6.810510908E+06 3.18302 3.54849 5.51324 14.11669 11.21618
643 6.811541136E+06 3.18283 3.54875 5.51391 14.08847 11.21824
644 6.812547669E+06 3.18264 3.54902 5.51459 14.06072 11.22021
645 6.813528687E+06 3.18246 3.54927 5.51527 14.03348 11.22208
646 6.814485793E+06 3.18229 3.54953 5.51594 14.00674 11.22387
647 6.815419917E+06 3.18212 3.54978 5.51661 13.98047 11.22558
648 6.816331599E+06 3.18196 3.55003 5.51729 13.95466 11.22722
649 6.817223377E+06 3.18181 3.55028 5.51798 13.92925 11.22880
650 6.818097855E+06 3.18168 3.55052 5.51867 13.90417 11.23035
651 6.818948974E+06 3.18155 3.55076 5.51937 13.87959 11.23187
652 6.819776075E+06 3.18144 3.55099 5.52007 13.85555 11.23336
653 6.820578279E+06 3.18134 3.55121 5.52078 13.83207 11.23486
654 6.821354120E+06 3.18127 3.55143 5.52150 13.80922 11.23638
655 6.822101966E+06 3.18122 3.55164 5.52223 13.78704 11.23794
656 6.822819663E+06 3.18119 3.55184 5.52297 13.76560 11.23958
657 6.823504144E+06 3.18120 3.55202 5.52373 13.74502 11.24115
658 6.824152154E+06 3.18123 3.55220 5.52450 13.72540 11.24241
659 6.824762184E+06 3.18131 3.55236 5.52529 13.70681 11.24346
660 6.825332171E+06 3.18143 3.55250 5.52608 13.68931 11.24434
661 6.825855910E+06 3.18159 3.55262 5.52689 13.67312 11.24504
662 6.826329889E+06 3.18179 3.55272 5.52770 13.65836 11.24560
663 6.826750558E+06 3.18203 3.55280 5.52848 13.64518 11.24604
664 6.827114978E+06 3.18229 3.55285 5.52922 13.63369 11.24642
665 6.827420792E+06 3.18255 3.55288 5.52989 13.62400 11.24681
666 6.827670750E+06 3.18281 3.55290 5.53047 13.61604 11.24726
667 6.827871597E+06 3.18303 3.55291 5.53095 13.60962 11.24733
668 6.828031056E+06 3.18322 3.55291 5.53131 13.60451 11.24722
669 6.828157976E+06 3.18336 3.55291 5.53158 13.60043 11.24702
670 6.828257181E+06 3.18345 3.55290 5.53174 13.59724 11.24681
671 6.828340955E+06 3.18350 3.55289 5.53181 13.59454 11.24665
672 6.828423057E+06 3.18355 3.55287 5.53183 13.59190 11.24655
673 6.828503385E+06 3.18359 3.55285 5.53182 13.58931 11.24653
674 6.828582172E+06 3.18365 3.55282 5.53182 13.58678 11.24657
675 6.828659742E+06 3.18375 3.55277 5.53184 13.58428 11.24639
676 6.828736910E+06 3.18389 3.55272 5.53191 13.58180 11.24618
677 6.828814660E+06 3.18410 3.55266 5.53208 13.57929 11.24596
678 6.828893004E+06 3.18440 3.55258 5.53237 13.57676 11.24577
679 6.828972340E+06 3.18480 3.55249 5.53282 13.57420 11.24564
680 6.829053059E+06 3.18534 3.55239 5.53348 13.57157 11.24559
681 6.829134924E+06 3.18600 3.55228 5.53435 13.56889 11.24556
682 6.829216800E+06 3.18677 3.55215 5.53540 13.56619 11.24540
683 6.829298268E+06 3.18765 3.55203 5.53664 13.56347 11.24523
684 6.829378905E+06 3.18860 3.55189 5.53802 13.56076 11.24507
685 6.829457313E+06 3.18961 3.55176 5.53951 13.55809 11.24496
686 6.829533351E+06 3.19064 3.55164 5.54107 13.55547 11.24489
687 6.829607225E+06 3.19169 3.55151 5.54266 13.55289 11.24487
688 6.829679319E+06 3.19274 3.55139 5.54429 13.55034 11.24488
689 6.829749976E+06 3.19378 3.55128 5.54592 13.54781 11.24480
690 6.829819525E+06 3.19483 3.55117 5.54756 13.54529 11.24473
691 6.829888299E+06 3.19586 3.55106 5.54920 13.54277 11.24466
692 6.829956433E+06 3.19688 3.55096 5.55083 13.54023 11.24461
693 6.830024114E+06 3.19790 3.55086 5.55247 13.53768 11.24456
694 6.830091361E+06 3.19890 3.55076 5.55409 13.53511 11.24453
695 6.830158521E+06 3.19988 3.55067 5.55568 13.53251 11.24452
696 6.830225701E+06 3.20084 3.55058 5.55726 13.52988 11.24453
697 6.830292998E+06 3.20179 3.55050 5.55882 13.52721 11.24456
698 6.830360486E+06 3.20272 3.55042 5.56035 13.52450 11.24455
699 6.830428222E+06 3.20363 3.55034 5.56187 13.52175 11.24454
700 6.830496345E+06 3.20453 3.55027 5.56336 13.51895 11.24453
701 6.830564809E+06 3.20541 3.55019 5.56484 13.51609 11.24453
702 6.830633570E+06 3.20628 3.55012 5.56631 13.51319 11.24453
703 6.830702629E+06 3.20714 3.55006 5.56775 13.51025 11.24453
704 6.830772054E+06 3.20798 3.54999 5.56918 13.50725 11.24455
705 6.830841834E+06 3.20880 3.54993 5.57059 13.50420 11.24458
706 6.830911952E+06 3.20962 3.54988 5.57198 13.50110 11.24461
707 6.830982415E+06 3.21041 3.54982 5.57335 13.49795 11.24465
708 6.831053222E+06 3.21120 3.54977 5.57471 13.49475 11.24470
709 6.831124261E+06 3.21198 3.54972 5.57607 13.49150 11.24475
710 6.831195783E+06 3.21274 3.54967 5.57740 13.48820 11.24479
711 6.831267971E+06 3.21348 3.54963 5.57870 13.48482 11.24484
712 6.831340704E+06 3.21420 3.54958 5.57998 13.48138 11.24489
713 6.831413954E+06 3.21490 3.54954 5.58123 13.47788 11.24495
714 6.831487702E+06 3.21559 3.54951 5.58245 13.47432 11.24501
715 6.831561943E+06 3.21626 3.54947 5.58364 13.47070 11.24508
716 6.831636659E+06 3.21691 3.54944 5.58481 13.46702 11.24515
717 6.831711859E+06 3.21754 3.54941 5.58595 13.46328 11.24522
718 6.831787525E+06 3.21815 3.54938 5.58707 13.45948 11.24530
719 6.831863633E+06 3.21875 3.54935 5.58815 13.45562 11.24539
720 6.831940176E+06 3.21933 3.54933 5.58921 13.45170 11.24549
721 6.832017139E+06 3.21990 3.54930 5.59024 13.44773 11.24560
722 6.832094742E+06 3.22045 3.54928 5.59126 13.44368 11.24571
723 6.832172752E+06 3.22098 3.54926 5.59224 13.43959 11.24582
724 6.832251089E+06 3.22151 3.54924 5.59322 13.43543 11.24593
725 6.832329459E+06 3.22202 3.54922 5.59418 13.43125 11.24605
726 6.832407936E+06 3.22252 3.54921 5.59511 13.42702 11.24616
727 6.832486524E+06 3.22301 3.54919 5.59602 13.42275 11.24628
728 6.832565229E+06 3.22348 3.54918 5.59690 13.41844 11.24640
729 6.832644061E+06 3.22393 3.54916 5.59775 13.41409 11.24653
730 6.832723008E+06 3.22437 3.54915 5.59858 13.40971 11.24666
731 6.832802074E+06 3.22479 3.54914 5.59939 13.40529 11.24681
732 6.832881201E+06 3.22520 3.54913 5.60018 13.40083 11.24699
733 6.832960315E+06 3.22559 3.54913 5.60093 13.39634 11.24717
734 6.833039687E+06 3.22595 3.54912 5.60163 13.39181 11.24735
735 6.833119079E+06 3.22629 3.54912 5.60230 13.38725 11.24753
736 6.833198380E+06 3.22660 3.54912 5.60291 13.38267 11.24772
737 6.833277489E+06 3.22688 3.54912 5.60348 13.37808 11.24791
738 6.833356286E+06 3.22713 3.54912 5.60399 13.37349 11.24811
739 6.833434582E+06 3.22734 3.54913 5.60444 13.36890 11.24831
740 6.833512237E+06 3.22752 3.54913 5.60482 13.36434 11.24851
741 6.833589124E+06 3.22767 3.54914 5.60514 13.35981 11.24872
742 6.833665102E+06 3.22778 3.54915 5.60539 13.35533 11.24894
743 6.833740044E+06 3.22785 3.54916 5.60557 13.35089 11.24922
744 6.833813889E+06 3.22788 3.54917 5.60568 13.34652 11.24949
745 6.833886705E+06 3.22788 3.54918 5.60573 13.34221 11.24977
746 6.833958049E+06 3.22785 3.54919 5.60571 13.33798 11.25005
747 6.834027694E+06 3.22779 3.54920 5.60564 13.33386 11.25032
748 6.834095812E+06 3.22770 3.54921 5.60550 13.32983 11.25060
749 6.834162399E+06 3.22759 3.54922 5.60530 13.32590 11.25087
750 6.834227389E+06 3.22744 3.54923 5.60505 13.32208 11.25114
751 6.834290746E+06 3.22727 3.54924 5.60474 13.31836 11.25142
752 6.834352471E+06 3.22708 3.54925 5.60438 13.31474 11.25170
753 6.834412485E+06 3.22686 3.54925 5.60395 13.31124 11.25204
754 6.834471259E+06 3.22661 3.54925 5.60348 13.30783 11.25237
755 6.834528271E+06 3.22635 3.54926 5.60296 13.30454 11.25270
756 6.834584002E+06 3.22607 3.54926 5.60241 13.30133 11.25303
757 6.834638312E+06 3.22578 3.54926 5.60182 13.29822 11.25334
758 6.834690762E+06 3.22548 3.54925 5.60122 13.29524 11.25365
759 6.834741215E+06 3.22518 3.54925 5.60060 13.29239 11.25396
760 6.834789605E+06 3.22487 3.54924 5.59996 13.28966 11.25428
761 6.834835949E+06 3.22457 3.54924 5.59932 13.28707 11.25463
762 6.834880177E+06 3.22426 3.54923 5.59867 13.28461 11.25497
763 6.834922433E+06 3.22395 3.54922 5.59803 13.28227 11.25529
764 6.834962787E+06 3.22365 3.54921 5.59738 13.28006 11.25559
765 6.835001203E+06 3.22335 3.54920 5.59674 13.27796 11.25589
766 6.835037912E+06 3.22306 3.54919 5.59611 13.27596 11.25618
767 6.835072944E+06 3.22277 3.54918 5.59549 13.27407 11.25649
768 6.835106414E+06 3.22249 3.54916 5.59488 13.27227 11.25680
769 6.835138575E+06 3.22221 3.54915 5.59427 13.27055 11.25710
770 6.835169662E+06 3.22194 3.54914 5.59368 13.26889 11.25738
771 6.835199687E+06 3.22168 3.54912 5.59309 13.26731 11.25766
772 6.835228739E+06 3.22142 3.54911 5.59251 13.26578 11.25794
773 6.835256880E+06 3.22116 3.54909 5.59194 13.26430 11.25824
774 6.835284142E+06 3.22091 3.54908 5.59137 13.26288 11.25856
775 6.835310488E+06 3.22066 3.54906 5.59082 13.26152 11.25885
776 6.835335936E+06 3.22042 3.54905 5.59027 13.26020 11.25913
777 6.835360405E+06 3.22018 3.54903 5.58974 13.25895 11.25942
778 6.835383751E+06 3.21995 3.54902 5.58922 13.25775 11.25971
779 6.835406134E+06 3.21973 3.54900 5.58871 13.25662 11.26004
780 6.835427550E+06 3.21950 3.54899 5.58822 13.25553 11.26035
781 6.835448010E+06 3.21928 3.54898 5.58773 13.25450 11.26063
782 6.835467580E+06 3.21907 3.54897 5.58725 13.25352 11.26091
783 6.835486232E+06 3.21885 3.54896 5.58678 13.25258 11.26120
784 6.835503954E+06 3.21864 3.54895 5.58631 13.25170 11.26154
785 6.835520781E+06 3.21843 3.54894 5.58586 13.25087 11.26186
786 6.835536589E+06 3.21822 3.54893 5.58541 13.25008 11.26212
787 6.835551639E+06 3.21801 3.54892 5.58497 13.24934 11.26238
788 6.835565983E+06 3.21781 3.54892 5.58454 13.24864 11.26267
789 6.835579566E+06 3.21761 3.54892 5.58411 13.24798 11.26300
790 6.835592411E+06 3.21740 3.54891 5.58370 13.24735 11.26331
791 6.835604566E+06 3.21721 3.54891 5.58330 13.24676 11.26355
792 6.835616066E+06 3.21702 3.54891 5.58291 13.24621 11.26379
793 6.835626920E+06 3.21683 3.54891 5.58254 13.24568 11.26405
794 6.835637099E+06 3.21666 3.54891 5.58219 13.24519 11.26435
795 6.835646592E+06 3.21650 3.54891 5.58187 13.24474 11.26466
796 6.835655380E+06 3.21635 3.54891 5.58158 13.24432 11.26484
797 6.835663509E+06 3.21621 3.54891 5.58131 13.24393 11.26504
798 6.835671056E+06 3.21607 3.54892 5.58104 13.24357 11.26525
799 6.835678044E+06 3.21593 3.54892 5.58078 13.24324 11.26549
800 6.835684518E+06 3.21579 3.54893 5.58053 13.24293 11.26577
801 6.835690519E+06 3.21566 3.54893 5.58029 13.24265 11.26604
802 6.835696092E+06 3.21553 3.54894 5.58006 13.24239 11.26620
803 6.835701269E+06 3.21541 3.54894 5.57983 13.24214 11.26638
804 6.835706094E+06 3.21528 3.54895 5.57961 13.24192 11.26658
805 6.835710575E+06 3.21516 3.54896 5.57939 13.24171 11.26680
806 6.835714738E+06 3.21503 3.54897 5.57918 13.24151 11.26707
807 6.835718605E+06 3.21492 3.54898 5.57899 13.24133 11.26733
808 6.835722198E+06 3.21481 3.54899 5.57881 13.24116 11.26748
809 6.835725539E+06 3.21470 3.54900 5.57864 13.24101 11.26763
810 6.835728643E+06 3.21460 3.54901 5.57848 13.24086 11.26781
811 6.835731507E+06 3.21451 3.54902 5.57834 13.24073 11.26800
812 6.835734141E+06 3.21443 3.54903 5.57822 13.24061 11.26821
813 6.835736559E+06 3.21435 3.54904 5.57811 13.24050 11.26846
814 6.835738783E+06 3.21427 3.54905 5.57799 13.24039 11.26864
815 6.835740829E+06 3.21419 3.54907 5.57788 13.24030 11.26876
816 6.835742722E+06 3.21411 3.54908 5.57777 13.24021 11.26890
817 6.835744475E+06 3.21403 3.54909 5.57767 13.24013 11.26905
818 6.835746098E+06 3.21395 3.54910 5.57756 13.24005 11.26921
819 6.835747605E+06 3.21387 3.54912 5.57746 13.23998 11.26941
820 6.835749005E+06 3.21379 3.54913 5.57735 13.23992 11.26963
821 6.835750310E+06 3.21372 3.54914 5.57725 13.23986 11.26986
822 6.835751527E+06 3.21364 3.54916 5.57715 13.23980 11.26997
823 6.835752666E+06 3.21356 3.54917 5.57705 13.23975 11.27008
824 6.835753737E+06 3.21348 3.54919 5.57694 13.23970 11.27021
825 6.835754740E+06 3.21340 3.54920 5.57684 13.23966 11.27036
826 6.835755681E+06 3.21333 3.54921 5.57675 13.23961 11.27053
827 6.835756562E+06 3.21325 3.54923 5.57665 13.23957 11.27072
828 6.835757386E+06 3.21318 3.54924 5.57657 13.23953 11.27093
829 6.835758150E+06 3.21311 3.54926 5.57649 13.23950 11.27113
830 6.835758852E+06 3.21305 3.54927 5.57642 13.23947 11.27122
831 6.835759492E+06 3.21299 3.54929 5.57637 13.23944 11.27132
832 6.835760075E+06 3.21296 3.54930 5.57636 13.23941 11.27144
833 6.835760603E+06 3.21292 3.54931 5.57634 13.23939 11.27157
834 6.835761079E+06 3.21287 3.54933 5.57630 13.23937 11.27172
835 6.835761510E+06 3.21283 3.54934 5.57626 13.23935 11.27189
836 6.835761900E+06 3.21278 3.54936 5.57622 13.23933 11.27208
837 6.835762254E+06 3.21273 3.54937 5.57618 13.23931 11.27230
838 6.835762577E+06 3.21268 3.54938 5.57614 13.23930 11.27241
