1 5.130126000E+04 0.53538 4.35612 3.44846 8.00000 0.00005
2 9.388428791E+04 0.53539 4.35609 3.44838 8.00000 0.00005
3 1.449839214E+05 0.53569 4.35595 3.44840 8.00000 0.00005
4 2.063034816E+05 0.53611 4.35581 3.44869 8.00000 0.00005
5 2.798869538E+05 0.53662 4.35565 3.44910 8.00000 0.00005
6 3.681871205E+05 0.53726 4.35546 3.44960 8.00000 0.00005
7 4.741473205E+05 0.53803 4.35523 3.45022 8.00000 0.00005
8 6.012995606E+05 0.53896 4.35496 3.45098 8.00000 0.00005
9 7.538822486E+05 0.54006 4.35464 3.45192 8.00000 0.00005
10 9.369814742E+05 0.54136 4.35427 3.45306 8.00000 0.00005
11 1.156700545E+06 0.54289 4.35386 3.45446 8.00000 0.00005
12 1.420363430E+06 0.54467 4.35340 3.45617 8.00000 0.00005
13 1.736758892E+06 0.54675 4.35288 3.45825 8.00000 0.00005
14 2.116433446E+06 0.54917 4.35231 3.46080 8.00000 0.00005
15 2.572042911E+06 0.55200 4.35167 3.46393 8.00000 0.00004
16 3.118774269E+06 0.55531 4.35097 3.46776 8.00000 0.00004
17 3.723947046E+06 0.55891 4.35026 3.47210 8.00000 0.00004
18 4.348126890E+06 0.56256 4.34957 3.47666 8.00000 0.00004
19 4.987147070E+06 0.56628 4.34891 3.48142 8.00000 0.00004
20 5.636511936E+06 0.57005 4.34825 3.48634 8.00000 0.00004
21 6.291413044E+06 0.57388 4.34760 3.49139 8.00000 0.00004
22 6.945250040E+06 0.57776 4.34694 3.49651 8.00000 0.00004
23 7.592321927E+06 0.58163 4.34629 3.50166 8.00000 0.00004
24 8.235255620E+06 0.58552 4.34565 3.50687 8.00000 0.00004
25 8.875801542E+06 0.58942 4.34501 3.51215 8.00000 0.00004
26 9.512685722E+06 0.59335 4.34438 3.51748 8.00000 0.00004
27 1.014456756E+07 0.59731 4.34375 3.52286 8.00000 0.00003
28 1.077038973E+07 0.60128 4.34312 3.52828 8.00000 0.00003
29 1.138926182E+07 0.60527 4.34248 3.53372 8.00000 0.00003
30 1.200041633E+07 0.60928 4.34184 3.53918 8.00000 0.00003
31 1.260322273E+07 0.61332 4.34119 3.54465 8.00000 0.00003
32 1.319710269E+07 0.61737 4.34054 3.55013 8.00000 0.00003
33 1.378138217E+07 0.62145 4.33987 3.55559 8.00000 0.00003
34 1.435517296E+07 0.62555 4.33918 3.56104 8.00000 0.00003
35 1.491688777E+07 0.62969 4.33846 3.56645 8.00000 0.00003
36 1.546352338E+07 0.63385 4.33771 3.57177 8.00000 0.00003
37 1.599405000E+07 0.63798 4.33695 3.57701 8.00000 0.00003
38 1.651456300E+07 0.64214 4.33619 3.58227 8.00000 0.00003
39 1.702590029E+07 0.64631 4.33541 3.58752 8.00000 0.00003
40 1.752769888E+07 0.65050 4.33463 3.59274 8.00000 0.00003
41 1.802003261E+07 0.65470 4.33382 3.59794 8.00000 0.00003
42 1.850289265E+07 0.65892 4.33301 3.60311 8.00000 0.00003
43 1.897625150E+07 0.66316 4.33217 3.60825 8.00000 0.00003
44 1.944011414E+07 0.66741 4.33132 3.61336 8.00000 0.00003
45 1.989444656E+07 0.67168 4.33046 3.61844 8.00000 0.00003
46 2.033903480E+07 0.67597 4.32957 3.62347 8.00000 0.00003
47 2.077329401E+07 0.68028 4.32866 3.62844 8.00000 0.00003
48 2.119598825E+07 0.68463 4.32771 3.63333 8.00000 0.00003
49 2.160480042E+07 0.68896 4.32674 3.63812 8.00000 0.00003
50 2.200150355E+07 0.69327 4.32576 3.64282 8.00000 0.00003
51 2.238973672E+07 0.69759 4.32477 3.64749 8.00000 0.00003
52 2.277011979E+07 0.70192 4.32376 3.65212 8.00000 0.00003
53 2.314270732E+07 0.70627 4.32273 3.65671 8.00000 0.00003
54 2.350759422E+07 0.71063 4.32169 3.66126 8.00000 0.00003
55 2.386493145E+07 0.71500 4.32063 3.66578 8.00000 0.00003
56 2.421480678E+07 0.71940 4.31956 3.67028 8.00000 0.00004
57 2.455699011E+07 0.72381 4.31847 3.67474 8.00000 0.00004
58 2.489167366E+07 0.72824 4.31736 3.67916 8.00000 0.00004
59 2.521885857E+07 0.73268 4.31623 3.68352 8.00000 0.00004
60 2.553823144E+07 0.73715 4.31507 3.68782 8.00000 0.00004
61 2.584898429E+07 0.74164 4.31388 3.69204 8.00000 0.00004
62 2.614967177E+07 0.74612 4.31267 3.69617 8.00000 0.00004
63 2.644168549E+07 0.75057 4.31146 3.70021 8.00000 0.00004
64 2.672744213E+07 0.75503 4.31023 3.70422 8.00000 0.00004
65 2.700743295E+07 0.75950 4.30898 3.70819 8.00000 0.00004
66 2.728169102E+07 0.76399 4.30772 3.71211 8.00000 0.00004
67 2.755031706E+07 0.76849 4.30645 3.71600 8.00000 0.00004
68 2.781346053E+07 0.77300 4.30515 3.71985 8.00000 0.00005
69 2.807118989E+07 0.77752 4.30384 3.72366 8.00000 0.00005
70 2.832358130E+07 0.78205 4.30252 3.72742 8.00000 0.00005
71 2.857066342E+07 0.78660 4.30118 3.73114 8.00000 0.00005
72 2.881248179E+07 0.79116 4.29982 3.73482 8.00000 0.00005
73 2.904890871E+07 0.79574 4.29843 3.73846 8.00000 0.00005
74 2.927945117E+07 0.80035 4.29703 3.74205 8.00000 0.00005
75 2.950328742E+07 0.80497 4.29559 3.74556 8.00000 0.00006
76 2.972009198E+07 0.80955 4.29416 3.74899 8.00000 0.00006
77 2.993173577E+07 0.81413 4.29272 3.75237 8.00000 0.00006
78 3.013917639E+07 0.81872 4.29126 3.75571 8.00000 0.00006
79 3.034258220E+07 0.82331 4.28979 3.75902 8.00000 0.00006
80 3.054199439E+07 0.82792 4.28830 3.76229 8.00000 0.00006
81 3.073751616E+07 0.83253 4.28680 3.76553 8.00000 0.00007
82 3.092925283E+07 0.83716 4.28529 3.76873 8.00000 0.00007
83 3.111726775E+07 0.84179 4.28377 3.77190 8.00000 0.00007
84 3.130162063E+07 0.84644 4.28223 3.77503 8.00000 0.00007
85 3.148234818E+07 0.85109 4.28068 3.77813 8.00000 0.00008
86 3.165945837E+07 0.85575 4.27911 3.78119 8.00000 0.00008
87 3.183292153E+07 0.86042 4.27753 3.78421 8.00000 0.00008
88 3.200254079E+07 0.86510 4.27593 3.78718 8.00000 0.00009
89 3.216787472E+07 0.86978 4.27432 3.79009 8.00000 0.00009
90 3.232868778E+07 0.87446 4.27270 3.79297 8.00000 0.00009
91 3.248570772E+07 0.87912 4.27108 3.79582 8.00000 0.00010
92 3.263983169E+07 0.88378 4.26946 3.79864 8.00000 0.00010
93 3.279141033E+07 0.88844 4.26783 3.80144 8.00000 0.00011
94 3.294049531E+07 0.89311 4.26619 3.80422 8.00000 0.00011
95 3.308714570E+07 0.89779 4.26454 3.80698 8.00000 0.00012
96 3.323143243E+07 0.90246 4.26289 3.80973 8.00000 0.00012
97 3.337348844E+07 0.90714 4.26124 3.81247 8.00000 0.00013
98 3.351343264E+07 0.91181 4.25958 3.81519 8.00000 0.00014
99 3.365134836E+07 0.91649 4.25792 3.81791 8.00000 0.00015
100 3.378727210E+07 0.92116 4.25627 3.82063 8.00000 1.48880
101 3.392126428E+07 0.92553 4.25470 3.82309 8.00000 1.52867
102 3.398826037E+07 0.92780 4.25388 3.82437 8.00000 1.53807
103 3.406865567E+07 0.93060 4.25289 3.82600 8.00000 1.54503
104 3.416513004E+07 0.93398 4.25170 3.82801 8.00000 1.55019
105 3.428089928E+07 0.93806 4.25028 3.83046 8.00000 1.55373
106 3.441982237E+07 0.94292 4.24859 3.83347 8.00000 1.55575
107 3.456600823E+07 0.94798 4.24688 3.83673 8.00000 1.55627
108 3.471098018E+07 0.95286 4.24528 3.84008 8.00000 1.55558
109 3.485519423E+07 0.95748 4.24384 3.84356 8.00000 1.55449
110 3.499911234E+07 0.96168 4.24266 3.84724 8.00000 1.55365
111 3.514167404E+07 0.96510 4.24194 3.85120 8.00000 1.55271
112 3.527301236E+07 0.96720 4.24190 3.85525 8.00000 1.55174
113 3.538335323E+07 0.96765 4.24265 3.85915 8.00000 1.55090
114 3.546960260E+07 0.96666 4.24405 3.86275 8.00000 1.55023
115 3.553013757E+07 0.96480 4.24573 3.86576 8.00000 1.54978
116 3.557407455E+07 0.96251 4.24752 3.86833 8.00000 1.54947
117 3.560752519E+07 0.95997 4.24936 3.87064 8.00000 1.54924
118 3.563390626E+07 0.95730 4.25124 3.87279 8.00000 1.54907
119 3.565523392E+07 0.95452 4.25314 3.87484 8.00000 1.54894
120 3.567274526E+07 0.95168 4.25505 3.87683 8.00000 1.54883
121 3.568729836E+07 0.94882 4.25698 3.87880 8.00000 1.54881
122 3.569950676E+07 0.94596 4.25890 3.88076 8.00000 1.54883
123 3.570985096E+07 0.94311 4.26081 3.88271 8.00000 1.54889
124 3.571871872E+07 0.94030 4.26271 3.88467 8.00000 1.54895
125 3.572637847E+07 0.93752 4.26459 3.88665 8.00000 1.54901
126 3.573302790E+07 0.93479 4.26647 3.88867 8.00000 1.54908
127 3.573881106E+07 0.93213 4.26831 3.89073 8.00000 1.54911
128 3.574383723E+07 0.92956 4.27012 3.89286 8.00000 1.54910
129 3.574821631E+07 0.92710 4.27190 3.89505 8.00000 1.54904
130 3.575203188E+07 0.92474 4.27365 3.89731 8.00000 1.54892
131 3.575535920E+07 0.92250 4.27535 3.89964 8.00000 1.54877
132 3.575826668E+07 0.92038 4.27700 3.90201 8.00000 1.54860
133 3.576080879E+07 0.91838 4.27860 3.90442 8.00000 1.54839
134 3.576302831E+07 0.91652 4.28013 3.90682 7.99999 1.54814
135 3.576495878E+07 0.91481 4.28158 3.90920 7.99999 1.54785
136 3.576664366E+07 0.91325 4.28296 3.91156 7.99999 1.54752
137 3.576811535E+07 0.91182 4.28424 3.91386 7.99999 1.54713
138 3.576939682E+07 0.91054 4.28544 3.91606 7.99999 1.54669
139 3.577051383E+07 0.90940 4.28653 3.91816 7.99998 1.54618
140 3.577148859E+07 0.90838 4.28753 3.92012 7.99998 1.54562
141 3.577233824E+07 0.90749 4.28842 3.92190 7.99998 1.54498
142 3.577308049E+07 0.90671 4.28921 3.92350 7.99998 1.54429
143 3.577372944E+07 0.90604 4.28989 3.92489 7.99998 1.54353
144 3.577429745E+07 0.90545 4.29047 3.92604 7.99998 1.54273
145 3.577480030E+07 0.90496 4.29094 3.92692 7.99998 1.54193
146 3.577525941E+07 0.90453 4.29130 3.92752 7.99998 1.54112
147 3.577568132E+07 0.90417 4.29157 3.92784 7.99998 1.54039
148 3.577608954E+07 0.90385 4.29175 3.92793 7.99998 1.53955
149 3.577649638E+07 0.90358 4.29184 3.92776 7.99998 1.53854
150 3.577691062E+07 0.90334 4.29185 3.92733 7.99997 1.53745
151 3.577733754E+07 0.90316 4.29176 3.92659 7.99997 1.53628
152 3.577777788E+07 0.90303 4.29155 3.92552 7.99997 1.53506
153 3.577823678E+07 0.90298 4.29122 3.92407 7.99997 1.53380
154 3.577871533E+07 0.90301 4.29074 3.92223 7.99997 1.53256
155 3.577921393E+07 0.90314 4.29012 3.92000 7.99997 1.53139
156 3.577972982E+07 0.90341 4.28933 3.91740 7.99997 1.53030
157 3.578026146E+07 0.90384 4.28839 3.91448 7.99997 1.52866
158 3.578080771E+07 0.90445 4.28729 3.91131 7.99997 1.52701
159 3.578137020E+07 0.90528 4.28603 3.90795 7.99997 1.52540
160 3.578194590E+07 0.90636 4.28463 3.90449 7.99997 1.52389
161 3.578253421E+07 0.90773 4.28309 3.90105 7.99997 1.52253
162 3.578313456E+07 0.90941 4.28142 3.89771 7.99997 1.52135
163 3.578374635E+07 0.91142 4.27963 3.89459 7.99997 1.52025
164 3.578436792E+07 0.91380 4.27774 3.89179 7.99997 1.51865
165 3.578499863E+07 0.91654 4.27577 3.88939 7.99996 1.51715
166 3.578563920E+07 0.91966 4.27372 3.88744 7.99996 1.51576
167 3.578628634E+07 0.92313 4.27162 3.88600 7.99996 1.51450
168 3.578693626E+07 0.92693 4.26950 3.88510 7.99996 1.51338
169 3.578758654E+07 0.93100 4.26737 3.88471 7.99996 1.51241
170 3.578823516E+07 0.93530 4.26524 3.88482 7.99996 1.51159
171 3.578888196E+07 0.93980 4.26313 3.88536 7.99996 1.51082
172 3.578952727E+07 0.94445 4.26104 3.88630 7.99996 1.50967
173 3.579017174E+07 0.94923 4.25897 3.88759 7.99996 1.50859
174 3.579081559E+07 0.95411 4.25692 3.88915 7.99996 1.50759
175 3.579145992E+07 0.95906 4.25490 3.89094 7.99996 1.50666
176 3.579210628E+07 0.96406 4.25289 3.89291 7.99995 1.50582
177 3.579275620E+07 0.96911 4.25089 3.89502 7.99995 1.50505
178 3.579341101E+07 0.97419 4.24891 3.89724 7.99995 1.50435
179 3.579407239E+07 0.97929 4.24693 3.89953 7.99995 1.50374
180 3.579474201E+07 0.98441 4.24495 3.90185 7.99995 1.50320
181 3.579542142E+07 0.98954 4.24297 3.90420 7.99995 1.50264
182 3.579611198E+07 0.99468 4.24099 3.90655 7.99995 1.50175
183 3.579681453E+07 0.99982 4.23900 3.90887 7.99995 1.50090
184 3.579752895E+07 1.00496 4.23700 3.91116 7.99995 1.50010
185 3.579825776E+07 1.01010 4.23499 3.91340 7.99995 1.49933
186 3.579900183E+07 1.01523 4.23297 3.91558 7.99994 1.49862
187 3.579976203E+07 1.02037 4.23093 3.91769 7.99994 1.49795
188 3.580053885E+07 1.02550 4.22887 3.91973 7.99994 1.49735
189 3.580133273E+07 1.03064 4.22680 3.92170 7.99994 1.49681
190 3.580214399E+07 1.03577 4.22470 3.92359 7.99994 1.49634
191 3.580297282E+07 1.04090 4.22259 3.92541 7.99994 1.49581
192 3.580381938E+07 1.04603 4.22046 3.92715 7.99994 1.49499
193 3.580468292E+07 1.05116 4.21831 3.92881 7.99993 1.49420
194 3.580556199E+07 1.05628 4.21615 3.93040 7.99993 1.49346
195 3.580645834E+07 1.06139 4.21397 3.93192 7.99993 1.49277
196 3.580737163E+07 1.06651 4.21178 3.93336 7.99993 1.49213
197 3.580830155E+07 1.07163 4.20956 3.93474 7.99993 1.49155
198 3.580924779E+07 1.07675 4.20733 3.93606 7.99992 1.49103
199 3.581021003E+07 1.08187 4.20508 3.93731 7.99992 1.49057
200 3.581118786E+07 1.08699 4.20282 3.93850 7.99992 1.49017
201 3.581218081E+07 1.09211 4.20054 3.93964 7.99992 1.48941
202 3.581318844E+07 1.09724 4.19825 3.94072 7.99992 1.48868
203 3.581420853E+07 1.10236 4.19595 3.94175 7.99991 1.48800
204 3.581524256E+07 1.10749 4.19363 3.94272 7.99991 1.48736
205 3.581628998E+07 1.11262 4.19129 3.94364 7.99991 1.48678
206 3.581735074E+07 1.11775 4.18894 3.94451 7.99991 1.48625
207 3.581842402E+07 1.12289 4.18658 3.94533 7.99990 1.48577
208 3.581950894E+07 1.12804 4.18420 3.94610 7.99990 1.48535
209 3.582060474E+07 1.13319 4.18180 3.94682 7.99990 1.48495
210 3.582171068E+07 1.13835 4.17939 3.94750 7.99990 1.48427
211 3.582282585E+07 1.14351 4.17697 3.94814 7.99989 1.48362
212 3.582394794E+07 1.14868 4.17453 3.94872 7.99989 1.48301
213 3.582507806E+07 1.15385 4.17208 3.94926 7.99989 1.48245
214 3.582621530E+07 1.15904 4.16961 3.94976 7.99988 1.48192
215 3.582735874E+07 1.16423 4.16713 3.95021 7.99988 1.48144
216 3.582850745E+07 1.16943 4.16463 3.95062 7.99988 1.48100
217 3.582966056E+07 1.17465 4.16211 3.95099 7.99988 1.48062
218 3.583081718E+07 1.17988 4.15958 3.95131 7.99987 1.48024
219 3.583197640E+07 1.18512 4.15703 3.95160 7.99987 1.47964
220 3.583313709E+07 1.19037 4.15447 3.95185 7.99987 1.47907
221 3.583429612E+07 1.19562 4.15189 3.95205 7.99986 1.47854
222 3.583545503E+07 1.20089 4.14930 3.95222 7.99986 1.47803
223 3.583661307E+07 1.20617 4.14669 3.95234 7.99986 1.47756
224 3.583777026E+07 1.21146 4.14407 3.95243 7.99985 1.47711
225 3.583892488E+07 1.21677 4.14143 3.95248 7.99985 1.47670
226 3.584007600E+07 1.22209 4.13877 3.95249 7.99985 1.47633
227 3.584122285E+07 1.22743 4.13609 3.95247 7.99984 1.47598
228 3.584236471E+07 1.23279 4.13339 3.95241 7.99984 1.47555
229 3.584350093E+07 1.23817 4.13068 3.95231 7.99984 1.47505
230 3.584462874E+07 1.24356 4.12796 3.95219 7.99983 1.47458
231 3.584574759E+07 1.24896 4.12522 3.95202 7.99983 1.47412
232 3.584685903E+07 1.25437 4.12246 3.95182 7.99982 1.47369
233 3.584796246E+07 1.25981 4.11968 3.95158 7.99982 1.47328
234 3.584905727E+07 1.26527 4.11689 3.95132 7.99982 1.47289
235 3.585014300E+07 1.27075 4.11407 3.95101 7.99981 1.47252
236 3.585121925E+07 1.27625 4.11123 3.95068 7.99981 1.47216
237 3.585228568E+07 1.28177 4.10838 3.95031 7.99981 1.47182
238 3.585334211E+07 1.28731 4.10551 3.94991 7.99980 1.47150
239 3.585438992E+07 1.29288 4.10262 3.94948 7.99980 1.47112
240 3.585542727E+07 1.29847 4.09971 3.94902 7.99980 1.47071
241 3.585645108E+07 1.30408 4.09678 3.94852 7.99979 1.47032
242 3.585746246E+07 1.30970 4.09384 3.94800 7.99979 1.46994
243 3.585846263E+07 1.31534 4.09088 3.94745 7.99978 1.46957
244 3.585945143E+07 1.32101 4.08790 3.94686 7.99978 1.46922
245 3.586042862E+07 1.32671 4.08490 3.94624 7.99978 1.46888
246 3.586139391E+07 1.33243 4.08187 3.94560 7.99977 1.46855
247 3.586234719E+07 1.33818 4.07883 3.94492 7.99977 1.46822
248 3.586328842E+07 1.34396 4.07576 3.94422 7.99977 1.46791
249 3.586421756E+07 1.34976 4.07268 3.94348 7.99976 1.46761
250 3.586513459E+07 1.35559 4.06957 3.94272 7.99976 1.46731
251 3.586603952E+07 1.36144 4.06645 3.94193 7.99976 1.46702
252 3.586693382E+07 1.36731 4.06331 3.94111 7.99975 1.46672
253 3.586781717E+07 1.37322 4.06015 3.94026 7.99975 1.46640
254 3.586868734E+07 1.37914 4.05696 3.93939 7.99974 1.46609
255 3.586954398E+07 1.38508 4.05377 3.93849 7.99974 1.46578
256 3.587038914E+07 1.39105 4.05055 3.93756 7.99974 1.46549
257 3.587122254E+07 1.39705 4.04732 3.93660 7.99973 1.46520
258 3.587204382E+07 1.40307 4.04406 3.93562 7.99973 1.46492
259 3.587285325E+07 1.40912 4.04078 3.93462 7.99973 1.46464
260 3.587365120E+07 1.41520 4.03748 3.93358 7.99972 1.46437
261 3.587443801E+07 1.42132 4.03416 3.93253 7.99972 1.46411
262 3.587521402E+07 1.42747 4.03082 3.93144 7.99972 1.46385
263 3.587597959E+07 1.43365 4.02745 3.93033 7.99971 1.46359
264 3.587673532E+07 1.43984 4.02407 3.92919 7.99971 1.46334
265 3.587748368E+07 1.44609 4.02065 3.92802 7.99971 1.46309
266 3.587822295E+07 1.45238 4.01721 3.92683 7.99970 1.46284
267 3.587895384E+07 1.45872 4.01373 3.92560 7.99970 1.46260
268 3.587967618E+07 1.46511 4.01022 3.92435 7.99969 1.46235
269 3.588038991E+07 1.47156 4.00668 3.92307 7.99969 1.46211
270 3.588109544E+07 1.47806 4.00310 3.92176 7.99969 1.46187
271 3.588179322E+07 1.48462 3.99949 3.92043 7.99968 1.46163
272 3.588248371E+07 1.49124 3.99583 3.91906 7.99968 1.46140
273 3.588316614E+07 1.49792 3.99215 3.91767 7.99968 1.46117
274 3.588384245E+07 1.50467 3.98841 3.91624 7.99967 1.46095
275 3.588451391E+07 1.51151 3.98463 3.91477 7.99967 1.46072
276 3.588518161E+07 1.51843 3.98079 3.91327 7.99967 1.46049
277 3.588584794E+07 1.52545 3.97689 3.91171 7.99966 1.46027
278 3.588651497E+07 1.53262 3.97290 3.91011 7.99966 1.46004
279 3.588718199E+07 1.53995 3.96882 3.90844 7.99966 1.45981
280 3.588785060E+07 1.54745 3.96464 3.90672 7.99965 1.45957
281 3.588852313E+07 1.55517 3.96034 3.90492 7.99965 1.45933
282 3.588920251E+07 1.56313 3.95588 3.90304 7.99964 1.45908
283 3.588989130E+07 1.57139 3.95126 3.90106 7.99964 1.45883
284 3.589059282E+07 1.58000 3.94643 3.89896 7.99964 1.45856
285 3.589131045E+07 1.58902 3.94136 3.89673 7.99963 1.45827
286 3.589203120E+07 1.59829 3.93614 3.89440 7.99963 1.45797
287 3.589272693E+07 1.60745 3.93098 3.89204 7.99962 1.45767
288 3.589335980E+07 1.61594 3.92616 3.88979 7.99962 1.45738
289 3.589392025E+07 1.62360 3.92181 3.88771 7.99961 1.45713
290 3.589441838E+07 1.63053 3.91787 3.88578 7.99961 1.45691
291 3.589486656E+07 1.63685 3.91426 3.88398 7.99961 1.45671
292 3.589527306E+07 1.64268 3.91092 3.88230 7.99961 1.45653
293 3.589564451E+07 1.64809 3.90783 3.88071 7.99960 1.45635
294 3.589598683E+07 1.65309 3.90495 3.87922 7.99960 1.45618
295 3.589630722E+07 1.65783 3.90222 3.87779 7.99960 1.45601
296 3.589660838E+07 1.66233 3.89963 3.87642 7.99960 1.45585
297 3.589689393E+07 1.66663 3.89715 3.87510 7.99959 1.45569
298 3.589716658E+07 1.67079 3.89475 3.87382 7.99959 1.45554
299 3.589742779E+07 1.67483 3.89242 3.87257 7.99959 1.45538
300 3.589767914E+07 1.67877 3.89014 3.87136 7.99959 1.45523
301 3.589792190E+07 1.68263 3.88792 3.87017 7.99959 1.45508
302 3.589815715E+07 1.68641 3.88573 3.86901 7.99959 1.45496
303 3.589838649E+07 1.69010 3.88361 3.86787 7.99958 1.45485
304 3.589861306E+07 1.69379 3.88148 3.86673 7.99958 1.45474
305 3.589883455E+07 1.69743 3.87938 3.86561 7.99958 1.45463
306 3.589905245E+07 1.70104 3.87730 3.86450 7.99958 1.45451
307 3.589926727E+07 1.70464 3.87522 3.86340 7.99958 1.45440
308 3.589947867E+07 1.70823 3.87315 3.86230 7.99958 1.45428
309 3.589968697E+07 1.71182 3.87108 3.86121 7.99957 1.45416
310 3.589989249E+07 1.71541 3.86902 3.86014 7.99957 1.45405
311 3.590009579E+07 1.71895 3.86698 3.85907 7.99957 1.45393
312 3.590029952E+07 1.72254 3.86492 3.85800 7.99957 1.45381
313 3.590050123E+07 1.72614 3.86285 3.85692 7.99957 1.45368
314 3.590070141E+07 1.72973 3.86079 3.85585 7.99957 1.45356
315 3.590090172E+07 1.73336 3.85870 3.85477 7.99956 1.45344
316 3.590110098E+07 1.73702 3.85660 3.85369 7.99956 1.45334
317 3.590129941E+07 1.74071 3.85448 3.85261 7.99956 1.45325
318 3.590149758E+07 1.74446 3.85234 3.85152 7.99956 1.45316
319 3.590169518E+07 1.74817 3.85021 3.85044 7.99956 1.45306
320 3.590189487E+07 1.75197 3.84804 3.84934 7.99956 1.45296
321 3.590209382E+07 1.75582 3.84584 3.84822 7.99956 1.45286
322 3.590229225E+07 1.75967 3.84363 3.84711 7.99955 1.45276
323 3.590249135E+07 1.76357 3.84140 3.84599 7.99955 1.45265
324 3.590269090E+07 1.76752 3.83914 3.84485 7.99955 1.45254
325 3.590289018E+07 1.77152 3.83685 3.84370 7.99955 1.45243
326 3.590308918E+07 1.77557 3.83454 3.84254 7.99955 1.45232
327 3.590328786E+07 1.77959 3.83224 3.84139 7.99955 1.45221
328 3.590348862E+07 1.78370 3.82989 3.84020 7.99954 1.45209
329 3.590368935E+07 1.78787 3.82751 3.83901 7.99954 1.45198
330 3.590389010E+07 1.79209 3.82509 3.83779 7.99954 1.45189
331 3.590409114E+07 1.79633 3.82267 3.83657 7.99954 1.45181
332 3.590429467E+07 1.80068 3.82018 3.83532 7.99954 1.45172
333 3.590449877E+07 1.80509 3.81765 3.83404 7.99954 1.45162
334 3.590470334E+07 1.80959 3.81508 3.83275 7.99953 1.45153
335 3.590490831E+07 1.81411 3.81250 3.83145 7.99953 1.45143
336 3.590511477E+07 1.81869 3.80987 3.83012 7.99953 1.45133
337 3.590532201E+07 1.82336 3.80720 3.82876 7.99953 1.45123
338 3.590552907E+07 1.82809 3.80449 3.82738 7.99953 1.45113
339 3.590573595E+07 1.83288 3.80174 3.82597 7.99952 1.45102
340 3.590594249E+07 1.83768 3.79899 3.82456 7.99952 1.45092
341 3.590614984E+07 1.84254 3.79620 3.82311 7.99952 1.45081
342 3.590635620E+07 1.84742 3.79339 3.82163 7.99952 1.45070
343 3.590656041E+07 1.85229 3.79058 3.82015 7.99952 1.45059
344 3.590676172E+07 1.85707 3.78783 3.81869 7.99951 1.45051
345 3.590696236E+07 1.86189 3.78504 3.81719 7.99951 1.45042
346 3.590716323E+07 1.86680 3.78220 3.81565 7.99951 1.45034
347 3.590736548E+07 1.87183 3.77929 3.81407 7.99951 1.45026
348 3.590756804E+07 1.87694 3.77633 3.81246 7.99951 1.45017
349 3.590777007E+07 1.88210 3.77334 3.81082 7.99950 1.45008
350 3.590797063E+07 1.88723 3.77036 3.80917 7.99950 1.44999
351 3.590817018E+07 1.89237 3.76738 3.80748 7.99950 1.44990
352 3.590836650E+07 1.89746 3.76441 3.80578 7.99950 1.44981
353 3.590855874E+07 1.90241 3.76151 3.80411 7.99950 1.44972
354 3.590874870E+07 1.90736 3.75861 3.80241 7.99949 1.44963
355 3.590893648E+07 1.91231 3.75571 3.80068 7.99949 1.44954
356 3.590912422E+07 1.91732 3.75276 3.79891 7.99949 1.44945
357 3.590931141E+07 1.92238 3.74978 3.79711 7.99949 1.44935
358 3.590949705E+07 1.92743 3.74679 3.79527 7.99949 1.44926
359 3.590968037E+07 1.93242 3.74383 3.79342 7.99949 1.44917
360 3.590985928E+07 1.93731 3.74093 3.79157 7.99948 1.44910
361 3.591003573E+07 1.94221 3.73801 3.78971 7.99948 1.44903
362 3.591021676E+07 1.94731 3.73498 3.78777 7.99948 1.44896
363 3.591040156E+07 1.95244 3.73191 3.78578 7.99948 1.44889
364 3.591058583E+07 1.95748 3.72888 3.78372 7.99948 1.44882
365 3.591076453E+07 1.96254 3.72583 3.78165 7.99947 1.44874
366 3.591095075E+07 1.96789 3.72261 3.77945 7.99947 1.44867
367 3.591114181E+07 1.97328 3.71933 3.77714 7.99947 1.44859
368 3.591132842E+07 1.97859 3.71610 3.77481 7.99947 1.44852
369 3.591151735E+07 1.98407 3.71275 3.77239 7.99946 1.44844
370 3.591171229E+07 1.98970 3.70929 3.76983 7.99946 1.44836
371 3.591190696E+07 1.99527 3.70585 3.76718 7.99946 1.44828
372 3.591210094E+07 2.00080 3.70240 3.76447 7.99946 1.44820
373 3.591229572E+07 2.00625 3.69898 3.76165 7.99946 1.44813
374 3.591248628E+07 2.01140 3.69569 3.75881 7.99945 1.44805
375 3.591266979E+07 2.01601 3.69267 3.75597 7.99945 1.44798
376 3.591284314E+07 2.02003 3.68997 3.75320 7.99945 1.44791
377 3.591300719E+07 2.02347 3.68758 3.75049 7.99945 1.44785
378 3.591316308E+07 2.02635 3.68547 3.74784 7.99945 1.44779
379 3.591331162E+07 2.02886 3.68357 3.74525 7.99944 1.44773
380 3.591345657E+07 2.03122 3.68174 3.74265 7.99944 1.44768
381 3.591360071E+07 2.03351 3.67994 3.73999 7.99944 1.44762
382 3.591374436E+07 2.03571 3.67816 3.73729 7.99944 1.44757
383 3.591388757E+07 2.03787 3.67639 3.73453 7.99944 1.44751
384 3.591403092E+07 2.03999 3.67462 3.73170 7.99944 1.44746
385 3.591417481E+07 2.04206 3.67286 3.72881 7.99943 1.44740
386 3.591431938E+07 2.04404 3.67114 3.72587 7.99943 1.44735
387 3.591446483E+07 2.04590 3.66947 3.72289 7.99943 1.44729
388 3.591461136E+07 2.04758 3.66788 3.71995 7.99943 1.44723
389 3.591476021E+07 2.04908 3.66642 3.71709 7.99943 1.44717
390 3.591491303E+07 2.05039 3.66528 3.71513 7.99942 1.44711
391 3.591508452E+07 2.05135 3.66415 3.71255 7.99942 1.44704
392 3.591525831E+07 2.05200 3.66306 3.70947 7.99942 1.44697
393 3.591542857E+07 2.05254 3.66206 3.70656 7.99942 1.44690
394 3.591559993E+07 2.05284 3.66110 3.70331 7.99942 1.44683
395 3.591576721E+07 2.05307 3.66020 3.70019 7.99941 1.44676
396 3.591593372E+07 2.05322 3.65935 3.69711 7.99941 1.44669
397 3.591609933E+07 2.05319 3.65854 3.69378 7.99941 1.44662
398 3.591626094E+07 2.05323 3.65778 3.69083 7.99941 1.44655
399 3.591642387E+07 2.05314 3.65705 3.68771 7.99941 1.44649
400 3.591658403E+07 2.05292 3.65633 3.68442 7.99941 1.44643
401 3.591674022E+07 2.05290 3.65566 3.68169 7.99940 1.44637
402 3.591689983E+07 2.05269 3.65498 3.67856 7.99940 1.44630
403 3.591705504E+07 2.05250 3.65432 3.67553 7.99940 1.44624
404 3.591720895E+07 2.05244 3.65367 3.67281 7.99940 1.44618
405 3.591736451E+07 2.05224 3.65301 3.66977 7.99940 1.44612
406 3.591751626E+07 2.05219 3.65236 3.66706 7.99940 1.44606
407 3.591766918E+07 2.05218 3.65170 3.66440 7.99939 1.44600
408 3.591782173E+07 2.05206 3.65103 3.66150 7.99939 1.44594
409 3.591797101E+07 2.05223 3.65037 3.65919 7.99939 1.44588
410 3.591812329E+07 2.05234 3.64969 3.65665 7.99939 1.44582
411 3.591827338E+07 2.05244 3.64900 3.65411 7.99939 1.44576
412 3.591842186E+07 2.05281 3.64831 3.65209 7.99939 1.44570
413 3.591857268E+07 2.05310 3.64759 3.64981 7.99939 1.44564
414 3.591872091E+07 2.05351 3.64688 3.64778 7.99938 1.44558
415 3.591886921E+07 2.05411 3.64615 3.64606 7.99938 1.44553
416 3.591901842E+07 2.05464 3.64541 3.64417 7.99938 1.44547
417 3.591916535E+07 2.05541 3.64466 3.64270 7.99938 1.44541
418 3.591931360E+07 2.05629 3.64390 3.64141 7.99938 1.44535
419 3.591946187E+07 2.05714 3.64312 3.64002 7.99938 1.44529
420 3.591960817E+07 2.05830 3.64234 3.63919 7.99937 1.44523
421 3.591975657E+07 2.05955 3.64153 3.63847 7.99937 1.44517
422 3.591990453E+07 2.06079 3.64072 3.63770 7.99937 1.44511
423 3.592005079E+07 2.06238 3.63989 3.63757 7.99937 1.44505
424 3.592019958E+07 2.06408 3.63905 3.63758 7.99937 1.44499
425 3.592034794E+07 2.06578 3.63820 3.63759 7.99937 1.44493
426 3.592049493E+07 2.06784 3.63733 3.63825 7.99937 1.44487
427 3.592064444E+07 2.07005 3.63645 3.63914 7.99936 1.44481
428 3.592079394E+07 2.07230 3.63556 3.64009 7.99936 1.44475
429 3.592094245E+07 2.07490 3.63466 3.64167 7.99936 1.44469
430 3.592109332E+07 2.07770 3.63374 3.64359 7.99936 1.44463
431 3.592124479E+07 2.08058 3.63281 3.64564 7.99936 1.44457
432 3.592139568E+07 2.08378 3.63187 3.64828 7.99936 1.44451
433 3.592154876E+07 2.08724 3.63092 3.65139 7.99935 1.44445
434 3.592170316E+07 2.09082 3.62995 3.65470 7.99935 1.44439
435 3.592185753E+07 2.09471 3.62898 3.65858 7.99935 1.44433
436 3.592201440E+07 2.09892 3.62799 3.66303 7.99935 1.44427
437 3.592217352E+07 2.10327 3.62699 3.66774 7.99935 1.44421
438 3.592233337E+07 2.10794 3.62598 3.67304 7.99935 1.44415
439 3.592249622E+07 2.11296 3.62495 3.67897 7.99934 1.44409
440 3.592266220E+07 2.11815 3.62392 3.68520 7.99934 1.44403
441 3.592282967E+07 2.12366 3.62287 3.69204 7.99934 1.44396
442 3.592300039E+07 2.12949 3.62181 3.69946 7.99934 1.44390
443 3.592317354E+07 2.13542 3.62076 3.70711 7.99933 1.44384
444 3.592334834E+07 2.14165 3.61969 3.71533 7.99933 1.44378
445 3.592352181E+07 2.14792 3.61866 3.72371 7.99933 1.44372
446 3.592369476E+07 2.15411 3.61765 3.73206 7.99933 1.44366
447 3.592386928E+07 2.16047 3.61665 3.74077 7.99932 1.44360
448 3.592404344E+07 2.16679 3.61567 3.74950 7.99932 1.44354
449 3.592421959E+07 2.17303 3.61471 3.75815 7.99932 1.44349
450 3.592439972E+07 2.17933 3.61376 3.76694 7.99932 1.44343
451 3.592458342E+07 2.18566 3.61282 3.77584 7.99931 1.44337
452 3.592477143E+07 2.19187 3.61190 3.78459 7.99931 1.44332
453 3.592496675E+07 2.19799 3.61100 3.79323 7.99930 1.44326
454 3.592517079E+07 2.20421 3.61010 3.80205 7.99930 1.44320
455 3.592538243E+07 2.21026 3.60922 3.81066 7.99930 1.44315
456 3.592560604E+07 2.21618 3.60837 3.81907 7.99929 1.44309
457 3.592584434E+07 2.22196 3.60753 3.82730 7.99929 1.44303
458 3.592610010E+07 2.22775 3.60671 3.83556 7.99928 1.44296
459 3.592637359E+07 2.23329 3.60591 3.84348 7.99927 1.44290
460 3.592667166E+07 2.23864 3.60515 3.85111 7.99927 1.44283
461 3.592699885E+07 2.24377 3.60441 3.85842 7.99926 1.44276
462 3.592736015E+07 2.24872 3.60370 3.86549 7.99925 1.44268
463 3.592775940E+07 2.25343 3.60303 3.87222 7.99924 1.44260
464 3.592820203E+07 2.25784 3.60240 3.87851 7.99923 1.44251
465 3.592869459E+07 2.26197 3.60180 3.88438 7.99921 1.44242
466 3.592924066E+07 2.26583 3.60125 3.88988 7.99920 1.44234
467 3.592984199E+07 2.26949 3.60072 3.89509 7.99918 1.44224
468 3.593049434E+07 2.27300 3.60021 3.90008 7.99916 1.44215
469 3.593119084E+07 2.27633 3.59973 3.90480 7.99914 1.44205
470 3.593192582E+07 2.27954 3.59926 3.90936 7.99911 1.44195
471 3.593269098E+07 2.28269 3.59880 3.91383 7.99909 1.44184
472 3.593347996E+07 2.28580 3.59835 3.91824 7.99907 1.44173
473 3.593428613E+07 2.28890 3.59790 3.92264 7.99904 1.44162
474 3.593510346E+07 2.29199 3.59745 3.92704 7.99901 1.44150
475 3.593592916E+07 2.29505 3.59701 3.93139 7.99898 1.44138
476 3.593676266E+07 2.29809 3.59657 3.93572 7.99896 1.44126
477 3.593760357E+07 2.30112 3.59614 3.94004 7.99893 1.44114
478 3.593845243E+07 2.30416 3.59570 3.94437 7.99890 1.44102
479 3.593930732E+07 2.30721 3.59527 3.94872 7.99887 1.44092
480 3.594016700E+07 2.31025 3.59483 3.95307 7.99883 1.44082
481 3.594103190E+07 2.31327 3.59440 3.95740 7.99880 1.44073
482 3.594190283E+07 2.31628 3.59398 3.96171 7.99877 1.44063
483 3.594278070E+07 2.31929 3.59355 3.96602 7.99874 1.44054
484 3.594366713E+07 2.32231 3.59312 3.97034 7.99870 1.44044
485 3.594456020E+07 2.32533 3.59269 3.97468 7.99866 1.44034
486 3.594546014E+07 2.32836 3.59227 3.97902 7.99863 1.44024
487 3.594636832E+07 2.33137 3.59184 3.98335 7.99859 1.44014
488 3.594728625E+07 2.33438 3.59142 3.98768 7.99855 1.44003
489 3.594821711E+07 2.33741 3.59099 3.99203 7.99851 1.43993
490 3.594916423E+07 2.34045 3.59057 3.99640 7.99847 1.43982
491 3.595012645E+07 2.34352 3.59014 4.00082 7.99843 1.43972
492 3.595110659E+07 2.34658 3.58971 4.00524 7.99838 1.43961
493 3.595211007E+07 2.34966 3.58928 4.00967 7.99834 1.43950
494 3.595314399E+07 2.35275 3.58885 4.01413 7.99829 1.43940
495 3.595422263E+07 2.35586 3.58842 4.01862 7.99824 1.43930
496 3.595536105E+07 2.35899 3.58798 4.02316 7.99818 1.43934
497 3.595657277E+07 2.36208 3.58756 4.02763 7.99812 1.43940
498 3.595786724E+07 2.36502 3.58716 4.03191 7.99806 1.43951
499 3.595920901E+07 2.36766 3.58680 4.03575 7.99799 1.43963
500 3.596058651E+07 2.36993 3.58649 4.03907 7.99792 1.43977
501 3.596200696E+07 2.37187 3.58624 4.04191 7.99785 1.43991
502 3.596349049E+07 2.37351 3.58602 4.04433 7.99777 1.44005
503 3.596507893E+07 2.37497 3.58582 4.04647 7.99769 1.44018
504 3.596681688E+07 2.37631 3.58565 4.04844 7.99759 1.44046
505 3.596876204E+07 2.37758 3.58548 4.05030 7.99749 1.44079
506 3.597092808E+07 2.37879 3.58531 4.05208 7.99737 1.44114
507 3.597339629E+07 2.37996 3.58516 4.05380 7.99724 1.44151
508 3.597623332E+07 2.38107 3.58501 4.05542 7.99708 1.44231
509 3.597955168E+07 2.38206 3.58488 4.05687 7.99690 1.44321
510 3.598348207E+07 2.38283 3.58477 4.05799 7.99668 1.44437
511 3.598819855E+07 2.38327 3.58472 4.05866 7.99642 1.44646
512 3.599385832E+07 2.38333 3.58472 4.05879 7.99611 1.44896
513 3.600065005E+07 2.38300 3.58478 4.05837 7.99573 1.45276
514 3.600880012E+07 2.38232 3.58489 4.05745 7.99529 1.45784
515 3.601858020E+07 2.38132 3.58505 4.05609 7.99475 1.46398
516 3.602960556E+07 2.38010 3.58524 4.05441 7.99415 1.47151
517 3.604153096E+07 2.37873 3.58546 4.05252 7.99351 1.47988
518 3.605436817E+07 2.37721 3.58569 4.05042 7.99282 1.48868
519 3.606787801E+07 2.37555 3.58594 4.04813 7.99210 1.49769
520 3.608186774E+07 2.37378 3.58622 4.04566 7.99136 1.50675
521 3.609626566E+07 2.37187 3.58650 4.04301 7.99061 1.51579
522 3.611101660E+07 2.36985 3.58681 4.04019 7.98986 1.52476
523 3.612607951E+07 2.36770 3.58714 4.03718 7.98909 1.53375
524 3.614137087E+07 2.36541 3.58748 4.03398 7.98832 1.54260
525 3.615685362E+07 2.36298 3.58784 4.03059 7.98755 1.55126
526 3.617248146E+07 2.36042 3.58823 4.02700 7.98679 1.55970
527 3.618820549E+07 2.35771 3.58863 4.02320 7.98603 1.56791
528 3.620398097E+07 2.35486 3.58906 4.01920 7.98528 1.57587
529 3.621975765E+07 2.35187 3.58951 4.01501 7.98455 1.58357
530 3.623552918E+07 2.34877 3.58997 4.01065 7.98383 1.59102
531 3.625127635E+07 2.34556 3.59045 4.00616 7.98312 1.59823
532 3.626702120E+07 2.34227 3.59094 4.00153 7.98242 1.60521
533 3.628279290E+07 2.33889 3.59144 3.99679 7.98173 1.61198
534 3.629859330E+07 2.33542 3.59196 3.99193 7.98106 1.61856
535 3.631441208E+07 2.33188 3.59249 3.98696 7.98040 1.62495
536 3.633023649E+07 2.32826 3.59303 3.98189 7.97975 1.63115
537 3.634601638E+07 2.32458 3.59358 3.97673 7.97912 1.63715
538 3.636176086E+07 2.32083 3.59414 3.97147 7.97850 1.64296
539 3.637747156E+07 2.31702 3.59471 3.96613 7.97790 1.64859
540 3.639314618E+07 2.31315 3.59529 3.96071 7.97730 1.65404
541 3.640878932E+07 2.30923 3.59588 3.95522 7.97673 1.65933
542 3.642437225E+07 2.30526 3.59648 3.94967 7.97617 1.66445
543 3.643992818E+07 2.30126 3.59708 3.94407 7.97562 1.66941
544 3.645549009E+07 2.29722 3.59769 3.93843 7.97508 1.67423
545 3.647109598E+07 2.29316 3.59830 3.93275 7.97455 1.67894
546 3.648677987E+07 2.28908 3.59892 3.92707 7.97404 1.68353
547 3.650252950E+07 2.28500 3.59954 3.92138 7.97353 1.68801
548 3.651841856E+07 2.28090 3.60016 3.91568 7.97303 1.69241
549 3.653446393E+07 2.27680 3.60078 3.90996 7.97253 1.69673
550 3.655067461E+07 2.27270 3.60141 3.90426 7.97204 1.70097
551 3.656703540E+07 2.26860 3.60203 3.89858 7.97156 1.70513
552 3.658355411E+07 2.26451 3.60266 3.89291 7.97108 1.70922
553 3.660025539E+07 2.26042 3.60329 3.88725 7.97061 1.71324
554 3.661713453E+07 2.25634 3.60392 3.88161 7.97015 1.71719
555 3.663417975E+07 2.25228 3.60455 3.87602 7.96969 1.72107
556 3.665138911E+07 2.24825 3.60518 3.87048 7.96923 1.72487
557 3.666883676E+07 2.24425 3.60581 3.86498 7.96878 1.72863
558 3.668656577E+07 2.24028 3.60644 3.85955 7.96833 1.73234
559 3.670456832E+07 2.23636 3.60706 3.85421 7.96789 1.73600
560 3.672284932E+07 2.23249 3.60768 3.84895 7.96745 1.73962
561 3.674152972E+07 2.22866 3.60830 3.84376 7.96700 1.74321
562 3.676068747E+07 2.22489 3.60892 3.83869 7.96656 1.74679
563 3.678030337E+07 2.22118 3.60953 3.83374 7.96611 1.75036
564 3.680042140E+07 2.21754 3.61014 3.82889 7.96566 1.75392
565 3.682114511E+07 2.21397 3.61075 3.82416 7.96521 1.75748
566 3.684255379E+07 2.21047 3.61136 3.81960 7.96474 1.76105
567 3.686449804E+07 2.20705 3.61196 3.81518 7.96428 1.76462
568 3.688709906E+07 2.20372 3.61256 3.81091 7.96381 1.76818
569 3.691030286E+07 2.20049 3.61315 3.80684 7.96334 1.77174
570 3.693376310E+07 2.19741 3.61374 3.80302 7.96286 1.77523
571 3.695730395E+07 2.19448 3.61431 3.79945 7.96240 1.77865
572 3.698119073E+07 2.19169 3.61487 3.79611 7.96193 1.78202
573 3.700524742E+07 2.18906 3.61543 3.79308 7.96147 1.78532
574 3.702884534E+07 2.18662 3.61597 3.79034 7.96102 1.78848
575 3.705267593E+07 2.18431 3.61649 3.78781 7.96057 1.79159
576 3.707680456E+07 2.18216 3.61701 3.78562 7.96012 1.79466
577 3.710032178E+07 2.18019 3.61752 3.78370 7.95968 1.79759
578 3.712395617E+07 2.17835 3.61801 3.78199 7.95925 1.80046
579 3.714788743E+07 2.17665 3.61851 3.78059 7.95881 1.80331
580 3.717132265E+07 2.17511 3.61900 3.77947 7.95839 1.80604
581 3.719449388E+07 2.17371 3.61947 3.77856 7.95797 1.80868
582 3.721780366E+07 2.17244 3.61995 3.77793 7.95755 1.81129
583 3.724060816E+07 2.17130 3.62044 3.77759 7.95715 1.81380
584 3.726263581E+07 2.17029 3.62090 3.77742 7.95675 1.81618
585 3.728453599E+07 2.16938 3.62138 3.77751 7.95636 1.81851
586 3.730580220E+07 2.16860 3.62187 3.77791 7.95599 1.82074
587 3.732586572E+07 2.16791 3.62234 3.77842 7.95563 1.82282
588 3.734551834E+07 2.16731 3.62283 3.77919 7.95528 1.82483
589 3.736428510E+07 2.16682 3.62335 3.78027 7.95495 1.82673
590 3.738164007E+07 2.16639 3.62385 3.78141 7.95464 1.82847
591 3.739836595E+07 2.16605 3.62438 3.78286 7.95434 1.83013
592 3.741384661E+07 2.16580 3.62493 3.78455 7.95406 1.83166
593 3.742798098E+07 2.16557 3.62547 3.78627 7.95380 1.83305
594 3.744136919E+07 2.16546 3.62607 3.78845 7.95356 1.83437
595 3.745320376E+07 2.16538 3.62667 3.79068 7.95335 1.83552
596 3.746399902E+07 2.16533 3.62729 3.79305 7.95315 1.83658
597 3.747385621E+07 2.16539 3.62796 3.79586 7.95297 1.83754
598 3.748239971E+07 2.16542 3.62862 3.79856 7.95281 1.83838
599 3.749020520E+07 2.16557 3.62934 3.80174 7.95266 1.83915
600 3.749693611E+07 2.16571 3.63006 3.80488 7.95254 1.83981
601 3.750295504E+07 2.16588 3.63081 3.80823 7.95242 1.84040
602 3.750827887E+07 2.16610 3.63159 3.81179 7.95232 1.84093
603 3.751295506E+07 2.16629 3.63236 3.81527 7.95223 1.84140
604 3.751719318E+07 2.16656 3.63320 3.81917 7.95215 1.84183
605 3.752088508E+07 2.16675 3.63402 3.82282 7.95208 1.84220
606 3.752427341E+07 2.16701 3.63489 3.82683 7.95201 1.84255
607 3.752727190E+07 2.16719 3.63576 3.83067 7.95195 1.84285
608 3.753002475E+07 2.16738 3.63666 3.83464 7.95189 1.84314
609 3.753252680E+07 2.16755 3.63757 3.83862 7.95184 1.84340
610 3.753481829E+07 2.16766 3.63848 3.84250 7.95180 1.84364
611 3.753695413E+07 2.16779 3.63944 3.84658 7.95175 1.84387
612 3.753890396E+07 2.16782 3.64037 3.85037 7.95171 1.84408
613 3.754075304E+07 2.16788 3.64135 3.85438 7.95167 1.84428
614 3.754245642E+07 2.16785 3.64230 3.85815 7.95163 1.84446
615 3.754407238E+07 2.16780 3.64327 3.86191 7.95160 1.84464
616 3.754560009E+07 2.16774 3.64424 3.86569 7.95157 1.84481
617 3.754703700E+07 2.16761 3.64519 3.86921 7.95154 1.84497
618 3.754842502E+07 2.16750 3.64617 3.87290 7.95150 1.84513
619 3.754972807E+07 2.16730 3.64712 3.87632 7.95148 1.84528
620 3.755098763E+07 2.16708 3.64807 3.87968 7.95145 1.84543
621 3.755220281E+07 2.16684 3.64904 3.88308 7.95142 1.84557
622 3.755336013E+07 2.16654 3.64997 3.88621 7.95139 1.84571
623 3.755449299E+07 2.16623 3.65093 3.88941 7.95137 1.84585
624 3.755558018E+07 2.16583 3.65189 3.89247 7.95134 1.84598
625 3.755663436E+07 2.16532 3.65288 3.89539 7.95132 1.84611
626 3.755766502E+07 2.16398 3.65449 3.89918 7.95129 1.84624
627 3.755847882E+07 2.16193 3.65627 3.90217 7.95128 1.84632
628 3.755918801E+07 2.15940 3.65815 3.90464 7.95126 1.84639
629 3.755985433E+07 2.15638 3.66022 3.90687 7.95124 1.84644
630 3.756049207E+07 2.15294 3.66245 3.90892 7.95123 1.84648
631 3.756111217E+07 2.14915 3.66483 3.91084 7.95121 1.84653
632 3.756171824E+07 2.14510 3.66730 3.91265 7.95120 1.84657
633 3.756231071E+07 2.14096 3.66979 3.91434 7.95119 1.84662
634 3.756288993E+07 2.13679 3.67227 3.91591 7.95117 1.84667
635 3.756345844E+07 2.13253 3.67477 3.91738 7.95116 1.84673
636 3.756401896E+07 2.12817 3.67730 3.91876 7.95115 1.84680
637 3.756457329E+07 2.12381 3.67980 3.92006 7.95114 1.84687
638 3.756512118E+07 2.11934 3.68234 3.92128 7.95112 1.84695
639 3.756566684E+07 2.11446 3.68507 3.92243 7.95111 1.84703
640 3.756622479E+07 2.10901 3.68807 3.92356 7.95110 1.84713
641 3.756681106E+07 2.10292 3.69140 3.92469 7.95109 1.84724
642 3.756744341E+07 2.09606 3.69513 3.92587 7.95107 1.84736
643 3.756812969E+07 2.08853 3.69919 3.92707 7.95106 1.84750
644 3.756887913E+07 2.08028 3.70363 3.92833 7.95104 1.84765
645 3.756970232E+07 2.07150 3.70835 3.92965 7.95103 1.84778
646 3.757054497E+07 2.06268 3.71309 3.93096 7.95101 1.84788
647 3.757139360E+07 2.05376 3.71787 3.93226 7.95099 1.84795
648 3.757224726E+07 2.04523 3.72246 3.93353 7.95098 1.84801
649 3.757302462E+07 2.03738 3.72666 3.93462 7.95096 1.84804
650 3.757381734E+07 2.02942 3.73090 3.93568 7.95095 1.84806
651 3.757459798E+07 2.02192 3.73489 3.93663 7.95093 1.84808
652 3.757533711E+07 2.01489 3.73861 3.93745 7.95092 1.84810
653 3.757608978E+07 2.00776 3.74236 3.93821 7.95091 1.84811
654 3.757686671E+07 2.00058 3.74612 3.93890 7.95089 1.84813
655 3.757765368E+07 1.99355 3.74979 3.93950 7.95088 1.84816
656 3.757845021E+07 1.98667 3.75336 3.94004 7.95087 1.84820
657 3.757926506E+07 1.97982 3.75691 3.94051 7.95085 1.84824
658 3.758011712E+07 1.97275 3.76055 3.94096 7.95084 1.84829
659 3.758100395E+07 1.96566 3.76419 3.94135 7.95082 1.84835
660 3.758194036E+07 1.95855 3.76784 3.94170 7.95081 1.84842
661 3.758293162E+07 1.95144 3.77147 3.94202 7.95079 1.84851
662 3.758397867E+07 1.94442 3.77506 3.94231 7.95078 1.84860
663 3.758508115E+07 1.93754 3.77857 3.94259 7.95076 1.84871
664 3.758623765E+07 1.93085 3.78197 3.94285 7.95074 1.84884
665 3.758745594E+07 1.92431 3.78531 3.94311 7.95073 1.84898
666 3.758876499E+07 1.91771 3.78868 3.94338 7.95071 1.84913
667 3.759017455E+07 1.91105 3.79208 3.94365 7.95069 1.84931
668 3.759168444E+07 1.90450 3.79542 3.94394 7.95066 1.84950
669 3.759331779E+07 1.89808 3.79871 3.94423 7.95064 1.84972
670 3.759508963E+07 1.89180 3.80192 3.94453 7.95062 1.84996
671 3.759701694E+07 1.88568 3.80506 3.94486 7.95059 1.85023
672 3.759912105E+07 1.87974 3.80813 3.94522 7.95056 1.85053
673 3.760142705E+07 1.87396 3.81112 3.94563 7.95053 1.85087
674 3.760396156E+07 1.86829 3.81407 3.94608 7.95050 1.85124
675 3.760672882E+07 1.86279 3.81695 3.94660 7.95046 1.85166
676 3.760974895E+07 1.85742 3.81978 3.94718 7.95042 1.85212
677 3.761302185E+07 1.85228 3.82250 3.94781 7.95038 1.85263
678 3.761660507E+07 1.84730 3.82517 3.94853 7.95034 1.85319
679 3.762050922E+07 1.84243 3.82780 3.94932 7.95029 1.85380
680 3.762473645E+07 1.83767 3.83041 3.95020 7.95024 1.85446
681 3.762927854E+07 1.83297 3.83299 3.95114 7.95018 1.85518
682 3.763410551E+07 1.82828 3.83558 3.95214 7.95012 1.85579
683 3.763914467E+07 1.82367 3.83815 3.95318 7.95006 1.85633
684 3.764435176E+07 1.81906 3.84072 3.95424 7.95000 1.85692
685 3.764963435E+07 1.81462 3.84320 3.95529 7.94994 1.85754
686 3.765510002E+07 1.81024 3.84566 3.95636 7.94987 1.85821
687 3.766073909E+07 1.80593 3.84808 3.95744 7.94981 1.85892
688 3.766654404E+07 1.80168 3.85048 3.95853 7.94974 1.85968
689 3.767250856E+07 1.79747 3.85286 3.95962 7.94967 1.86047
690 3.767862297E+07 1.79328 3.85523 3.96072 7.94960 1.86130
691 3.768484719E+07 1.78913 3.85758 3.96181 7.94953 1.86215
692 3.769119705E+07 1.78497 3.85992 3.96289 7.94946 1.86304
693 3.769763829E+07 1.78093 3.86221 3.96396 7.94939 1.86396
694 3.770428934E+07 1.77692 3.86449 3.96505 7.94931 1.86492
695 3.771115421E+07 1.77294 3.86675 3.96615 7.94924 1.86591
696 3.771823842E+07 1.76898 3.86901 3.96726 7.94916 1.86695
697 3.772555069E+07 1.76504 3.87127 3.96839 7.94908 1.86804
698 3.773310151E+07 1.76106 3.87354 3.96952 7.94900 1.86916
699 3.774086652E+07 1.75707 3.87582 3.97067 7.94891 1.87032
700 3.774887267E+07 1.75303 3.87813 3.97182 7.94883 1.87152
701 3.775710576E+07 1.74904 3.88041 3.97297 7.94874 1.87276
702 3.776571402E+07 1.74503 3.88272 3.97416 7.94865 1.87405
703 3.777472336E+07 1.74098 3.88505 3.97538 7.94856 1.87541
704 3.778417347E+07 1.73687 3.88741 3.97664 7.94846 1.87683
705 3.779411705E+07 1.73271 3.88982 3.97793 7.94836 1.87832
706 3.780462124E+07 1.72846 3.89228 3.97926 7.94825 1.87989
707 3.781576848E+07 1.72408 3.89481 3.98064 7.94813 1.88155
708 3.782763071E+07 1.71955 3.89743 3.98207 7.94801 1.88331
709 3.784033787E+07 1.71488 3.90014 3.98356 7.94789 1.88518
710 3.785409827E+07 1.71006 3.90294 3.98512 7.94775 1.88705
711 3.786921282E+07 1.70503 3.90588 3.98679 7.94760 1.88907
712 3.788588026E+07 1.69978 3.90894 3.98857 7.94744 1.89133
713 3.790456769E+07 1.69428 3.91217 3.99047 7.94725 1.89389
714 3.792586503E+07 1.68851 3.91557 3.99253 7.94705 1.89683
715 3.795054672E+07 1.68246 3.91915 3.99478 7.94681 1.90026
716 3.797965116E+07 1.67619 3.92291 3.99725 7.94654 1.90431
717 3.801422434E+07 1.66987 3.92674 3.99995 7.94621 1.90912
718 3.805567275E+07 1.66375 3.93054 4.00291 7.94582 1.91487
719 3.810534439E+07 1.65810 3.93417 4.00612 7.94536 1.92144
720 3.816285917E+07 1.65328 3.93743 4.00953 7.94483 1.92877
721 3.822853701E+07 1.64937 3.94029 4.01313 7.94422 1.93699
722 3.830214746E+07 1.64638 3.94272 4.01690 7.94354 1.94605
723 3.838290999E+07 1.64498 3.94436 4.02065 7.94278 1.95586
724 3.847565545E+07 1.64566 3.94499 4.02453 7.94191 1.96697
725 3.857978839E+07 1.64847 3.94459 4.02853 7.94091 1.97931
726 3.867823244E+07 1.65239 3.94352 4.03209 7.93995 1.99087
727 3.877061943E+07 1.65676 3.94214 4.03531 7.93904 2.00161
728 3.885974690E+07 1.66154 3.94049 4.03829 7.93814 2.01190
729 3.894644734E+07 1.66721 3.93833 4.04099 7.93724 2.02183
730 3.902920171E+07 1.67365 3.93571 4.04338 7.93637 2.03126
731 3.910844812E+07 1.68063 3.93276 4.04554 7.93552 2.04024
732 3.918585842E+07 1.68808 3.92953 4.04754 7.93467 2.04898
733 3.926273966E+07 1.69600 3.92604 4.04943 7.93381 2.05765
734 3.933854831E+07 1.70433 3.92232 4.05120 7.93294 2.06625
735 3.941194848E+07 1.71299 3.91840 4.05281 7.93208 2.07468
736 3.947832030E+07 1.72152 3.91446 4.05414 7.93128 2.08249
737 3.953624686E+07 1.72965 3.91066 4.05518 7.93057 2.08870
738 3.958644324E+07 1.73713 3.90713 4.05602 7.92994 2.09377
739 3.963127702E+07 1.74418 3.90378 4.05672 7.92937 2.09825
740 3.967121053E+07 1.75072 3.90065 4.05730 7.92885 2.10221
741 3.970712628E+07 1.75685 3.89771 4.05777 7.92837 2.10577
742 3.973969421E+07 1.76263 3.89492 4.05817 7.92794 2.10900
743 3.976954825E+07 1.76813 3.89225 4.05851 7.92754 2.11198
744 3.979714066E+07 1.77341 3.88968 4.05879 7.92716 2.11476
745 3.982275463E+07 1.77842 3.88724 4.05902 7.92680 2.11740
746 3.984691204E+07 1.78333 3.88483 4.05921 7.92646 2.11996
747 3.986945237E+07 1.78812 3.88247 4.05936 7.92614 2.12244
748 3.989055680E+07 1.79277 3.88017 4.05947 7.92584 2.12488
749 3.991042774E+07 1.79730 3.87793 4.05955 7.92555 2.12730
750 3.992922515E+07 1.80177 3.87570 4.05959 7.92527 2.12975
751 3.994692994E+07 1.80619 3.87349 4.05961 7.92501 2.13185
752 3.996357873E+07 1.81052 3.87133 4.05960 7.92476 2.13329
753 3.997955459E+07 1.81477 3.86921 4.05960 7.92452 2.13466
754 3.999533886E+07 1.81900 3.86708 4.05957 7.92428 2.13600
755 4.001080393E+07 1.82329 3.86492 4.05952 7.92404 2.13732
756 4.002577831E+07 1.82754 3.86278 4.05946 7.92381 2.13861
757 4.004040462E+07 1.83179 3.86064 4.05937 7.92358 2.13988
758 4.005469972E+07 1.83608 3.85847 4.05927 7.92335 2.14115
759 4.006861900E+07 1.84040 3.85628 4.05916 7.92313 2.14242
760 4.008216442E+07 1.84474 3.85408 4.05903 7.92291 2.14370
761 4.009536346E+07 1.84912 3.85186 4.05890 7.92269 2.14500
762 4.010823991E+07 1.85342 3.84967 4.05874 7.92248 2.14633
763 4.012103984E+07 1.85783 3.84741 4.05855 7.92227 2.14774
764 4.013352992E+07 1.86224 3.84516 4.05836 7.92206 2.14921
765 4.014579029E+07 1.86670 3.84288 4.05814 7.92185 2.15076
766 4.015779888E+07 1.87121 3.84056 4.05791 7.92164 2.15241
767 4.016950388E+07 1.87577 3.83822 4.05767 7.92144 2.15390
768 4.018090074E+07 1.88036 3.83587 4.05742 7.92124 2.15476
769 4.019208581E+07 1.88499 3.83349 4.05718 7.92104 2.15560
770 4.020327628E+07 1.88970 3.83107 4.05691 7.92084 2.15643
771 4.021440068E+07 1.89444 3.82863 4.05662 7.92064 2.15725
772 4.022543038E+07 1.89926 3.82614 4.05631 7.92044 2.15808
773 4.023627724E+07 1.90414 3.82361 4.05597 7.92024 2.15890
774 4.024687530E+07 1.90910 3.82104 4.05561 7.92004 2.15972
775 4.025717309E+07 1.91412 3.81844 4.05524 7.91985 2.16054
776 4.026719700E+07 1.91921 3.81580 4.05485 7.91966 2.16137
777 4.027696717E+07 1.92439 3.81311 4.05445 7.91947 2.16222
778 4.028649287E+07 1.92968 3.81036 4.05403 7.91929 2.16311
779 4.029577183E+07 1.93493 3.80762 4.05358 7.91910 2.16403
780 4.030496238E+07 1.94031 3.80481 4.05310 7.91892 2.16503
781 4.031394140E+07 1.94576 3.80196 4.05260 7.91874 2.16609
782 4.032270505E+07 1.95135 3.79903 4.05207 7.91856 2.16724
783 4.033120271E+07 1.95703 3.79606 4.05152 7.91839 2.16850
784 4.033942489E+07 1.96282 3.79301 4.05094 7.91822 2.16965
785 4.034734345E+07 1.96876 3.78989 4.05030 7.91805 2.17014
786 4.035491958E+07 1.97492 3.78662 4.04956 7.91789 2.17054
787 4.036209387E+07 1.98128 3.78323 4.04873 7.91773 2.17088
788 4.036874153E+07 1.98756 3.77988 4.04787 7.91758 2.17117
789 4.037497181E+07 1.99384 3.77651 4.04699 7.91745 2.17144
790 4.038078626E+07 2.00015 3.77314 4.04608 7.91732 2.17167
791 4.038617910E+07 2.00647 3.76974 4.04516 7.91719 2.17188
792 4.039126392E+07 2.01293 3.76627 4.04420 7.91708 2.17207
793 4.039609242E+07 2.01958 3.76270 4.04319 7.91696 2.17224
794 4.040064859E+07 2.02635 3.75905 4.04214 7.91686 2.17241
795 4.040491883E+07 2.03319 3.75536 4.04105 7.91675 2.17259
796 4.040890157E+07 2.03989 3.75173 4.03996 7.91666 2.17277
797 4.041266693E+07 2.04649 3.74816 4.03887 7.91656 2.17297
798 4.041624448E+07 2.05304 3.74461 4.03776 7.91647 2.17320
799 4.041961155E+07 2.05956 3.74107 4.03666 7.91639 2.17345
800 4.042282108E+07 2.06617 3.73749 4.03555 7.91631 2.17373
801 4.042596162E+07 2.07304 3.73377 4.03441 7.91623 2.17404
802 4.042904750E+07 2.08010 3.72995 4.03325 7.91615 2.17438
803 4.043206573E+07 2.08708 3.72617 4.03209 7.91607 2.17477
804 4.043493420E+07 2.09415 3.72236 4.03097 7.91599 2.17517
805 4.043786519E+07 2.10179 3.71825 4.02983 7.91591 2.17561
806 4.044097066E+07 2.10981 3.71395 4.02865 7.91582 2.17604
807 4.044409169E+07 2.11799 3.70957 4.02749 7.91573 2.17627
808 4.044733504E+07 2.12677 3.70488 4.02628 7.91564 2.17650
809 4.045097450E+07 2.13644 3.69966 4.02478 7.91553 2.17675
810 4.045450058E+07 2.14608 3.69442 4.02309 7.91543 2.17700
811 4.045777275E+07 2.15543 3.68929 4.02125 7.91533 2.17724
812 4.046071773E+07 2.16383 3.68461 4.01933 7.91524 2.17745
813 4.046319651E+07 2.17073 3.68069 4.01748 7.91516 2.17762
814 4.046531419E+07 2.17645 3.67740 4.01572 7.91509 2.17778
815 4.046721434E+07 2.18164 3.67437 4.01399 7.91503 2.17791
816 4.046900772E+07 2.18660 3.67143 4.01218 7.91498 2.17791
817 4.047069023E+07 2.19152 3.66851 4.01033 7.91492 2.17788
818 4.047228383E+07 2.19649 3.66555 4.00841 7.91487 2.17783
819 4.047379949E+07 2.20129 3.66265 4.00640 7.91482 2.17779
820 4.047523871E+07 2.20580 3.65987 4.00432 7.91477 2.17775
821 4.047660248E+07 2.21002 3.65722 4.00216 7.91473 2.17772
822 4.047789637E+07 2.21384 3.65475 3.99993 7.91469 2.17770
823 4.047912475E+07 2.21707 3.65257 3.99766 7.91465 2.17769
824 4.048029490E+07 2.21970 3.65068 3.99536 7.91461 2.17771
825 4.048142070E+07 2.22190 3.64900 3.99302 7.91457 2.17773
826 4.048251908E+07 2.22384 3.64743 3.99065 7.91453 2.17776
827 4.048360592E+07 2.22552 3.64601 3.98831 7.91450 2.17779
828 4.048471816E+07 2.22672 3.64493 3.98642 7.91446 2.17784
829 4.048601318E+07 2.22765 3.64389 3.98410 7.91442 2.17792
830 4.048738935E+07 2.22853 3.64275 3.98130 7.91437 2.17800
831 4.048872434E+07 2.22938 3.64164 3.97854 7.91433 2.17807
832 4.049003770E+07 2.23022 3.64051 3.97570 7.91429 2.17814
833 4.049132219E+07 2.23104 3.63934 3.97269 7.91424 2.17822
834 4.049255843E+07 2.23189 3.63820 3.96982 7.91420 2.17828
835 4.049377793E+07 2.23269 3.63704 3.96680 7.91417 2.17835
836 4.049496439E+07 2.23345 3.63588 3.96363 7.91413 2.17842
837 4.049610588E+07 2.23422 3.63476 3.96074 7.91409 2.17848
838 4.049724146E+07 2.23490 3.63363 3.95758 7.91406 2.17855
839 4.049833889E+07 2.23556 3.63252 3.95444 7.91402 2.17861
840 4.049940577E+07 2.23623 3.63145 3.95149 7.91399 2.17868
841 4.050046090E+07 2.23681 3.63037 3.94833 7.91396 2.17874
842 4.050148132E+07 2.23743 3.62933 3.94542 7.91392 2.17881
843 4.050249074E+07 2.23800 3.62831 3.94250 7.91389 2.17887
844 4.050348237E+07 2.23851 3.62732 3.93953 7.91386 2.17894
845 4.050444986E+07 2.23913 3.62637 3.93698 7.91383 2.17900
846 4.050542155E+07 2.23964 3.62543 3.93425 7.91380 2.17907
847 4.050637340E+07 2.24023 3.62453 3.93183 7.91378 2.17913
848 4.050732496E+07 2.24085 3.62365 3.92955 7.91375 2.17919
849 4.050827644E+07 2.24142 3.62279 3.92725 7.91372 2.17926
850 4.050921829E+07 2.24220 3.62197 3.92552 7.91369 2.17932
851 4.051018397E+07 2.24292 3.62115 3.92369 7.91366 2.17939
852 4.051114992E+07 2.24377 3.62036 3.92220 7.91363 2.17945
853 4.051213459E+07 2.24474 3.61958 3.92103 7.91360 2.17951
854 4.051314807E+07 2.24570 3.61881 3.91988 7.91357 2.17958
855 4.051417888E+07 2.24692 3.61806 3.91934 7.91354 2.17963
856 4.051526656E+07 2.24819 3.61732 3.91890 7.91351 2.17970
857 4.051640039E+07 2.24955 3.61658 3.91867 7.91348 2.17976
858 4.051759217E+07 2.25118 3.61586 3.91904 7.91344 2.17982
859 4.051889260E+07 2.25284 3.61514 3.91947 7.91340 2.17989
860 4.052029422E+07 2.25466 3.61442 3.92025 7.91336 2.17996
861 4.052184864E+07 2.25668 3.61372 3.92147 7.91331 2.18003
862 4.052363313E+07 2.25872 3.61302 3.92279 7.91326 2.18012
863 4.052569605E+07 2.26087 3.61235 3.92437 7.91320 2.18022
864 4.052817156E+07 2.26307 3.61171 3.92624 7.91312 2.18034
865 4.053114217E+07 2.26507 3.61114 3.92796 7.91302 2.18049
866 4.053470690E+07 2.26679 3.61066 3.92947 7.91291 2.18067
867 4.053898457E+07 2.26821 3.61027 3.93075 7.91277 2.18090
868 4.054411779E+07 2.26932 3.60998 3.93179 7.91261 2.18119
869 4.055027764E+07 2.27013 3.60975 3.93250 7.91241 2.18154
870 4.055766947E+07 2.27075 3.60956 3.93301 7.91217 2.18199
871 4.056653966E+07 2.27132 3.60938 3.93342 7.91188 2.18255
872 4.057718389E+07 2.27192 3.60918 3.93381 7.91154 2.18321
873 4.058995696E+07 2.27263 3.60894 3.93427 7.91112 2.18367
874 4.060528465E+07 2.27352 3.60865 3.93487 7.91062 2.18422
875 4.062367788E+07 2.27467 3.60827 3.93567 7.91002 2.18487
876 4.064305876E+07 2.27600 3.60786 3.93667 7.90938 2.18555
877 4.066174319E+07 2.27739 3.60744 3.93781 7.90876 2.18620
878 4.067975971E+07 2.27885 3.60702 3.93904 7.90816 2.18681
879 4.069681364E+07 2.28038 3.60659 3.94035 7.90758 2.18736
880 4.071280295E+07 2.28196 3.60615 3.94176 7.90704 2.18788
881 4.072778199E+07 2.28361 3.60570 3.94328 7.90653 2.18837
882 4.074184496E+07 2.28534 3.60526 3.94496 7.90605 2.18887
883 4.075531489E+07 2.28717 3.60480 3.94679 7.90558 2.18938
884 4.076806384E+07 2.28907 3.60434 3.94874 7.90513 2.18992
885 4.078001713E+07 2.29104 3.60387 3.95081 7.90471 2.19051
886 4.079118799E+07 2.29309 3.60339 3.95299 7.90431 2.19115
887 4.080159759E+07 2.29522 3.60290 3.95530 7.90394 2.19187
888 4.081126756E+07 2.29744 3.60242 3.95778 7.90358 2.19209
889 4.082036926E+07 2.29976 3.60192 3.96043 7.90325 2.19215
890 4.082878771E+07 2.30217 3.60141 3.96322 7.90293 2.19217
891 4.083646850E+07 2.30467 3.60089 3.96614 7.90264 2.19218
892 4.084343458E+07 2.30725 3.60036 3.96920 7.90238 2.19217
893 4.084972457E+07 2.30991 3.59983 3.97237 7.90213 2.19216
894 4.085536587E+07 2.31268 3.59928 3.97574 7.90191 2.19216
895 4.086044511E+07 2.31554 3.59873 3.97925 7.90171 2.19216
896 4.086495196E+07 2.31847 3.59817 3.98288 7.90153 2.19220
897 4.086890727E+07 2.32147 3.59761 3.98661 7.90136 2.19227
898 4.087234890E+07 2.32450 3.59704 3.99040 7.90122 2.19240
899 4.087533418E+07 2.32755 3.59648 3.99425 7.90109 2.19261
900 4.087790784E+07 2.33062 3.59591 3.99814 7.90098 2.19251
901 4.088011624E+07 2.33371 3.59535 4.00209 7.90088 2.19221
902 4.088200541E+07 2.33676 3.59481 4.00600 7.90080 2.19191
903 4.088361866E+07 2.33977 3.59427 4.00987 7.90073 2.19163
904 4.088499578E+07 2.34275 3.59374 4.01371 7.90066 2.19138
905 4.088617299E+07 2.34567 3.59323 4.01749 7.90066 2.19117
906 4.088717888E+07 2.34853 3.59272 4.02118 7.90066 2.19103
907 4.088803968E+07 2.35131 3.59223 4.02479 7.90066 2.19097
908 4.088877442E+07 2.35401 3.59175 4.02827 7.90066 2.19101
909 4.088939773E+07 2.35658 3.59130 4.03160 7.90066 2.19063
910 4.088992784E+07 2.35907 3.59086 4.03482 7.90066 2.19026
911 4.089037197E+07 2.36140 3.59046 4.03786 7.90066 2.18999
912 4.089080147E+07 2.36397 3.59002 4.04125 7.90066 2.18979
913 4.089121244E+07 2.36678 3.58954 4.04498 7.90066 2.18965
914 4.089160646E+07 2.36982 3.58904 4.04904 7.90066 2.18958
915 4.089198664E+07 2.37302 3.58852 4.05335 7.90066 2.18957
916 4.089235634E+07 2.37637 3.58797 4.05787 7.90066 2.18962
917 4.089271873E+07 2.37980 3.58742 4.06253 7.90066 2.18946
918 4.089307645E+07 2.38330 3.58686 4.06729 7.90066 2.18929
919 4.089343125E+07 2.38683 3.58630 4.07211 7.90066 2.18914
920 4.089378501E+07 2.39041 3.58573 4.07701 7.90066 2.18901
921 4.089413864E+07 2.39400 3.58517 4.08192 7.90066 2.18892
922 4.089449350E+07 2.39759 3.58460 4.08683 7.90066 2.18886
923 4.089485022E+07 2.40117 3.58404 4.09175 7.90066 2.18882
924 4.089520907E+07 2.40476 3.58348 4.09666 7.90066 2.18882
925 4.089557046E+07 2.40834 3.58291 4.10158 7.90066 2.18885
926 4.089593486E+07 2.41192 3.58235 4.10649 7.90066 2.18891
927 4.089630288E+07 2.41548 3.58179 4.11138 7.90066 2.18885
928 4.089667520E+07 2.41903 3.58124 4.11626 7.90066 2.18876
929 4.089705266E+07 2.42257 3.58069 4.12113 7.90066 2.18868
930 4.089743615E+07 2.42610 3.58014 4.12598 7.90066 2.18862
931 4.089782677E+07 2.42959 3.57959 4.13078 7.90066 2.18859
932 4.089822599E+07 2.43303 3.57905 4.13553 7.90066 2.18857
933 4.089863512E+07 2.43643 3.57852 4.14020 7.90066 2.18859
934 4.089905594E+07 2.43976 3.57800 4.14478 7.90066 2.18862
935 4.089949064E+07 2.44300 3.57750 4.14923 7.90066 2.18869
936 4.089994175E+07 2.44614 3.57700 4.15354 7.90066 2.18878
937 4.090041158E+07 2.44913 3.57653 4.15764 7.90066 2.18889
938 4.090090279E+07 2.45194 3.57609 4.16148 7.90066 2.18888
939 4.090141920E+07 2.45451 3.57568 4.16500 7.90066 2.18888
940 4.090196893E+07 2.45682 3.57531 4.16814 7.90066 2.18891
941 4.090255260E+07 2.45880 3.57499 4.17081 7.90066 2.18897
942 4.090317465E+07 2.46037 3.57473 4.17291 7.90066 2.18905
943 4.090383574E+07 2.46145 3.57454 4.17432 7.90066 2.18916
944 4.090453634E+07 2.46195 3.57444 4.17491 7.90066 2.18932
945 4.090527368E+07 2.46179 3.57444 4.17457 7.90066 2.18953
946 4.090602384E+07 2.46096 3.57454 4.17331 7.90066 2.18975
947 4.090676006E+07 2.45958 3.57472 4.17127 7.90066 2.18981
948 4.090747505E+07 2.45777 3.57496 4.16864 7.90066 2.18986
949 4.090817677E+07 2.45564 3.57526 4.16556 7.90066 2.18993
950 4.090886071E+07 2.45332 3.57558 4.16222 7.90066 2.19001
951 4.090953191E+07 2.45093 3.57592 4.15878 7.90066 2.19012
952 4.091019542E+07 2.44854 3.57625 4.15533 7.90066 2.19028
953 4.091085490E+07 2.44620 3.57658 4.15196 7.90066 2.19036
954 4.091151268E+07 2.44399 3.57689 4.14877 7.90066 2.19026
955 4.091218010E+07 2.44195 3.57717 4.14581 7.90066 2.19017
956 4.091286765E+07 2.44013 3.57741 4.14315 7.90066 2.19012
957 4.091357079E+07 2.43859 3.57762 4.14090 7.90066 2.19016
958 4.091429207E+07 2.43739 3.57777 4.13909 7.90066 2.19018
959 4.091503257E+07 2.43654 3.57787 4.13778 7.90066 2.18993
960 4.091579322E+07 2.43607 3.57791 4.13702 7.90066 2.18973
961 4.091659127E+07 2.43601 3.57789 4.13682 7.90066 2.18965
962 4.091740771E+07 2.43637 3.57780 4.13720 7.90066 2.18962
963 4.091822856E+07 2.43711 3.57766 4.13811 7.90066 2.18928
964 4.091904972E+07 2.43817 3.57748 4.13949 7.90066 2.18906
965 4.091988702E+07 2.43955 3.57724 4.14132 7.90066 2.18900
966 4.092071388E+07 2.44117 3.57697 4.14349 7.90066 2.18880
967 4.092152541E+07 2.44299 3.57668 4.14594 7.90066 2.18851
968 4.092233488E+07 2.44500 3.57636 4.14867 7.90066 2.18835
969 4.092314120E+07 2.44718 3.57601 4.15163 7.90066 2.18836
970 4.092393690E+07 2.44945 3.57565 4.15473 7.90066 2.18805
971 4.092472243E+07 2.45179 3.57528 4.15794 7.90066 2.18782
972 4.092551786E+07 2.45423 3.57490 4.16130 7.90066 2.18772
973 4.092630969E+07 2.45673 3.57451 4.16475 7.90066 2.18768
974 4.092709530E+07 2.45927 3.57412 4.16825 7.90066 2.18740
975 4.092787875E+07 2.46184 3.57372 4.17180 7.90066 2.18722
976 4.092867146E+07 2.46447 3.57332 4.17544 7.90066 2.18717
977 4.092946291E+07 2.46710 3.57291 4.17909 7.90066 2.18707
978 4.093025247E+07 2.46972 3.57251 4.18274 7.90066 2.18684
979 4.093104713E+07 2.47234 3.57211 4.18638 7.90066 2.18671
980 4.093185109E+07 2.47497 3.57171 4.19004 7.90066 2.18669
981 4.093265534E+07 2.47759 3.57132 4.19369 7.90066 2.18656
982 4.093345809E+07 2.48019 3.57093 4.19732 7.90066 2.18636
983 4.093426797E+07 2.48280 3.57054 4.20098 7.90066 2.18626
984 4.093508425E+07 2.48540 3.57015 4.20463 7.90066 2.18628
985 4.093590099E+07 2.48797 3.56976 4.20824 7.90066 2.18611
986 4.093671689E+07 2.49051 3.56939 4.21180 7.90066 2.18595
987 4.093754300E+07 2.49304 3.56901 4.21537 7.90066 2.18588
988 4.093837232E+07 2.49554 3.56864 4.21890 7.90066 2.18592
989 4.093919997E+07 2.49802 3.56828 4.22240 7.90066 2.18572
990 4.094002448E+07 2.50048 3.56792 4.22588 7.90066 2.18559
991 4.094085856E+07 2.50294 3.56756 4.22937 7.90066 2.18556
992 4.094169080E+07 2.50538 3.56721 4.23283 7.90066 2.18555
993 4.094251960E+07 2.50779 3.56686 4.23625 7.90066 2.18538
994 4.094334752E+07 2.51017 3.56651 4.23963 7.90066 2.18528
995 4.094418150E+07 2.51253 3.56617 4.24300 7.90066 2.18528
996 4.094501230E+07 2.51487 3.56584 4.24634 7.90066 2.18522
997 4.094583713E+07 2.51719 3.56551 4.24966 7.90066 2.18508
998 4.094666086E+07 2.51951 3.56518 4.25297 7.90066 2.18502
999 4.094748521E+07 2.52182 3.56485 4.25628 7.90066 2.18505
1000 4.094830353E+07 2.52410 3.56453 4.25957 7.90066 2.18493
1001 4.094911453E+07 2.52635 3.56422 4.26281 7.90066 2.18482
1002 4.094992789E+07 2.52859 3.56390 4.26604 7.90066 2.18480
1003 4.095073714E+07 2.53081 3.56359 4.26924 7.90066 2.18482
1004 4.095153840E+07 2.53301 3.56329 4.27241 7.90066 2.18468
1005 4.095233128E+07 2.53519 3.56299 4.27557 7.90066 2.18460
1006 4.095312448E+07 2.53738 3.56268 4.27874 7.90066 2.18461
1007 4.095390896E+07 2.53955 3.56239 4.28189 7.90066 2.18457
1008 4.095468359E+07 2.54169 3.56209 4.28500 7.90066 2.18446
1009 4.095545424E+07 2.54382 3.56180 4.28809 7.90066 2.18442
1010 4.095622122E+07 2.54593 3.56152 4.29117 7.90066 2.18447
1011 4.095697891E+07 2.54801 3.56124 4.29421 7.90066 2.18434
1012 4.095772557E+07 2.55008 3.56096 4.29722 7.90066 2.18427
1013 4.095847121E+07 2.55215 3.56068 4.30024 7.90066 2.18428
1014 4.095920696E+07 2.55420 3.56040 4.30325 7.90066 2.18425
1015 4.095993136E+07 2.55624 3.56013 4.30624 7.90066 2.18415
1016 4.096064923E+07 2.55825 3.55986 4.30919 7.90066 2.18413
1017 4.096136263E+07 2.56025 3.55960 4.31213 7.90066 2.18418
1018 4.096206574E+07 2.56222 3.55934 4.31502 7.90066 2.18406
1019 4.096275712E+07 2.56416 3.55908 4.31788 7.90066 2.18400
1020 4.096344699E+07 2.56611 3.55882 4.32074 7.90066 2.18403
1021 4.096412584E+07 2.56803 3.55857 4.32359 7.90066 2.18398
1022 4.096479231E+07 2.56994 3.55832 4.32640 7.90066 2.18390
1023 4.096545242E+07 2.57184 3.55807 4.32920 7.90066 2.18390
1024 4.096610568E+07 2.57371 3.55783 4.33197 7.90066 2.18392
1025 4.096674777E+07 2.57555 3.55759 4.33470 7.90066 2.18382
1026 4.096738008E+07 2.57737 3.55735 4.33738 7.90066 2.18379
1027 4.096800821E+07 2.57918 3.55712 4.34007 7.90066 2.18385
1028 4.096862508E+07 2.58097 3.55689 4.34272 7.90066 2.18376
1029 4.096922990E+07 2.58273 3.55666 4.34533 7.90066 2.18371
1030 4.096983046E+07 2.58449 3.55643 4.34795 7.90066 2.18374
1031 4.097042101E+07 2.58623 3.55621 4.35053 7.90066 2.18370
1032 4.097100015E+07 2.58794 3.55599 4.35307 7.90066 2.18364
1033 4.097157264E+07 2.58963 3.55577 4.35557 7.90066 2.18365
1034 4.097213734E+07 2.59129 3.55556 4.35805 7.90066 2.18365
1035 4.097269118E+07 2.59293 3.55535 4.36049 7.90066 2.18358
1036 4.097323640E+07 2.59455 3.55514 4.36291 7.90066 2.18357
1037 4.097377476E+07 2.59617 3.55493 4.36531 7.90066 2.18361
1038 4.097430260E+07 2.59776 3.55473 4.36768 7.90066 2.18352
1039 4.097482073E+07 2.59933 3.55453 4.37001 7.90066 2.18351
1040 4.097533305E+07 2.60088 3.55433 4.37232 7.90066 2.18357
1041 4.097583554E+07 2.60240 3.55414 4.37459 7.90066 2.18348
1042 4.097632786E+07 2.60389 3.55394 4.37681 7.90066 2.18346
1043 4.097681470E+07 2.60538 3.55375 4.37902 7.90066 2.18351
1044 4.097729191E+07 2.60684 3.55357 4.38120 7.90042 2.18344
1045 4.097775864E+07 2.60829 3.55338 4.38334 7.90019 2.18342
1046 4.097821901E+07 2.60972 3.55319 4.38546 7.89996 2.18346
1047 4.097867054E+07 2.61113 3.55301 4.38754 7.89973 2.18341
1048 4.097911269E+07 2.61251 3.55283 4.38959 7.89951 2.18338
1049 4.097954826E+07 2.61387 3.55266 4.39160 7.89928 2.18342
1050 4.097997554E+07 2.61521 3.55248 4.39358 7.89906 2.18338
1051 4.098039387E+07 2.61653 3.55231 4.39553 7.89885 2.18335
1052 4.098080522E+07 2.61783 3.55214 4.39745 7.89863 2.18339
1053 4.098120864E+07 2.61912 3.55197 4.39934 7.89842 2.18336
1054 4.098160348E+07 2.62039 3.55180 4.40120 7.89821 2.18333
1055 4.098199136E+07 2.62164 3.55163 4.40304 7.89800 2.18337
1056 4.098237171E+07 2.62287 3.55147 4.40484 7.89779 2.18334
1057 4.098274404E+07 2.62407 3.55130 4.40660 7.89759 2.18331
1058 4.098310954E+07 2.62526 3.55114 4.40832 7.89739 2.18335
1059 4.098346775E+07 2.62643 3.55098 4.41002 7.89719 2.18332
1060 4.098381834E+07 2.62758 3.55082 4.41169 7.89700 2.18330
1061 4.098416214E+07 2.62872 3.55066 4.41333 7.89681 2.18335
1062 4.098449890E+07 2.62983 3.55051 4.41494 7.89662 2.18331
1063 4.098482852E+07 2.63094 3.55035 4.41652 7.89643 2.18329
1064 4.098515154E+07 2.63202 3.55019 4.41807 7.89625 2.18334
1065 4.098546787E+07 2.63309 3.55004 4.41958 7.89607 2.18330
1066 4.098577759E+07 2.63414 3.54989 4.42106 7.89589 2.18329
1067 4.098608083E+07 2.63517 3.54973 4.42251 7.89571 2.18335
1068 4.098637777E+07 2.63619 3.54958 4.42394 7.89554 2.18329
1069 4.098666849E+07 2.63719 3.54943 4.42533 7.89537 2.18329
1070 4.098695269E+07 2.63817 3.54928 4.42669 7.89520 2.18334
1071 4.098723108E+07 2.63915 3.54912 4.42803 7.89504 2.18329
1072 4.098750364E+07 2.64010 3.54897 4.42933 7.89488 2.18330
1073 4.098776984E+07 2.64104 3.54882 4.43061 7.89472 2.18333
1074 4.098803071E+07 2.64197 3.54867 4.43185 7.89456 2.18329
1075 4.098828609E+07 2.64288 3.54852 4.43306 7.89441 2.18331
1076 4.098853545E+07 2.64378 3.54836 4.43425 7.89426 2.18332
1077 4.098877997E+07 2.64467 3.54821 4.43542 7.89411 2.18329
1078 4.098901911E+07 2.64555 3.54805 4.43655 7.89396 2.18333
1079 4.098925268E+07 2.64641 3.54790 4.43765 7.89382 2.18331
1080 4.098948173E+07 2.64725 3.54774 4.43873 7.89368 2.18330
1081 4.098970526E+07 2.64808 3.54759 4.43977 7.89354 2.18335
1082 4.098992394E+07 2.64890 3.54743 4.44078 7.89340 2.18331
1083 4.099013849E+07 2.64971 3.54728 4.44177 7.89327 2.18331
1084 4.099034735E+07 2.65050 3.54712 4.44272 7.89313 2.18334
1085 4.099055224E+07 2.65128 3.54696 4.44365 7.89301 2.18331
1086 4.099075302E+07 2.65205 3.54680 4.44456 7.89288 2.18333
1087 4.099094855E+07 2.65281 3.54664 4.44543 7.89275 2.18333
1088 4.099114062E+07 2.65355 3.54648 4.44628 7.89263 2.18331
1089 4.099132824E+07 2.65429 3.54632 4.44711 7.89251 2.18336
1090 4.099151158E+07 2.65502 3.54616 4.44791 7.89239 2.18333
1091 4.099169184E+07 2.65573 3.54600 4.44869 7.89228 2.18333
1092 4.099186724E+07 2.65642 3.54584 4.44943 7.89216 2.18336
1093 4.099203947E+07 2.65711 3.54567 4.45015 7.89205 2.18332
1094 4.099220848E+07 2.65777 3.54552 4.45085 7.89194 2.18335
1095 4.099237299E+07 2.65842 3.54536 4.45151 7.89183 2.18334
1096 4.099253506E+07 2.65906 3.54520 4.45216 7.89173 2.18333
1097 4.099269322E+07 2.65968 3.54504 4.45277 7.89163 2.18337
1098 4.099284814E+07 2.66028 3.54489 4.45336 7.89152 2.18333
1099 4.099300067E+07 2.66088 3.54474 4.45395 7.89142 2.18335
1100 4.099314878E+07 2.66146 3.54459 4.45451 7.89132 2.18334
1101 4.099329498E+07 2.66202 3.54444 4.45504 7.89123 2.18333
1102 4.099343776E+07 2.66255 3.54430 4.45554 7.89113 2.18337
1103 4.099357755E+07 2.66306 3.54416 4.45602 7.89104 2.18333
1104 4.099371544E+07 2.66355 3.54403 4.45648 7.89095 2.18335
1105 4.099384923E+07 2.66402 3.54391 4.45690 7.89086 2.18333
1106 4.099398166E+07 2.66446 3.54378 4.45730 7.89077 2.18333
1107 4.099411090E+07 2.66489 3.54367 4.45769 7.89068 2.18334
1108 4.099423796E+07 2.66530 3.54356 4.45807 7.89060 2.18331
1109 4.099436322E+07 2.66569 3.54345 4.45842 7.89051 2.18334
1110 4.099448532E+07 2.66605 3.54335 4.45874 7.89043 2.18331
1111 4.099460657E+07 2.66638 3.54326 4.45903 7.89035 2.18331
1112 4.099472445E+07 2.66669 3.54317 4.45930 7.89027 2.18330
1113 4.099484153E+07 2.66697 3.54309 4.45954 7.89019 2.18329
1114 4.099495637E+07 2.66723 3.54302 4.45976 7.89011 2.18329
1115 4.099506978E+07 2.66748 3.54295 4.45998 7.89003 2.18326
1116 4.099518202E+07 2.66770 3.54288 4.46017 7.88996 2.18328
1117 4.099529243E+07 2.66790 3.54282 4.46033 7.88988 2.18323
1118 4.099540243E+07 2.66807 3.54277 4.46047 7.88981 2.18325
1119 4.099551062E+07 2.66822 3.54272 4.46057 7.88973 2.18320
1120 4.099561912E+07 2.66834 3.54268 4.46066 7.88966 2.18322
1121 4.099572630E+07 2.66845 3.54265 4.46073 7.88958 2.18316
1122 4.099583451E+07 2.66854 3.54262 4.46079 7.88951 2.18317
1123 4.099594276E+07 2.66861 3.54259 4.46082 7.88944 2.18310
1124 4.099605305E+07 2.66865 3.54257 4.46082 7.88936 2.18309
1125 4.099616602E+07 2.66866 3.54256 4.46079 7.88928 2.18302
1125 4.099614342E+07 2.66868 3.54255 4.46081 7.88930 2.18304
1126 4.099623380E+07 2.66868 3.54255 4.46080 7.88924 2.18305
1126 4.099621572E+07 2.66870 3.54254 4.46081 7.88925 2.18304
1127 4.099628803E+07 2.66870 3.54254 4.46080 7.88920 2.18302
1127 4.099627357E+07 2.66871 3.54254 4.46080 7.88921 2.18304
1128 4.099633141E+07 2.66871 3.54254 4.46080 7.88917 2.18301
1128 4.099631984E+07 2.66871 3.54253 4.46080 7.88918 2.18302
1128 4.099631058E+07 2.66871 3.54253 4.46080 7.88919 2.18302
1129 4.099634760E+07 2.66871 3.54253 4.46080 7.88916 2.18301
1129 4.099634020E+07 2.66871 3.54253 4.46080 7.88917 2.18301
1130 4.099636981E+07 2.66872 3.54253 4.46080 7.88915 2.18302
1130 4.099636389E+07 2.66871 3.54253 4.46079 7.88915 2.18301
1131 4.099638758E+07 2.66871 3.54253 4.46079 7.88913 2.18302
1131 4.099638284E+07 2.66871 3.54253 4.46079 7.88914 2.18302
1132 4.099640180E+07 2.66871 3.54253 4.46079 7.88912 2.18303
1132 4.099639801E+07 2.66871 3.54253 4.46078 7.88913 2.18302
1132 4.099639497E+07 2.66871 3.54253 4.46079 7.88913 2.18302
1133 4.099640710E+07 2.66871 3.54253 4.46078 7.88912 2.18303
1133 4.099640468E+07 2.66871 3.54253 4.46078 7.88912 2.18303
1134 4.099641438E+07 2.66871 3.54253 4.46078 7.88911 2.18303
1135 4.099642409E+07 2.66870 3.54253 4.46077 7.88911 2.18304
1135 4.099642215E+07 2.66870 3.54253 4.46077 7.88911 2.18304
1136 4.099642991E+07 2.66870 3.54253 4.46077 7.88910 2.18304
1137 4.099643767E+07 2.66870 3.54253 4.46076 7.88910 2.18305
1138 4.099644544E+07 2.66869 3.54253 4.46076 7.88909 2.18305
1138 4.099644388E+07 2.66869 3.54253 4.46076 7.88909 2.18305
1138 4.099644264E+07 2.66869 3.54253 4.46076 7.88910 2.18305
1139 4.099644761E+07 2.66869 3.54253 4.46075 7.88909 2.18305
1140 4.099645258E+07 2.66868 3.54254 4.46075 7.88909 2.18305
1141 4.099645755E+07 2.66868 3.54254 4.46075 7.88909 2.18305
1142 4.099646252E+07 2.66867 3.54254 4.46074 7.88908 2.18305
1142 4.099646152E+07 2.66867 3.54254 4.46074 7.88908 2.18305
1142 4.099646073E+07 2.66867 3.54254 4.46074 7.88908 2.18305
1143 4.099646391E+07 2.66867 3.54254 4.46074 7.88908 2.18305
1143 4.099646327E+07 2.66867 3.54254 4.46074 7.88908 2.18305
1144 4.099646581E+07 2.66867 3.54254 4.46074 7.88908 2.18305
1144 4.099646531E+07 2.66867 3.54254 4.46074 7.88908 2.18305
1145 4.099646734E+07 2.66866 3.54254 4.46073 7.88908 2.18305
1146 4.099646938E+07 2.66865 3.54254 4.46073 7.88908 2.18305
1147 4.099647141E+07 2.66865 3.54255 4.46072 7.88908 2.18305
1148 4.099647345E+07 2.66864 3.54255 4.46071 7.88907 2.18304
1148 4.099647304E+07 2.66864 3.54255 4.46072 7.88907 2.18304
1149 4.099647467E+07 2.66863 3.54255 4.46071 7.88907 2.18304
1150 4.099647630E+07 2.66862 3.54256 4.46070 7.88907 2.18304
1151 4.099647792E+07 2.66861 3.54256 4.46069 7.88907 2.18303
1152 4.099647955E+07 2.66859 3.54256 4.46068 7.88907 2.18303
1153 4.099648151E+07 2.66857 3.54257 4.46067 7.88907 2.18303
1153 4.099648111E+07 2.66858 3.54257 4.46067 7.88907 2.18303
1154 4.099648268E+07 2.66856 3.54257 4.46066 7.88907 2.18302
1155 4.099648424E+07 2.66855 3.54258 4.46064 7.88907 2.18302
1156 4.099648580E+07 2.66853 3.54258 4.46063 7.88907 2.18301
1157 4.099648737E+07 2.66851 3.54259 4.46062 7.88907 2.18301
1158 4.099648924E+07 2.66848 3.54260 4.46060 7.88906 2.18300
1158 4.099648887E+07 2.66849 3.54260 4.46060 7.88906 2.18300
1159 4.099649037E+07 2.66847 3.54260 4.46059 7.88906 2.18300
1160 4.099649187E+07 2.66845 3.54261 4.46058 7.88906 2.18299
1161 4.099649337E+07 2.66843 3.54262 4.46057 7.88906 2.18299
1162 4.099649487E+07 2.66840 3.54263 4.46055 7.88906 2.18298
1163 4.099649667E+07 2.66838 3.54264 4.46054 7.88906 2.18298
1164 4.099649883E+07 2.66834 3.54265 4.46052 7.88906 2.18297
1165 4.099650142E+07 2.66830 3.54266 4.46050 7.88906 2.18296
1166 4.099650449E+07 2.66826 3.54268 4.46047 7.88905 2.18296
1167 4.099650775E+07 2.66821 3.54270 4.46045 7.88905 2.18295
1168 4.099651123E+07 2.66815 3.54272 4.46042 7.88905 2.18295
1169 4.099651491E+07 2.66810 3.54274 4.46039 7.88905 2.18295
1170 4.099651899E+07 2.66804 3.54276 4.46036 7.88904 2.18294
1171 4.099652352E+07 2.66799 3.54278 4.46033 7.88904 2.18294
1172 4.099652857E+07 2.66793 3.54280 4.46030 7.88904 2.18294
1173 4.099653423E+07 2.66786 3.54283 4.46027 7.88903 2.18294
1173 4.099653310E+07 2.66788 3.54282 4.46027 7.88903 2.18294
1174 4.099653763E+07 2.66783 3.54284 4.46026 7.88903 2.18294
1175 4.099654216E+07 2.66779 3.54285 4.46024 7.88903 2.18294
1176 4.099654668E+07 2.66775 3.54287 4.46022 7.88902 2.18293
1177 4.099655121E+07 2.66772 3.54288 4.46021 7.88902 2.18293
1178 4.099655665E+07 2.66769 3.54290 4.46021 7.88902 2.18293
1179 4.099656317E+07 2.66766 3.54291 4.46021 7.88901 2.18293
1180 4.099657100E+07 2.66763 3.54293 4.46021 7.88901 2.18293
1181 4.099658039E+07 2.66761 3.54294 4.46024 7.88900 2.18293
1182 4.099659166E+07 2.66760 3.54296 4.46027 7.88899 2.18293
1183 4.099660518E+07 2.66760 3.54297 4.46033 7.88898 2.18293
1184 4.099662141E+07 2.66762 3.54298 4.46042 7.88897 2.18293
1185 4.099664088E+07 2.66767 3.54299 4.46054 7.88896 2.18292
1186 4.099666425E+07 2.66775 3.54299 4.46070 7.88894 2.18292
1187 4.099669229E+07 2.66787 3.54299 4.46092 7.88893 2.18292
1188 4.099672594E+07 2.66805 3.54297 4.46121 7.88890 2.18292
1189 4.099676632E+07 2.66830 3.54294 4.46160 7.88887 2.18293
1190 4.099681478E+07 2.66865 3.54289 4.46212 7.88884 2.18292
1191 4.099687293E+07 2.66914 3.54282 4.46282 7.88880 2.18287
1192 4.099694270E+07 2.66980 3.54273 4.46374 7.88875 2.18285
1193 4.099702347E+07 2.67064 3.54260 4.46490 7.88870 2.18278
1194 4.099710993E+07 2.67162 3.54244 4.46625 7.88864 2.18272
1195 4.099720228E+07 2.67277 3.54226 4.46782 7.88857 2.18260
1196 4.099729792E+07 2.67407 3.54205 4.46959 7.88851 2.18251
1197 4.099739769E+07 2.67554 3.54182 4.47160 7.88843 2.18233
1198 4.099749741E+07 2.67713 3.54157 4.47379 7.88836 2.18212
1199 4.099760063E+07 2.67890 3.54130 4.47624 7.88829 2.18186
1200 4.099770528E+07 2.68082 3.54101 4.47890 7.88821 2.18149
1201 4.099780850E+07 2.68282 3.54071 4.48170 7.88813 2.18017
1202 4.099791163E+07 2.68488 3.54041 4.48462 7.88806 2.17891
1203 4.099803351E+07 2.68736 3.54005 4.48816 7.88796 2.17586
1204 4.099815850E+07 2.68989 3.53969 4.49180 7.88787 2.17266
1205 4.099830454E+07 2.69276 3.53929 4.49595 7.88775 2.16840
1206 4.099845757E+07 2.69558 3.53891 4.50003 7.88763 2.16307
1207 4.099862069E+07 2.69822 3.53855 4.50391 7.88750 2.15714
1208 4.099879116E+07 2.70054 3.53825 4.50732 7.88736 2.15087
1209 4.099896204E+07 2.70232 3.53802 4.50995 7.88722 2.14466
1210 4.099912577E+07 2.70350 3.53787 4.51172 7.88708 2.13895
1211 4.099926877E+07 2.70413 3.53780 4.51269 7.88696 2.13422
1212 4.099939212E+07 2.70437 3.53778 4.51309 7.88686 2.13036
1213 4.099949779E+07 2.70437 3.53778 4.51312 7.88677 2.12723
1214 4.099959053E+07 2.70421 3.53781 4.51291 7.88669 2.12462
1215 4.099967213E+07 2.70395 3.53786 4.51256 7.88663 2.12242
1216 4.099974571E+07 2.70362 3.53791 4.51211 7.88657 2.12051
1217 4.099981230E+07 2.70325 3.53796 4.51159 7.88651 2.11885
1218 4.099987375E+07 2.70284 3.53802 4.51103 7.88646 2.11736
1219 4.099993074E+07 2.70242 3.53809 4.51042 7.88641 2.11603
1220 4.099998442E+07 2.70197 3.53815 4.50979 7.88637 2.11481
1221 4.100003520E+07 2.70151 3.53822 4.50914 7.88633 2.11368
1222 4.100008392E+07 2.70103 3.53829 4.50846 7.88629 2.11262
1223 4.100013118E+07 2.70054 3.53836 4.50777 7.88625 2.11163
1224 4.100017715E+07 2.70003 3.53844 4.50704 7.88621 2.11068
1225 4.100022222E+07 2.69950 3.53851 4.50629 7.88617 2.10977
1226 4.100026663E+07 2.69895 3.53859 4.50552 7.88614 2.10889
1227 4.100031047E+07 2.69838 3.53868 4.50471 7.88610 2.10804
1228 4.100035383E+07 2.69779 3.53876 4.50388 7.88607 2.10721
1229 4.100039685E+07 2.69719 3.53885 4.50303 7.88603 2.10641
1230 4.100043964E+07 2.69657 3.53894 4.50215 7.88600 2.10562
1231 4.100048227E+07 2.69593 3.53903 4.50124 7.88596 2.10485
1232 4.100052476E+07 2.69528 3.53913 4.50031 7.88593 2.10409
1233 4.100056716E+07 2.69460 3.53923 4.49934 7.88590 2.10334
1234 4.100060949E+07 2.69390 3.53933 4.49835 7.88586 2.10260
1235 4.100065175E+07 2.69318 3.53943 4.49733 7.88583 2.10187
1236 4.100069395E+07 2.69244 3.53954 4.49628 7.88580 2.10115
1237 4.100073610E+07 2.69169 3.53965 4.49521 7.88576 2.10044
1238 4.100077820E+07 2.69092 3.53976 4.49412 7.88573 2.09973
1239 4.100082027E+07 2.69013 3.53987 4.49300 7.88570 2.09903
1240 4.100086229E+07 2.68933 3.53999 4.49185 7.88567 2.09833
1241 4.100090428E+07 2.68850 3.54011 4.49068 7.88563 2.09764
1242 4.100094628E+07 2.68765 3.54023 4.48948 7.88560 2.09696
1243 4.100098831E+07 2.68679 3.54036 4.48825 7.88557 2.09628
1244 4.100103044E+07 2.68590 3.54049 4.48698 7.88554 2.09561
1245 4.100107273E+07 2.68499 3.54062 4.48569 7.88551 2.09495
1246 4.100111528E+07 2.68405 3.54075 4.48436 7.88547 2.09431
1247 4.100115820E+07 2.68309 3.54089 4.48299 7.88544 2.09370
1248 4.100120166E+07 2.68211 3.54103 4.48160 7.88541 2.09296
1249 4.100124588E+07 2.68110 3.54118 4.48016 7.88538 2.09217
1250 4.100128910E+07 2.68009 3.54133 4.47872 7.88535 2.09137
1251 4.100133242E+07 2.67905 3.54147 4.47724 7.88531 2.09056
1252 4.100137619E+07 2.67799 3.54163 4.47573 7.88528 2.08972
1253 4.100142061E+07 2.67689 3.54179 4.47416 7.88525 2.08887
1254 4.100146585E+07 2.67575 3.54195 4.47254 7.88522 2.08800
1255 4.100151208E+07 2.67458 3.54212 4.47086 7.88519 2.08713
1256 4.100155964E+07 2.67335 3.54229 4.46911 7.88515 2.08629
1257 4.100160893E+07 2.67208 3.54247 4.46731 7.88512 2.08522
1258 4.100166018E+07 2.67075 3.54267 4.46540 7.88508 2.08395
1258 4.100164993E+07 2.67101 3.54263 4.46579 7.88509 2.08424
1259 4.100169093E+07 2.66994 3.54278 4.46424 7.88506 2.08318
1259 4.100168273E+07 2.67015 3.54275 4.46456 7.88507 2.08342
1259 4.100167617E+07 2.67033 3.54273 4.46480 7.88507 2.08359
1260 4.100170241E+07 2.66964 3.54282 4.46381 7.88505 2.08291
1260 4.100169716E+07 2.66977 3.54281 4.46401 7.88506 2.08306
1260 4.100169296E+07 2.66989 3.54279 4.46417 7.88506 2.08317
1261 4.100170976E+07 2.66944 3.54285 4.46353 7.88505 2.08274
1261 4.100170640E+07 2.66953 3.54284 4.46366 7.88505 2.08283
1261 4.100170371E+07 2.66960 3.54283 4.46376 7.88505 2.08290
1262 4.100171446E+07 2.66932 3.54287 4.46336 7.88504 2.08263
1262 4.100171231E+07 2.66937 3.54286 4.46344 7.88505 2.08269
1262 4.100171059E+07 2.66942 3.54286 4.46350 7.88505 2.08273
1263 4.100171747E+07 2.66924 3.54288 4.46324 7.88504 2.08255
1263 4.100171609E+07 2.66927 3.54288 4.46329 7.88504 2.08259
1264 4.100172160E+07 2.66913 3.54290 4.46308 7.88504 2.08245
1265 4.100172710E+07 2.66898 3.54292 4.46287 7.88504 2.08231
1266 4.100173260E+07 2.66883 3.54294 4.46265 7.88503 2.08218
1267 4.100173810E+07 2.66868 3.54296 4.46242 7.88503 2.08205
1267 4.100173700E+07 2.66871 3.54295 4.46247 7.88503 2.08208
1268 4.100174141E+07 2.66859 3.54297 4.46229 7.88503 2.08198
1268 4.100174053E+07 2.66861 3.54296 4.46233 7.88503 2.08200
1268 4.100173982E+07 2.66863 3.54296 4.46235 7.88503 2.08202
1269 4.100174264E+07 2.66856 3.54297 4.46224 7.88503 2.08195
1269 4.100174208E+07 2.66857 3.54297 4.46226 7.88503 2.08196
1270 4.100174433E+07 2.66851 3.54298 4.46216 7.88502 2.08192
1271 4.100174658E+07 2.66844 3.54298 4.46206 7.88502 2.08188
1271 4.100174613E+07 2.66846 3.54298 4.46208 7.88502 2.08188
1272 4.100174794E+07 2.66841 3.54299 4.46200 7.88502 2.08185
1272 4.100174758E+07 2.66842 3.54299 4.46202 7.88502 2.08186
1272 4.100174729E+07 2.66842 3.54298 4.46203 7.88502 2.08186
1272 4.100174706E+07 2.66843 3.54298 4.46204 7.88502 2.08187
1272 4.100174687E+07 2.66844 3.54298 4.46205 7.88502 2.08187
1273 4.100174761E+07 2.66841 3.54299 4.46201 7.88502 2.08186
1273 4.100174746E+07 2.66842 3.54298 4.46202 7.88502 2.08186
1274 4.100174805E+07 2.66840 3.54299 4.46199 7.88502 2.08185
1275 4.100174864E+07 2.66839 3.54299 4.46197 7.88502 2.08183
1276 4.100174924E+07 2.66837 3.54299 4.46194 7.88502 2.08182
1277 4.100174983E+07 2.66835 3.54299 4.46192 7.88502 2.08181
1278 4.100175054E+07 2.66833 3.54299 4.46189 7.88502 2.08179
1279 4.100175139E+07 2.66831 3.54300 4.46185 7.88502 2.08178
1280 4.100175241E+07 2.66828 3.54300 4.46181 7.88502 2.08175
1281 4.100175363E+07 2.66825 3.54300 4.46175 7.88502 2.08173
1282 4.100175510E+07 2.66821 3.54301 4.46169 7.88502 2.08170
1283 4.100175687E+07 2.66816 3.54301 4.46161 7.88502 2.08166
1283 4.100175651E+07 2.66817 3.54301 4.46163 7.88502 2.08167
1284 4.100175793E+07 2.66813 3.54302 4.46157 7.88501 2.08164
1284 4.100175764E+07 2.66814 3.54302 4.46158 7.88502 2.08164
1285 4.100175877E+07 2.66811 3.54302 4.46152 7.88501 2.08163
1286 4.100175990E+07 2.66807 3.54302 4.46147 7.88501 2.08160
1287 4.100176103E+07 2.66804 3.54302 4.46142 7.88501 2.08158
1288 4.100176216E+07 2.66801 3.54303 4.46137 7.88501 2.08156
1289 4.100176352E+07 2.66797 3.54303 4.46131 7.88501 2.08153
1290 4.100176514E+07 2.66793 3.54303 4.46124 7.88501 2.08150
1291 4.100176709E+07 2.66788 3.54304 4.46115 7.88501 2.08146
1292 4.100176943E+07 2.66781 3.54305 4.46105 7.88501 2.08141
1293 4.100177224E+07 2.66774 3.54305 4.46093 7.88501 2.08135
1293 4.100177168E+07 2.66775 3.54305 4.46095 7.88501 2.08136
1294 4.100177393E+07 2.66769 3.54306 4.46086 7.88500 2.08132
1294 4.100177348E+07 2.66770 3.54306 4.46087 7.88500 2.08133
1294 4.100177312E+07 2.66771 3.54306 4.46089 7.88500 2.08133
1294 4.100177283E+07 2.66772 3.54306 4.46090 7.88500 2.08134
1295 4.100177398E+07 2.66769 3.54306 4.46086 7.88500 2.08132
1295 4.100177375E+07 2.66770 3.54306 4.46087 7.88500 2.08132
1296 4.100177467E+07 2.66767 3.54306 4.46082 7.88500 2.08131
1297 4.100177559E+07 2.66764 3.54306 4.46078 7.88500 2.08129
1298 4.100177652E+07 2.66762 3.54306 4.46073 7.88500 2.08127
1299 4.100177744E+07 2.66759 3.54307 4.46069 7.88500 2.08126
1300 4.100177854E+07 2.66756 3.54307 4.46064 7.88500 2.08123
1301 4.100177987E+07 2.66753 3.54307 4.46058 7.88500 2.08121
1302 4.100178146E+07 2.66748 3.54308 4.46051 7.88500 2.08118
1303 4.100178337E+07 2.66743 3.54308 4.46043 7.88500 2.08114
1304 4.100178566E+07 2.66737 3.54309 4.46033 7.88500 2.08109
1305 4.100178841E+07 2.66730 3.54309 4.46021 7.88499 2.08103
1305 4.100178786E+07 2.66731 3.54309 4.46024 7.88499 2.08105
1306 4.100179006E+07 2.66725 3.54310 4.46015 7.88499 2.08100
1306 4.100178962E+07 2.66726 3.54310 4.46016 7.88499 2.08101
1307 4.100179138E+07 2.66722 3.54310 4.46008 7.88499 2.08098
1308 4.100179314E+07 2.66717 3.54311 4.46000 7.88499 2.08094
1309 4.100179490E+07 2.66712 3.54311 4.45992 7.88499 2.08091
1310 4.100179666E+07 2.66707 3.54311 4.45985 7.88499 2.08087
1311 4.100179877E+07 2.66702 3.54312 4.45976 7.88499 2.08083
1312 4.100180130E+07 2.66695 3.54313 4.45965 7.88499 2.08077
1313 4.100180434E+07 2.66687 3.54314 4.45953 7.88498 2.08070
1314 4.100180799E+07 2.66678 3.54315 4.45938 7.88498 2.08061
1315 4.100181237E+07 2.66666 3.54316 4.45921 7.88498 2.08050
1316 4.100181762E+07 2.66653 3.54318 4.45900 7.88497 2.08037
1316 4.100181657E+07 2.66656 3.54317 4.45904 7.88497 2.08040
1316 4.100181573E+07 2.66658 3.54317 4.45908 7.88498 2.08042
1317 4.100181909E+07 2.66649 3.54318 4.45895 7.88497 2.08033
1317 4.100181842E+07 2.66651 3.54318 4.45897 7.88497 2.08035
1317 4.100181788E+07 2.66652 3.54318 4.45899 7.88497 2.08036
1317 4.100181745E+07 2.66653 3.54318 4.45901 7.88497 2.08037
1318 4.100181917E+07 2.66649 3.54318 4.45894 7.88497 2.08033
1318 4.100181883E+07 2.66650 3.54318 4.45896 7.88497 2.08034
1319 4.100182021E+07 2.66646 3.54318 4.45890 7.88497 2.08031
1320 4.100182158E+07 2.66643 3.54319 4.45884 7.88497 2.08028
1321 4.100182296E+07 2.66639 3.54319 4.45879 7.88497 2.08024
1322 4.100182434E+07 2.66635 3.54319 4.45873 7.88497 2.08021
1323 4.100182599E+07 2.66631 3.54320 4.45866 7.88497 2.08017
1324 4.100182797E+07 2.66626 3.54321 4.45859 7.88497 2.08011
1325 4.100183035E+07 2.66620 3.54321 4.45849 7.88497 2.08005
1326 4.100183321E+07 2.66613 3.54322 4.45839 7.88496 2.07997
1327 4.100183664E+07 2.66604 3.54323 4.45826 7.88496 2.07988
1328 4.100184075E+07 2.66594 3.54325 4.45810 7.88496 2.07976
1329 4.100184568E+07 2.66582 3.54326 4.45792 7.88496 2.07962
1330 4.100185161E+07 2.66567 3.54328 4.45771 7.88495 2.07944
1331 4.100185871E+07 2.66550 3.54331 4.45746 7.88495 2.07922
1332 4.100186724E+07 2.66529 3.54334 4.45717 7.88494 2.07894
1333 4.100187747E+07 2.66505 3.54337 4.45684 7.88493 2.07861
1334 4.100188975E+07 2.66477 3.54342 4.45644 7.88493 2.07820
1335 4.100190449E+07 2.66442 3.54347 4.45597 7.88492 2.07771
1336 4.100192217E+07 2.66401 3.54353 4.45540 7.88490 2.07715
1337 4.100194339E+07 2.66351 3.54361 4.45471 7.88489 2.07649
1338 4.100196717E+07 2.66295 3.54370 4.45393 7.88487 2.07574
1339 4.100199230E+07 2.66234 3.54379 4.45309 7.88486 2.07472
1340 4.100201843E+07 2.66169 3.54389 4.45219 7.88484 2.07359
1341 4.100204431E+07 2.66103 3.54400 4.45128 7.88482 2.07244
1342 4.100207087E+07 2.66033 3.54410 4.45031 7.88481 2.07123
1343 4.100209808E+07 2.65961 3.54421 4.44931 7.88479 2.06999
1344 4.100212595E+07 2.65886 3.54433 4.44826 7.88477 2.06873
1345 4.100215443E+07 2.65807 3.54445 4.44717 7.88475 2.06748
1346 4.100218348E+07 2.65725 3.54458 4.44604 7.88473 2.06584
1347 4.100221321E+07 2.65640 3.54470 4.44486 7.88471 2.06401
1348 4.100224145E+07 2.65558 3.54483 4.44372 7.88470 2.06218
1349 4.100226929E+07 2.65476 3.54496 4.44259 7.88468 2.06032
1350 4.100229641E+07 2.65395 3.54508 4.44147 7.88466 2.05846
1351 4.100232289E+07 2.65316 3.54521 4.44038 7.88464 2.05665
1352 4.100234906E+07 2.65236 3.54533 4.43929 7.88463 2.05470
1353 4.100237508E+07 2.65157 3.54546 4.43821 7.88461 2.05241
1354 4.100240020E+07 2.65080 3.54558 4.43717 7.88460 2.05006
1355 4.100242381E+07 2.65008 3.54569 4.43618 7.88458 2.04775
1356 4.100244699E+07 2.64937 3.54581 4.43521 7.88457 2.04541
1357 4.100246989E+07 2.64866 3.54592 4.43426 7.88455 2.04302
1358 4.100249269E+07 2.64795 3.54604 4.43331 7.88454 2.04059
1359 4.100251549E+07 2.64725 3.54616 4.43236 7.88453 2.03802
1360 4.100253840E+07 2.64654 3.54627 4.43142 7.88451 2.03501
1361 4.100256116E+07 2.64585 3.54639 4.43049 7.88450 2.03184
1362 4.100258300E+07 2.64518 3.54650 4.42961 7.88448 2.02866
1363 4.100260500E+07 2.64452 3.54661 4.42873 7.88447 2.02530
1364 4.100262721E+07 2.64386 3.54672 4.42785 7.88446 2.02176
1365 4.100264990E+07 2.64319 3.54684 4.42696 7.88444 2.01799
1365 4.100264536E+07 2.64331 3.54682 4.42713 7.88445 2.01881
1366 4.100266351E+07 2.64279 3.54690 4.42643 7.88444 2.01571
1366 4.100265988E+07 2.64289 3.54689 4.42657 7.88444 2.01636
1366 4.100265697E+07 2.64297 3.54687 4.42668 7.88444 2.01687
1367 4.100266859E+07 2.64264 3.54693 4.42623 7.88443 2.01488
1367 4.100266627E+07 2.64270 3.54692 4.42632 7.88443 2.01529
1367 4.100266441E+07 2.64275 3.54691 4.42639 7.88444 2.01561
1368 4.100267184E+07 2.64254 3.54694 4.42611 7.88443 2.01434
1368 4.100267036E+07 2.64258 3.54694 4.42616 7.88443 2.01460
1369 4.100267630E+07 2.64241 3.54696 4.42592 7.88443 2.01358
1369 4.100267511E+07 2.64244 3.54696 4.42597 7.88443 2.01379
1370 4.100267987E+07 2.64231 3.54698 4.42577 7.88443 2.01297
1370 4.100267892E+07 2.64233 3.54698 4.42581 7.88443 2.01313
1371 4.100268273E+07 2.64222 3.54699 4.42564 7.88442 2.01247
1371 4.100268197E+07 2.64224 3.54699 4.42568 7.88443 2.01260
1372 4.100268501E+07 2.64215 3.54700 4.42553 7.88442 2.01207
1373 4.100268806E+07 2.64206 3.54701 4.42539 7.88442 2.01153
1373 4.100268745E+07 2.64207 3.54701 4.42542 7.88442 2.01164
1374 4.100268988E+07 2.64200 3.54701 4.42531 7.88442 2.01121
1374 4.100268940E+07 2.64202 3.54701 4.42533 7.88442 2.01130
1374 4.100268901E+07 2.64203 3.54701 4.42535 7.88442 2.01137
1375 4.100269057E+07 2.64198 3.54702 4.42527 7.88442 2.01109
1376 4.100269212E+07 2.64194 3.54702 4.42520 7.88442 2.01081
1377 4.100269368E+07 2.64189 3.54703 4.42513 7.88442 2.01053
1378 4.100269524E+07 2.64184 3.54703 4.42506 7.88442 2.01025
1379 4.100269711E+07 2.64179 3.54704 4.42496 7.88442 2.00991
1380 4.100269936E+07 2.64172 3.54704 4.42486 7.88442 2.00950
1381 4.100270205E+07 2.64164 3.54705 4.42473 7.88441 2.00901
1382 4.100270529E+07 2.64155 3.54706 4.42458 7.88441 2.00840
1382 4.100270464E+07 2.64156 3.54706 4.42461 7.88441 2.00853
1383 4.100270723E+07 2.64149 3.54707 4.42448 7.88441 2.00804
1384 4.100270981E+07 2.64141 3.54707 4.42436 7.88441 2.00755
1385 4.100271240E+07 2.64134 3.54708 4.42424 7.88441 2.00706
1386 4.100271499E+07 2.64126 3.54709 4.42413 7.88441 2.00657
1387 4.100271809E+07 2.64117 3.54710 4.42399 7.88440 2.00597
1388 4.100272181E+07 2.64107 3.54711 4.42383 7.88440 2.00524
1389 4.100272628E+07 2.64094 3.54713 4.42365 7.88440 2.00436
1390 4.100273165E+07 2.64080 3.54715 4.42344 7.88440 2.00329
1391 4.100273808E+07 2.64063 3.54718 4.42321 7.88439 2.00198
1392 4.100274581E+07 2.64043 3.54722 4.42297 7.88439 2.00033
1393 4.100275507E+07 2.64022 3.54726 4.42271 7.88438 1.99822
1394 4.100276619E+07 2.63997 3.54731 4.42242 7.88438 1.99562
1395 4.100277954E+07 2.63969 3.54737 4.42209 7.88437 1.99240
1396 4.100279483E+07 2.63939 3.54743 4.42175 7.88436 1.98858
1397 4.100281079E+07 2.63909 3.54750 4.42142 7.88435 1.98448
1398 4.100282735E+07 2.63879 3.54757 4.42110 7.88434 1.98007
1399 4.100284436E+07 2.63850 3.54763 4.42078 7.88433 1.97540
1400 4.100286164E+07 2.63821 3.54770 4.42048 7.88432 1.97049
1401 4.100287885E+07 2.63794 3.54777 4.42019 7.88431 1.96546
1402 4.100289581E+07 2.63769 3.54783 4.41995 7.88430 1.96035
1403 4.100291236E+07 2.63744 3.54790 4.41972 7.88429 1.95523
1404 4.100292831E+07 2.63722 3.54796 4.41952 7.88428 1.95018
1405 4.100294374E+07 2.63702 3.54802 4.41936 7.88427 1.94518
1406 4.100295866E+07 2.63685 3.54807 4.41923 7.88426 1.94023
1407 4.100297311E+07 2.63670 3.54812 4.41914 7.88426 1.93535
1408 4.100298713E+07 2.63658 3.54817 4.41909 7.88425 1.93039
1409 4.100300075E+07 2.63648 3.54822 4.41907 7.88424 1.92546
1410 4.100301371E+07 2.63640 3.54826 4.41906 7.88423 1.92069
1411 4.100302629E+07 2.63631 3.54830 4.41906 7.88423 1.91600
1412 4.100303855E+07 2.63625 3.54834 4.41908 7.88422 1.91136
1413 4.100305052E+07 2.63620 3.54837 4.41912 7.88421 1.90679
1414 4.100306220E+07 2.63615 3.54841 4.41918 7.88420 1.90227
1415 4.100307361E+07 2.63611 3.54844 4.41923 7.88420 1.89781
1416 4.100308476E+07 2.63608 3.54848 4.41930 7.88419 1.89341
1417 4.100309567E+07 2.63604 3.54851 4.41936 7.88419 1.88908
1418 4.100310635E+07 2.63601 3.54854 4.41943 7.88418 1.88480
1419 4.100311682E+07 2.63598 3.54857 4.41950 7.88417 1.88058
1420 4.100312707E+07 2.63596 3.54861 4.41958 7.88417 1.87642
1421 4.100313712E+07 2.63593 3.54864 4.41966 7.88416 1.87231
1422 4.100314699E+07 2.63591 3.54867 4.41974 7.88416 1.86826
1423 4.100315669E+07 2.63590 3.54870 4.41983 7.88415 1.86425
1424 4.100316622E+07 2.63589 3.54873 4.41992 7.88414 1.86030
1425 4.100317561E+07 2.63589 3.54875 4.42003 7.88414 1.85638
1426 4.100318486E+07 2.63590 3.54878 4.42016 7.88413 1.85251
1427 4.100319398E+07 2.63591 3.54881 4.42028 7.88413 1.84867
1428 4.100320288E+07 2.63593 3.54883 4.42042 7.88412 1.84491
1429 4.100321165E+07 2.63595 3.54885 4.42055 7.88412 1.84120
1430 4.100322026E+07 2.63597 3.54888 4.42070 7.88411 1.83754
1431 4.100322866E+07 2.63600 3.54890 4.42084 7.88411 1.83396
1432 4.100323684E+07 2.63603 3.54892 4.42100 7.88410 1.83047
1433 4.100324479E+07 2.63607 3.54894 4.42115 7.88410 1.82706
1434 4.100325252E+07 2.63611 3.54896 4.42131 7.88409 1.82375
1435 4.100326002E+07 2.63615 3.54898 4.42147 7.88409 1.82052
1436 4.100326729E+07 2.63619 3.54900 4.42164 7.88409 1.81739
1437 4.100327434E+07 2.63624 3.54902 4.42181 7.88408 1.81435
1438 4.100328119E+07 2.63629 3.54904 4.42198 7.88408 1.81140
1439 4.100328784E+07 2.63634 3.54906 4.42215 7.88407 1.80852
1440 4.100329430E+07 2.63639 3.54908 4.42233 7.88407 1.80573
1441 4.100330057E+07 2.63644 3.54909 4.42250 7.88407 1.80302
1442 4.100330667E+07 2.63649 3.54911 4.42268 7.88406 1.80037
1443 4.100331261E+07 2.63655 3.54913 4.42286 7.88406 1.79773
1444 4.100331838E+07 2.63661 3.54914 4.42303 7.88406 1.79516
1445 4.100332392E+07 2.63666 3.54916 4.42320 7.88405 1.79268
1446 4.100332932E+07 2.63671 3.54918 4.42337 7.88405 1.79026
1447 4.100333458E+07 2.63677 3.54919 4.42354 7.88405 1.78790
1448 4.100333970E+07 2.63682 3.54921 4.42371 7.88404 1.78560
1449 4.100334470E+07 2.63687 3.54922 4.42387 7.88404 1.78335
1450 4.100334957E+07 2.63692 3.54924 4.42403 7.88404 1.78116
1451 4.100335433E+07 2.63697 3.54925 4.42418 7.88404 1.77902
1452 4.100335897E+07 2.63702 3.54927 4.42434 7.88403 1.77693
1453 4.100336350E+07 2.63706 3.54928 4.42448 7.88403 1.77489
1454 4.100336792E+07 2.63710 3.54930 4.42463 7.88403 1.77289
1455 4.100337225E+07 2.63714 3.54931 4.42476 7.88402 1.77094
1456 4.100337647E+07 2.63717 3.54933 4.42489 7.88402 1.76904
1457 4.100338060E+07 2.63720 3.54934 4.42502 7.88402 1.76718
1458 4.100338464E+07 2.63722 3.54936 4.42513 7.88402 1.76536
1459 4.100338859E+07 2.63724 3.54938 4.42524 7.88402 1.76359
1460 4.100339245E+07 2.63725 3.54940 4.42534 7.88401 1.76185
1461 4.100339624E+07 2.63726 3.54942 4.42543 7.88401 1.76015
1462 4.100339994E+07 2.63726 3.54943 4.42551 7.88401 1.75850
1463 4.100340357E+07 2.63726 3.54945 4.42557 7.88401 1.75688
1464 4.100340712E+07 2.63724 3.54947 4.42563 7.88400 1.75530
1465 4.100341060E+07 2.63722 3.54950 4.42567 7.88400 1.75376
1466 4.100341401E+07 2.63719 3.54952 4.42569 7.88400 1.75225
1467 4.100341735E+07 2.63714 3.54954 4.42570 7.88400 1.75078
1468 4.100342063E+07 2.63709 3.54957 4.42570 7.88400 1.74934
