1 4.728891000E+04 0.56540 4.38313 3.61657 9.00000 0.00005
2 8.567352747E+04 0.56547 4.38309 3.61656 9.00000 0.00005
3 1.317350684E+05 0.56582 4.38295 3.61670 9.00000 0.00005
4 1.870089176E+05 0.56630 4.38281 3.61708 9.00000 0.00005
5 2.533375366E+05 0.56688 4.38264 3.61758 9.00000 0.00005
6 3.329318794E+05 0.56758 4.38245 3.61819 9.00000 0.00005
7 4.284450907E+05 0.56843 4.38221 3.61894 9.00000 0.00005
8 5.430609443E+05 0.56945 4.38193 3.61986 9.00000 0.00005
9 6.805999687E+05 0.57065 4.38161 3.62097 9.00000 0.00005
10 8.456467979E+05 0.57207 4.38124 3.62233 9.00000 0.00005
11 1.043702993E+06 0.57374 4.38082 3.62399 9.00000 0.00004
12 1.281370427E+06 0.57569 4.38035 3.62601 9.00000 0.00004
13 1.566571348E+06 0.57796 4.37982 3.62847 9.00000 0.00004
14 1.908812453E+06 0.58063 4.37925 3.63147 9.00000 0.00004
15 2.319501779E+06 0.58374 4.37861 3.63515 9.00000 0.00004
16 2.800021000E+06 0.58732 4.37792 3.63954 9.00000 0.00004
17 3.295366896E+06 0.59095 4.37725 3.64415 9.00000 0.00004
18 3.802339921E+06 0.59466 4.37660 3.64896 9.00000 0.00004
19 4.316446963E+06 0.59842 4.37596 3.65391 9.00000 0.00004
20 4.832865116E+06 0.60224 4.37531 3.65897 9.00000 0.00004
21 5.346720156E+06 0.60606 4.37468 3.66408 9.00000 0.00004
22 5.860297170E+06 0.60990 4.37406 3.66929 9.00000 0.00004
23 6.373443383E+06 0.61376 4.37345 3.67457 9.00000 0.00004
24 6.884737046E+06 0.61764 4.37285 3.67993 9.00000 0.00003
25 7.392916017E+06 0.62155 4.37225 3.68534 9.00000 0.00003
26 7.896955674E+06 0.62548 4.37165 3.69079 9.00000 0.00003
27 8.396020943E+06 0.62943 4.37104 3.69628 9.00000 0.00003
28 8.889396453E+06 0.63340 4.37044 3.70179 9.00000 0.00003
29 9.376444097E+06 0.63739 4.36982 3.70732 9.00000 0.00003
30 9.856629164E+06 0.64140 4.36920 3.71286 9.00000 0.00003
31 1.032931649E+07 0.64544 4.36857 3.71839 9.00000 0.00003
32 1.079354440E+07 0.64951 4.36791 3.72390 9.00000 0.00003
33 1.124773482E+07 0.65361 4.36722 3.72936 9.00000 0.00003
34 1.168928123E+07 0.65772 4.36651 3.73474 9.00000 0.00003
35 1.211979508E+07 0.66181 4.36580 3.74007 9.00000 0.00003
36 1.254273449E+07 0.66592 4.36508 3.74540 9.00000 0.00003
37 1.295828842E+07 0.67006 4.36434 3.75073 9.00000 0.00003
38 1.336621353E+07 0.67422 4.36359 3.75604 9.00000 0.00003
39 1.376652827E+07 0.67839 4.36283 3.76133 9.00000 0.00003
40 1.415921275E+07 0.68257 4.36205 3.76660 9.00000 0.00003
41 1.454423243E+07 0.68678 4.36126 3.77183 9.00000 0.00003
42 1.492158827E+07 0.69100 4.36045 3.77703 9.00000 0.00003
43 1.529118920E+07 0.69524 4.35962 3.78220 9.00000 0.00003
44 1.565279299E+07 0.69950 4.35877 3.78732 9.00000 0.00003
45 1.600587164E+07 0.70379 4.35789 3.79238 9.00000 0.00003
46 1.634918681E+07 0.70811 4.35697 3.79735 9.00000 0.00003
47 1.668109173E+07 0.71240 4.35604 3.80222 9.00000 0.00003
48 1.700435978E+07 0.71668 4.35510 3.80703 9.00000 0.00003
49 1.732098819E+07 0.72098 4.35415 3.81179 9.00000 0.00003
50 1.763120905E+07 0.72529 4.35318 3.81652 9.00000 0.00003
51 1.793507044E+07 0.72961 4.35219 3.82122 9.00000 0.00003
52 1.823268802E+07 0.73395 4.35118 3.82587 9.00000 0.00003
53 1.852416186E+07 0.73831 4.35016 3.83049 9.00000 0.00003
54 1.880955044E+07 0.74268 4.34912 3.83506 9.00000 0.00003
55 1.908893235E+07 0.74706 4.34806 3.83961 9.00000 0.00003
56 1.936223593E+07 0.75148 4.34698 3.84413 9.00000 0.00003
57 1.962927358E+07 0.75591 4.34588 3.84859 9.00000 0.00003
58 1.988994438E+07 0.76036 4.34476 3.85300 9.00000 0.00004
59 2.014370134E+07 0.76483 4.34360 3.85733 9.00000 0.00004
60 2.038946810E+07 0.76930 4.34243 3.86155 9.00000 0.00004
61 2.062808086E+07 0.77375 4.34124 3.86571 9.00000 0.00004
62 2.086154399E+07 0.77820 4.34004 3.86982 9.00000 0.00004
63 2.109030177E+07 0.78267 4.33883 3.87389 9.00000 0.00004
64 2.131438083E+07 0.78715 4.33759 3.87792 9.00000 0.00004
65 2.153386735E+07 0.79165 4.33635 3.88191 9.00000 0.00004
66 2.174886734E+07 0.79615 4.33508 3.88587 9.00000 0.00004
67 2.195942816E+07 0.80067 4.33380 3.88978 9.00000 0.00004
68 2.216564458E+07 0.80521 4.33250 3.89365 9.00000 0.00005
69 2.236754856E+07 0.80976 4.33118 3.89747 9.00000 0.00005
70 2.256517293E+07 0.81432 4.32985 3.90126 9.00000 0.00005
71 2.275853338E+07 0.81889 4.32849 3.90499 9.00000 0.00005
72 2.294744090E+07 0.82349 4.32711 3.90867 9.00000 0.00005
73 2.313148247E+07 0.82810 4.32571 3.91227 9.00000 0.00005
74 2.331007551E+07 0.83272 4.32429 3.91582 9.00000 0.00005
75 2.348339465E+07 0.83731 4.32286 3.91931 9.00000 0.00005
76 2.365291781E+07 0.84191 4.32142 3.92275 9.00000 0.00006
77 2.381915660E+07 0.84652 4.31997 3.92616 9.00000 0.00006
78 2.398215517E+07 0.85114 4.31850 3.92953 9.00000 0.00006
79 2.414194383E+07 0.85577 4.31702 3.93287 9.00000 0.00006
80 2.429858289E+07 0.86041 4.31553 3.93617 9.00000 0.00006
81 2.445216073E+07 0.86506 4.31402 3.93944 9.00000 0.00007
82 2.460272194E+07 0.86972 4.31249 3.94267 9.00000 0.00007
83 2.475032467E+07 0.87440 4.31096 3.94586 9.00000 0.00007
84 2.489499606E+07 0.87908 4.30941 3.94902 9.00000 0.00007
85 2.503675997E+07 0.88377 4.30784 3.95214 9.00000 0.00008
86 2.517556103E+07 0.88847 4.30626 3.95522 9.00000 0.00008
87 2.531126652E+07 0.89318 4.30466 3.95825 9.00000 0.00008
88 2.544356723E+07 0.89789 4.30305 3.96122 9.00000 0.00009
89 2.557230742E+07 0.90258 4.30143 3.96413 9.00000 0.00009
90 2.569825043E+07 0.90725 4.29982 3.96701 9.00000 0.00009
91 2.582196411E+07 0.91194 4.29819 3.96987 9.00000 0.00010
92 2.594343290E+07 0.91665 4.29655 3.97273 9.00000 0.00010
93 2.606258146E+07 0.92136 4.29490 3.97556 9.00000 0.00011
94 2.617970146E+07 0.92607 4.29325 3.97837 9.00000 0.00011
95 2.629490969E+07 0.93078 4.29159 3.98117 9.00000 0.00012
96 2.640826652E+07 0.93550 4.28993 3.98394 9.00000 0.00012
97 2.651986224E+07 0.94022 4.28826 3.98671 9.00000 0.00013
98 2.662976428E+07 0.94493 4.28659 3.98946 9.00000 0.00014
99 2.673803123E+07 0.94965 4.28492 3.99221 9.00000 0.00015
100 2.684471490E+07 0.95435 4.28325 3.99494 9.00000 1.83799
101 2.694980308E+07 0.95873 4.28168 3.99743 9.00000 1.84311
102 2.700234717E+07 0.96099 4.28087 3.99871 9.00000 1.85061
103 2.706540007E+07 0.96379 4.27988 4.00034 9.00000 1.85635
104 2.714106356E+07 0.96716 4.27869 4.00234 9.00000 1.86062
105 2.723185974E+07 0.97123 4.27727 4.00478 9.00000 1.86345
106 2.734081516E+07 0.97612 4.27558 4.00781 9.00000 1.86485
107 2.745460740E+07 0.98116 4.27387 4.01105 9.00000 1.86485
108 2.756735876E+07 0.98602 4.27227 4.01437 9.00000 1.86330
109 2.767939129E+07 0.99061 4.27084 4.01781 9.00000 1.86196
110 2.779097459E+07 0.99479 4.26965 4.02141 9.00000 1.86091
111 2.790140726E+07 0.99821 4.26889 4.02524 9.00000 1.85978
112 2.800359931E+07 1.00035 4.26880 4.02915 9.00000 1.85863
113 2.808965383E+07 1.00088 4.26946 4.03286 9.00000 1.85763
114 2.815760901E+07 0.99994 4.27078 4.03624 9.00000 1.85686
115 2.820587407E+07 0.99811 4.27240 4.03906 9.00000 1.85632
116 2.824100606E+07 0.99588 4.27411 4.04147 9.00000 1.85594
117 2.826785817E+07 0.99341 4.27589 4.04363 9.00000 1.85566
118 2.828911140E+07 0.99079 4.27770 4.04563 9.00000 1.85545
119 2.830633818E+07 0.98806 4.27954 4.04753 9.00000 1.85528
120 2.832053807E+07 0.98526 4.28140 4.04937 9.00000 1.85518
121 2.833237296E+07 0.98243 4.28327 4.05118 9.00000 1.85519
122 2.834232867E+07 0.97959 4.28514 4.05299 9.00000 1.85523
123 2.835075529E+07 0.97675 4.28701 4.05480 9.00000 1.85530
124 2.835794242E+07 0.97395 4.28887 4.05663 9.00000 1.85537
125 2.836412648E+07 0.97118 4.29072 4.05847 9.00000 1.85543
126 2.836948510E+07 0.96846 4.29254 4.06034 9.00000 1.85550
127 2.837414750E+07 0.96580 4.29435 4.06226 9.00000 1.85556
128 2.837821548E+07 0.96321 4.29614 4.06423 9.00000 1.85563
129 2.838176619E+07 0.96070 4.29790 4.06625 9.00000 1.85566
130 2.838485838E+07 0.95830 4.29962 4.06832 9.00000 1.85560
131 2.838755394E+07 0.95603 4.30129 4.07044 9.00000 1.85543
132 2.838990757E+07 0.95388 4.30290 4.07261 9.00000 1.85523
133 2.839196560E+07 0.95186 4.30447 4.07483 9.00000 1.85500
134 2.839376691E+07 0.94997 4.30597 4.07708 8.99999 1.85474
135 2.839534160E+07 0.94822 4.30741 4.07934 8.99999 1.85442
136 2.839671277E+07 0.94661 4.30877 4.08156 8.99999 1.85405
137 2.839790816E+07 0.94515 4.31005 4.08375 8.99998 1.85363
138 2.839895147E+07 0.94381 4.31125 4.08588 8.99998 1.85314
139 2.839986011E+07 0.94262 4.31236 4.08791 8.99998 1.85259
140 2.840065213E+07 0.94155 4.31337 4.08983 8.99998 1.85198
141 2.840134323E+07 0.94061 4.31429 4.09162 8.99998 1.85129
142 2.840194603E+07 0.93977 4.31512 4.09325 8.99998 1.85053
143 2.840247249E+07 0.93904 4.31585 4.09471 8.99998 1.84971
144 2.840293268E+07 0.93840 4.31648 4.09598 8.99998 1.84883
145 2.840333751E+07 0.93786 4.31701 4.09701 8.99997 1.84794
146 2.840370621E+07 0.93737 4.31745 4.09777 8.99997 1.84697
147 2.840401750E+07 0.93700 4.31776 4.09827 8.99997 1.84617
148 2.840433135E+07 0.93665 4.31801 4.09857 8.99997 1.84541
149 2.840464670E+07 0.93634 4.31819 4.09867 8.99997 1.84441
150 2.840496861E+07 0.93607 4.31829 4.09855 8.99997 1.84325
151 2.840530048E+07 0.93585 4.31831 4.09816 8.99997 1.84198
152 2.840564442E+07 0.93567 4.31822 4.09748 8.99997 1.84063
153 2.840600189E+07 0.93556 4.31802 4.09647 8.99997 1.83920
154 2.840637435E+07 0.93553 4.31770 4.09511 8.99997 1.83774
155 2.840676276E+07 0.93560 4.31723 4.09338 8.99997 1.83631
156 2.840716576E+07 0.93578 4.31662 4.09128 8.99997 1.83499
157 2.840758093E+07 0.93610 4.31585 4.08884 8.99997 1.83358
158 2.840800668E+07 0.93658 4.31493 4.08612 8.99997 1.83161
159 2.840844275E+07 0.93724 4.31386 4.08317 8.99996 1.82966
160 2.840888933E+07 0.93812 4.31264 4.08005 8.99996 1.82778
161 2.840934432E+07 0.93923 4.31128 4.07684 8.99996 1.82604
162 2.840980728E+07 0.94061 4.30979 4.07363 8.99996 1.82450
163 2.841027777E+07 0.94229 4.30817 4.07050 8.99996 1.82320
164 2.841075538E+07 0.94428 4.30644 4.06755 8.99996 1.82152
165 2.841123893E+07 0.94660 4.30460 4.06485 8.99996 1.81962
166 2.841172896E+07 0.94928 4.30267 4.06246 8.99996 1.81785
167 2.841222385E+07 0.95229 4.30066 4.06046 8.99996 1.81623
168 2.841272196E+07 0.95564 4.29859 4.05887 8.99996 1.81479
169 2.841322091E+07 0.95930 4.29647 4.05773 8.99996 1.81354
170 2.841371870E+07 0.96322 4.29434 4.05703 8.99996 1.81249
171 2.841421454E+07 0.96738 4.29219 4.05676 8.99995 1.81149
172 2.841470774E+07 0.97174 4.29005 4.05689 8.99995 1.81001
173 2.841519853E+07 0.97626 4.28790 4.05739 8.99995 1.80864
174 2.841568742E+07 0.98094 4.28577 4.05820 8.99995 1.80738
175 2.841617465E+07 0.98573 4.28365 4.05928 8.99995 1.80623
176 2.841666066E+07 0.99061 4.28153 4.06060 8.99995 1.80518
177 2.841714596E+07 0.99557 4.27943 4.06211 8.99995 1.80425
178 2.841763141E+07 1.00059 4.27734 4.06378 8.99995 1.80342
179 2.841811792E+07 1.00566 4.27525 4.06558 8.99995 1.80270
180 2.841860633E+07 1.01076 4.27318 4.06747 8.99995 1.80209
181 2.841909741E+07 1.01590 4.27110 4.06944 8.99994 1.80105
182 2.841959208E+07 1.02106 4.26902 4.07146 8.99994 1.79999
183 2.842008993E+07 1.02623 4.26695 4.07350 8.99994 1.79899
184 2.842059286E+07 1.03141 4.26487 4.07556 8.99994 1.79805
185 2.842110178E+07 1.03660 4.26279 4.07761 8.99994 1.79717
186 2.842161748E+07 1.04181 4.26070 4.07965 8.99994 1.79636
187 2.842214050E+07 1.04702 4.25859 4.08166 8.99994 1.79561
188 2.842267128E+07 1.05225 4.25648 4.08364 8.99994 1.79493
189 2.842321021E+07 1.05748 4.25435 4.08558 8.99993 1.79432
190 2.842375764E+07 1.06271 4.25220 4.08748 8.99993 1.79380
191 2.842431386E+07 1.06796 4.25004 4.08932 8.99993 1.79291
192 2.842487915E+07 1.07320 4.24786 4.09110 8.99993 1.79196
193 2.842545215E+07 1.07844 4.24567 4.09283 8.99993 1.79106
194 2.842603404E+07 1.08369 4.24347 4.09449 8.99993 1.79021
195 2.842662518E+07 1.08893 4.24125 4.09610 8.99993 1.78941
196 2.842722556E+07 1.09418 4.23901 4.09764 8.99992 1.78867
197 2.842783513E+07 1.09944 4.23675 4.09912 8.99992 1.78800
198 2.842845380E+07 1.10470 4.23447 4.10054 8.99992 1.78739
199 2.842908143E+07 1.10997 4.23218 4.10191 8.99992 1.78685
200 2.842971791E+07 1.11524 4.22987 4.10321 8.99992 1.78628
201 2.843036304E+07 1.12053 4.22754 4.10447 8.99991 1.78538
202 2.843101612E+07 1.12581 4.22520 4.10567 8.99991 1.78452
203 2.843167575E+07 1.13109 4.22285 4.10681 8.99991 1.78371
204 2.843234375E+07 1.13638 4.22048 4.10790 8.99991 1.78294
205 2.843301958E+07 1.14167 4.21809 4.10894 8.99991 1.78224
206 2.843370292E+07 1.14698 4.21568 4.10994 8.99990 1.78159
207 2.843439343E+07 1.15230 4.21326 4.11088 8.99990 1.78100
208 2.843509072E+07 1.15762 4.21082 4.11178 8.99990 1.78048
209 2.843579451E+07 1.16296 4.20837 4.11263 8.99990 1.78002
210 2.843650448E+07 1.16831 4.20590 4.11344 8.99990 1.77919
211 2.843722031E+07 1.17367 4.20341 4.11421 8.99989 1.77840
212 2.843793938E+07 1.17902 4.20091 4.11493 8.99989 1.77765
213 2.843866358E+07 1.18439 4.19840 4.11561 8.99989 1.77694
214 2.843939258E+07 1.18977 4.19587 4.11624 8.99988 1.77628
215 2.844012593E+07 1.19516 4.19332 4.11683 8.99988 1.77567
216 2.844086314E+07 1.20057 4.19075 4.11739 8.99988 1.77511
217 2.844160373E+07 1.20599 4.18817 4.11790 8.99988 1.77460
218 2.844234727E+07 1.21142 4.18557 4.11837 8.99987 1.77415
219 2.844309341E+07 1.21686 4.18296 4.11880 8.99987 1.77350
220 2.844384243E+07 1.22232 4.18033 4.11920 8.99987 1.77277
221 2.844459124E+07 1.22778 4.17769 4.11955 8.99987 1.77209
222 2.844534023E+07 1.23325 4.17503 4.11987 8.99986 1.77144
223 2.844608977E+07 1.23873 4.17236 4.12015 8.99986 1.77083
224 2.844683930E+07 1.24422 4.16968 4.12039 8.99986 1.77026
225 2.844758833E+07 1.24973 4.16697 4.12059 8.99985 1.76972
226 2.844833633E+07 1.25525 4.16425 4.12075 8.99985 1.76922
227 2.844908277E+07 1.26079 4.16152 4.12088 8.99985 1.76876
228 2.844982720E+07 1.26634 4.15876 4.12097 8.99984 1.76834
229 2.845056913E+07 1.27191 4.15599 4.12103 8.99984 1.76771
230 2.845130811E+07 1.27749 4.15321 4.12105 8.99984 1.76710
231 2.845204093E+07 1.28306 4.15042 4.12104 8.99983 1.76651
232 2.845276964E+07 1.28865 4.14761 4.12100 8.99983 1.76595
233 2.845349401E+07 1.29424 4.14480 4.12091 8.99983 1.76542
234 2.845421424E+07 1.29984 4.14197 4.12080 8.99982 1.76491
235 2.845493066E+07 1.30546 4.13912 4.12065 8.99982 1.76443
236 2.845564207E+07 1.31110 4.13626 4.12047 8.99982 1.76397
237 2.845634816E+07 1.31675 4.13338 4.12025 8.99981 1.76354
238 2.845704867E+07 1.32242 4.13048 4.12000 8.99981 1.76312
239 2.845774341E+07 1.32811 4.12757 4.11972 8.99981 1.76272
240 2.845843215E+07 1.33382 4.12463 4.11941 8.99980 1.76221
241 2.845911470E+07 1.33954 4.12169 4.11907 8.99980 1.76170
242 2.845978837E+07 1.34527 4.11873 4.11871 8.99980 1.76122
243 2.846045517E+07 1.35101 4.11576 4.11831 8.99979 1.76075
244 2.846111525E+07 1.35677 4.11277 4.11788 8.99979 1.76029
245 2.846176850E+07 1.36255 4.10977 4.11742 8.99979 1.75985
246 2.846241483E+07 1.36835 4.10675 4.11693 8.99978 1.75943
247 2.846305491E+07 1.37415 4.10372 4.11641 8.99978 1.75902
248 2.846368927E+07 1.37999 4.10066 4.11587 8.99977 1.75862
249 2.846431663E+07 1.38585 4.09759 4.11529 8.99977 1.75823
250 2.846493688E+07 1.39174 4.09449 4.11469 8.99977 1.75786
251 2.846555000E+07 1.39764 4.09138 4.11406 8.99976 1.75749
252 2.846615596E+07 1.40358 4.08825 4.11340 8.99976 1.75713
253 2.846675474E+07 1.40953 4.08510 4.11271 8.99976 1.75677
254 2.846734624E+07 1.41552 4.08193 4.11201 8.99975 1.75636
255 2.846792975E+07 1.42152 4.07875 4.11127 8.99975 1.75597
256 2.846850451E+07 1.42754 4.07555 4.11051 8.99975 1.75559
257 2.846907202E+07 1.43358 4.07233 4.10973 8.99974 1.75522
258 2.846963227E+07 1.43963 4.06910 4.10892 8.99974 1.75486
259 2.847018614E+07 1.44570 4.06586 4.10809 8.99974 1.75451
260 2.847073431E+07 1.45181 4.06259 4.10723 8.99973 1.75416
261 2.847127538E+07 1.45795 4.05930 4.10634 8.99973 1.75383
262 2.847180935E+07 1.46411 4.05599 4.10543 8.99973 1.75350
263 2.847233628E+07 1.47030 4.05267 4.10450 8.99972 1.75317
264 2.847285619E+07 1.47651 4.04932 4.10355 8.99972 1.75286
265 2.847336875E+07 1.48275 4.04596 4.10257 8.99971 1.75255
266 2.847387390E+07 1.48902 4.04257 4.10157 8.99971 1.75225
267 2.847437185E+07 1.49531 4.03917 4.10056 8.99971 1.75195
268 2.847486282E+07 1.50163 4.03575 4.09952 8.99970 1.75166
269 2.847534705E+07 1.50798 4.03232 4.09846 8.99970 1.75137
270 2.847582478E+07 1.51432 4.02888 4.09738 8.99970 1.75109
271 2.847629857E+07 1.52072 4.02540 4.09628 8.99969 1.75081
272 2.847676658E+07 1.52715 4.02190 4.09515 8.99969 1.75053
273 2.847722899E+07 1.53362 4.01838 4.09400 8.99969 1.75026
274 2.847768629E+07 1.54014 4.01482 4.09283 8.99968 1.74998
275 2.847813764E+07 1.54670 4.01125 4.09164 8.99968 1.74971
276 2.847858328E+07 1.55330 4.00764 4.09042 8.99968 1.74944
277 2.847902389E+07 1.55995 4.00401 4.08919 8.99967 1.74918
278 2.847945974E+07 1.56666 4.00034 4.08793 8.99967 1.74892
279 2.847989112E+07 1.57343 3.99664 4.08664 8.99967 1.74866
280 2.848031836E+07 1.58026 3.99289 4.08533 8.99966 1.74841
281 2.848074194E+07 1.58713 3.98912 4.08399 8.99966 1.74816
282 2.848116391E+07 1.59408 3.98530 4.08262 8.99966 1.74791
283 2.848158438E+07 1.60113 3.98143 4.08121 8.99965 1.74766
284 2.848200357E+07 1.60829 3.97748 4.07976 8.99965 1.74741
285 2.848242163E+07 1.61558 3.97347 4.07826 8.99964 1.74716
286 2.848283905E+07 1.62300 3.96937 4.07673 8.99964 1.74691
287 2.848325685E+07 1.63059 3.96518 4.07514 8.99964 1.74665
288 2.848367630E+07 1.63836 3.96088 4.07349 8.99963 1.74640
289 2.848409903E+07 1.64636 3.95646 4.07178 8.99963 1.74613
290 2.848452696E+07 1.65463 3.95187 4.06999 8.99963 1.74586
291 2.848496176E+07 1.66321 3.94711 4.06810 8.99962 1.74557
292 2.848540653E+07 1.67218 3.94212 4.06610 8.99962 1.74528
293 2.848586385E+07 1.68161 3.93687 4.06396 8.99961 1.74496
294 2.848633188E+07 1.69149 3.93137 4.06168 8.99961 1.74462
295 2.848678825E+07 1.70133 3.92586 4.05936 8.99960 1.74427
296 2.848720022E+07 1.71037 3.92079 4.05715 8.99960 1.74395
297 2.848755945E+07 1.71839 3.91628 4.05513 8.99959 1.74367
298 2.848787504E+07 1.72552 3.91225 4.05328 8.99959 1.74342
299 2.848815597E+07 1.73196 3.90860 4.05157 8.99959 1.74319
300 2.848840844E+07 1.73783 3.90527 4.04998 8.99959 1.74297
301 2.848863811E+07 1.74325 3.90219 4.04849 8.99958 1.74277
302 2.848884948E+07 1.74830 3.89931 4.04708 8.99958 1.74258
303 2.848904617E+07 1.75307 3.89659 4.04573 8.99958 1.74240
304 2.848923090E+07 1.75761 3.89400 4.04444 8.99958 1.74222
305 2.848940611E+07 1.76189 3.89155 4.04321 8.99957 1.74205
306 2.848957507E+07 1.76604 3.88917 4.04199 8.99957 1.74188
307 2.848973792E+07 1.77008 3.88685 4.04080 8.99957 1.74171
308 2.848989496E+07 1.77403 3.88458 4.03963 8.99957 1.74155
309 2.849004684E+07 1.77790 3.88236 4.03848 8.99957 1.74140
310 2.849019417E+07 1.78172 3.88017 4.03735 8.99957 1.74127
311 2.849033789E+07 1.78550 3.87800 4.03624 8.99956 1.74114
312 2.849047819E+07 1.78926 3.87584 4.03514 8.99956 1.74100
313 2.849061529E+07 1.79291 3.87375 4.03407 8.99956 1.74088
314 2.849075182E+07 1.79655 3.87166 4.03300 8.99956 1.74075
315 2.849088693E+07 1.80017 3.86958 4.03192 8.99956 1.74062
316 2.849102058E+07 1.80381 3.86749 4.03084 8.99956 1.74049
317 2.849115239E+07 1.80745 3.86541 4.02976 8.99955 1.74036
318 2.849128248E+07 1.81110 3.86331 4.02869 8.99955 1.74023
319 2.849141102E+07 1.81477 3.86121 4.02762 8.99955 1.74009
320 2.849153813E+07 1.81846 3.85910 4.02655 8.99955 1.73996
321 2.849166397E+07 1.82209 3.85702 4.02551 8.99955 1.73983
322 2.849179088E+07 1.82578 3.85491 4.02445 8.99955 1.73970
323 2.849191773E+07 1.82946 3.85280 4.02337 8.99954 1.73958
324 2.849204485E+07 1.83321 3.85066 4.02229 8.99954 1.73947
325 2.849217186E+07 1.83702 3.84848 4.02119 8.99954 1.73936
326 2.849229837E+07 1.84087 3.84628 4.02008 8.99954 1.73925
327 2.849242432E+07 1.84476 3.84405 4.01897 8.99954 1.73914
328 2.849254969E+07 1.84871 3.84180 4.01786 8.99954 1.73903
329 2.849267452E+07 1.85263 3.83957 4.01677 8.99953 1.73892
330 2.849280088E+07 1.85663 3.83729 4.01565 8.99953 1.73880
331 2.849292744E+07 1.86063 3.83500 4.01452 8.99953 1.73868
332 2.849305496E+07 1.86471 3.83268 4.01336 8.99953 1.73857
333 2.849318233E+07 1.86884 3.83032 4.01219 8.99953 1.73844
334 2.849330942E+07 1.87302 3.82793 4.01101 8.99953 1.73832
335 2.849343615E+07 1.87725 3.82552 4.00981 8.99952 1.73820
336 2.849356258E+07 1.88154 3.82307 4.00860 8.99952 1.73808
337 2.849368878E+07 1.88585 3.82062 4.00741 8.99952 1.73798
338 2.849381625E+07 1.89021 3.81813 4.00620 8.99952 1.73787
339 2.849394531E+07 1.89467 3.81559 4.00495 8.99952 1.73777
340 2.849407487E+07 1.89918 3.81302 4.00368 8.99952 1.73767
341 2.849420551E+07 1.90379 3.81039 4.00237 8.99951 1.73756
342 2.849433624E+07 1.90847 3.80771 4.00104 8.99951 1.73746
343 2.849446674E+07 1.91322 3.80500 3.99969 8.99951 1.73735
344 2.849459703E+07 1.91805 3.80224 3.99832 8.99951 1.73724
345 2.849472710E+07 1.92293 3.79946 3.99693 8.99951 1.73713
346 2.849485729E+07 1.92781 3.79668 3.99557 8.99950 1.73702
347 2.849498918E+07 1.93281 3.79382 3.99413 8.99950 1.73690
348 2.849512038E+07 1.93782 3.79095 3.99268 8.99950 1.73679
349 2.849525128E+07 1.94283 3.78808 3.99121 8.99950 1.73667
350 2.849538160E+07 1.94786 3.78519 3.98970 8.99950 1.73656
351 2.849550997E+07 1.95285 3.78231 3.98819 8.99949 1.73646
352 2.849563624E+07 1.95783 3.77944 3.98666 8.99949 1.73636
353 2.849576207E+07 1.96289 3.77652 3.98511 8.99949 1.73627
354 2.849588842E+07 1.96804 3.77355 3.98353 8.99949 1.73618
355 2.849601547E+07 1.97323 3.77057 3.98196 8.99949 1.73608
356 2.849614363E+07 1.97853 3.76750 3.98030 8.99948 1.73598
357 2.849627058E+07 1.98383 3.76443 3.97861 8.99948 1.73589
358 2.849639593E+07 1.98907 3.76138 3.97692 8.99948 1.73579
359 2.849652001E+07 1.99427 3.75836 3.97521 8.99948 1.73569
360 2.849664214E+07 1.99941 3.75535 3.97347 8.99948 1.73559
361 2.849676154E+07 2.00448 3.75238 3.97172 8.99947 1.73550
362 2.849687902E+07 2.00954 3.74941 3.96995 8.99947 1.73540
363 2.849699616E+07 2.01466 3.74640 3.96815 8.99947 1.73531
364 2.849711320E+07 2.01977 3.74340 3.96638 8.99947 1.73521
365 2.849723157E+07 2.02497 3.74033 3.96451 8.99947 1.73511
366 2.849734939E+07 2.03012 3.73728 3.96258 8.99946 1.73501
367 2.849746519E+07 2.03517 3.73426 3.96064 8.99946 1.73493
368 2.849757922E+07 2.04028 3.73122 3.95867 8.99946 1.73486
369 2.849769642E+07 2.04564 3.72802 3.95659 8.99946 1.73478
370 2.849781707E+07 2.05109 3.72476 3.95444 8.99946 1.73469
371 2.849793816E+07 2.05644 3.72152 3.95220 8.99945 1.73461
372 2.849805610E+07 2.06187 3.71824 3.94995 8.99945 1.73453
373 2.849818065E+07 2.06770 3.71471 3.94750 8.99945 1.73445
374 2.849830946E+07 2.07359 3.71112 3.94490 8.99945 1.73436
375 2.849843590E+07 2.07945 3.70753 3.94226 8.99944 1.73427
376 2.849856536E+07 2.08558 3.70377 3.93948 8.99944 1.73419
377 2.849870014E+07 2.09190 3.69986 3.93649 8.99944 1.73410
378 2.849883358E+07 2.09809 3.69600 3.93341 8.99944 1.73401
379 2.849896356E+07 2.10405 3.69224 3.93030 8.99943 1.73393
380 2.849908914E+07 2.10951 3.68873 3.92717 8.99943 1.73385
381 2.849920678E+07 2.11416 3.68564 3.92413 8.99943 1.73378
382 2.849931581E+07 2.11794 3.68302 3.92121 8.99943 1.73371
383 2.849941821E+07 2.12123 3.68067 3.91838 8.99942 1.73364
384 2.849951823E+07 2.12426 3.67845 3.91558 8.99942 1.73358
385 2.849961771E+07 2.12712 3.67630 3.91268 8.99942 1.73352
386 2.849971616E+07 2.12989 3.67417 3.90972 8.99942 1.73346
387 2.849981462E+07 2.13266 3.67203 3.90668 8.99942 1.73340
388 2.849991333E+07 2.13537 3.66989 3.90353 8.99942 1.73334
389 2.850001178E+07 2.13796 3.66779 3.90031 8.99941 1.73327
390 2.850010974E+07 2.14041 3.66574 3.89703 8.99941 1.73321
391 2.850020731E+07 2.14273 3.66375 3.89368 8.99941 1.73315
392 2.850030448E+07 2.14483 3.66185 3.89030 8.99941 1.73309
393 2.850040113E+07 2.14664 3.66010 3.88692 8.99941 1.73303
394 2.850049726E+07 2.14814 3.65852 3.88361 8.99940 1.73297
395 2.850059322E+07 2.14933 3.65714 3.88045 8.99940 1.73290
396 2.850069013E+07 2.15034 3.65599 3.87786 8.99940 1.73284
397 2.850079269E+07 2.15129 3.65510 3.87622 8.99940 1.73277
398 2.850090846E+07 2.15190 3.65421 3.87390 8.99940 1.73269
399 2.850102511E+07 2.15209 3.65337 3.87091 8.99939 1.73261
400 2.850113914E+07 2.15209 3.65258 3.86775 8.99939 1.73253
401 2.850125160E+07 2.15214 3.65183 3.86483 8.99939 1.73245
402 2.850136489E+07 2.15199 3.65107 3.86151 8.99939 1.73237
403 2.850147554E+07 2.15180 3.65033 3.85817 8.99939 1.73229
404 2.850158477E+07 2.15176 3.64960 3.85516 8.99938 1.73221
405 2.850169521E+07 2.15157 3.64885 3.85178 8.99938 1.73214
406 2.850180307E+07 2.15137 3.64811 3.84842 8.99938 1.73206
407 2.850190966E+07 2.15136 3.64737 3.84546 8.99938 1.73198
408 2.850201764E+07 2.15122 3.64662 3.84216 8.99938 1.73190
409 2.850212321E+07 2.15111 3.64586 3.83892 8.99937 1.73183
410 2.850222778E+07 2.15120 3.64511 3.83608 8.99937 1.73175
411 2.850233339E+07 2.15118 3.64434 3.83295 8.99937 1.73168
412 2.850243694E+07 2.15122 3.64357 3.82995 8.99937 1.73161
413 2.850253978E+07 2.15146 3.64279 3.82732 8.99937 1.73154
414 2.850264321E+07 2.15161 3.64200 3.82445 8.99937 1.73147
415 2.850274478E+07 2.15187 3.64121 3.82182 8.99936 1.73140
416 2.850284608E+07 2.15230 3.64041 3.81950 8.99936 1.73133
417 2.850294765E+07 2.15267 3.63961 3.81700 8.99936 1.73127
418 2.850304752E+07 2.15322 3.63880 3.81488 8.99936 1.73120
419 2.850314765E+07 2.15390 3.63798 3.81298 8.99936 1.73113
420 2.850324764E+07 2.15453 3.63716 3.81096 8.99936 1.73106
421 2.850334609E+07 2.15543 3.63634 3.80947 8.99935 1.73100
422 2.850344533E+07 2.15642 3.63551 3.80811 8.99935 1.73093
423 2.850354409E+07 2.15738 3.63467 3.80671 8.99935 1.73086
424 2.850364149E+07 2.15868 3.63384 3.80595 8.99935 1.73079
425 2.850374008E+07 2.16005 3.63299 3.80529 8.99935 1.73073
426 2.850383802E+07 2.16142 3.63214 3.80464 8.99935 1.73066
427 2.850393478E+07 2.16317 3.63129 3.80474 8.99934 1.73060
428 2.850403305E+07 2.16500 3.63042 3.80494 8.99934 1.73053
429 2.850413062E+07 2.16685 3.62956 3.80520 8.99934 1.73046
430 2.850422725E+07 2.16913 3.62869 3.80628 8.99934 1.73040
431 2.850432563E+07 2.17151 3.62781 3.80750 8.99934 1.73033
432 2.850442337E+07 2.17396 3.62693 3.80889 8.99934 1.73026
433 2.850452062E+07 2.17683 3.62604 3.81106 8.99933 1.73020
434 2.850461943E+07 2.17982 3.62514 3.81345 8.99933 1.73013
435 2.850471781E+07 2.18297 3.62424 3.81614 8.99933 1.73007
436 2.850481626E+07 2.18653 3.62332 3.81958 8.99933 1.73000
437 2.850491615E+07 2.19023 3.62239 3.82328 8.99933 1.72993
438 2.850501596E+07 2.19418 3.62146 3.82745 8.99933 1.72987
439 2.850511657E+07 2.19852 3.62051 3.83231 8.99932 1.72980
440 2.850521869E+07 2.20302 3.61955 3.83747 8.99932 1.72973
441 2.850532108E+07 2.20790 3.61857 3.84331 8.99932 1.72967
442 2.850542530E+07 2.21312 3.61756 3.84972 8.99932 1.72960
443 2.850553095E+07 2.21850 3.61655 3.85644 8.99931 1.72953
444 2.850563730E+07 2.22440 3.61550 3.86405 8.99931 1.72947
445 2.850574520E+07 2.23047 3.61445 3.87197 8.99931 1.72940
446 2.850585358E+07 2.23676 3.61339 3.88030 8.99931 1.72933
447 2.850596133E+07 2.24326 3.61232 3.88904 8.99930 1.72926
448 2.850606711E+07 2.24965 3.61128 3.89767 8.99930 1.72920
449 2.850617308E+07 2.25625 3.61024 3.90671 8.99930 1.72914
450 2.850627768E+07 2.26281 3.60922 3.91572 8.99930 1.72908
451 2.850638265E+07 2.26929 3.60821 3.92466 8.99929 1.72902
452 2.850648910E+07 2.27598 3.60719 3.93397 8.99929 1.72896
453 2.850659558E+07 2.28255 3.60620 3.94313 8.99929 1.72890
454 2.850670426E+07 2.28906 3.60522 3.95222 8.99928 1.72884
455 2.850681600E+07 2.29568 3.60423 3.96151 8.99928 1.72878
456 2.850692989E+07 2.30221 3.60326 3.97069 8.99928 1.72872
457 2.850704767E+07 2.30863 3.60230 3.97972 8.99927 1.72866
458 2.850717073E+07 2.31502 3.60136 3.98872 8.99927 1.72860
459 2.850729942E+07 2.32141 3.60042 3.99774 8.99926 1.72854
460 2.850743411E+07 2.32762 3.59951 4.00651 8.99926 1.72848
461 2.850757780E+07 2.33370 3.59862 4.01510 8.99925 1.72842
462 2.850773203E+07 2.33969 3.59774 4.02358 8.99925 1.72836
463 2.850789803E+07 2.34557 3.59688 4.03191 8.99924 1.72829
464 2.850807812E+07 2.35123 3.59606 4.03993 8.99923 1.72822
465 2.850827641E+07 2.35668 3.59526 4.04765 8.99922 1.72815
466 2.850849615E+07 2.36190 3.59450 4.05504 8.99921 1.72808
467 2.850874101E+07 2.36695 3.59376 4.06221 8.99920 1.72799
468 2.850901402E+07 2.37168 3.59308 4.06891 8.99919 1.72791
469 2.850932162E+07 2.37609 3.59244 4.07517 8.99917 1.72782
470 2.850966823E+07 2.38018 3.59184 4.08098 8.99915 1.72771
471 2.851005745E+07 2.38399 3.59129 4.08636 8.99913 1.72760
472 2.851049131E+07 2.38759 3.59076 4.09148 8.99911 1.72748
473 2.851096755E+07 2.39094 3.59028 4.09623 8.99908 1.72734
474 2.851148350E+07 2.39412 3.58981 4.10074 8.99906 1.72721
475 2.851203186E+07 2.39718 3.58937 4.10507 8.99902 1.72709
476 2.851260497E+07 2.40017 3.58893 4.10930 8.99899 1.72696
477 2.851319684E+07 2.40312 3.58850 4.11349 8.99896 1.72682
478 2.851380250E+07 2.40609 3.58807 4.11769 8.99892 1.72669
479 2.851441756E+07 2.40901 3.58764 4.12184 8.99888 1.72655
480 2.851504060E+07 2.41192 3.58722 4.12597 8.99885 1.72641
481 2.851567000E+07 2.41481 3.58681 4.13008 8.99881 1.72627
482 2.851630535E+07 2.41770 3.58639 4.13419 8.99877 1.72612
483 2.851694719E+07 2.42060 3.58597 4.13833 8.99872 1.72597
484 2.851759521E+07 2.42352 3.58555 4.14249 8.99868 1.72582
485 2.851824961E+07 2.42642 3.58514 4.14663 8.99864 1.72566
486 2.851891126E+07 2.42931 3.58472 4.15076 8.99859 1.72554
487 2.851958124E+07 2.43221 3.58431 4.15490 8.99855 1.72541
488 2.852026185E+07 2.43512 3.58389 4.15905 8.99850 1.72527
489 2.852095492E+07 2.43807 3.58348 4.16328 8.99845 1.72514
490 2.852166086E+07 2.44102 3.58306 4.16750 8.99840 1.72500
491 2.852238290E+07 2.44397 3.58264 4.17174 8.99835 1.72486
492 2.852312428E+07 2.44694 3.58222 4.17599 8.99829 1.72471
493 2.852389274E+07 2.44993 3.58180 4.18028 8.99823 1.72456
494 2.852469876E+07 2.45297 3.58137 4.18466 8.99817 1.72440
495 2.852555268E+07 2.45601 3.58094 4.18903 8.99810 1.72441
496 2.852646348E+07 2.45900 3.58052 4.19333 8.99803 1.72444
497 2.852743136E+07 2.46183 3.58013 4.19741 8.99795 1.72448
498 2.852843724E+07 2.46441 3.57977 4.20114 8.99787 1.72453
499 2.852947662E+07 2.46666 3.57946 4.20439 8.99778 1.72459
500 2.853057038E+07 2.46862 3.57919 4.20722 8.99769 1.72465
501 2.853173376E+07 2.47034 3.57895 4.20972 8.99759 1.72478
502 2.853299478E+07 2.47191 3.57873 4.21198 8.99748 1.72493
503 2.853438501E+07 2.47336 3.57853 4.21408 8.99736 1.72508
504 2.853593457E+07 2.47474 3.57834 4.21607 8.99723 1.72524
505 2.853769110E+07 2.47608 3.57815 4.21800 8.99707 1.72548
506 2.853970941E+07 2.47736 3.57797 4.21985 8.99690 1.72587
507 2.854206031E+07 2.47854 3.57781 4.22155 8.99669 1.72629
508 2.854481640E+07 2.47955 3.57767 4.22300 8.99644 1.72699
509 2.854812370E+07 2.48032 3.57756 4.22413 8.99614 1.72807
510 2.855209246E+07 2.48076 3.57750 4.22477 8.99578 1.72957
511 2.855685498E+07 2.48081 3.57750 4.22487 8.99535 1.73225
512 2.856257000E+07 2.48051 3.57755 4.22447 8.99484 1.73568
513 2.856939971E+07 2.47990 3.57765 4.22364 8.99422 1.74140
514 2.857721959E+07 2.47906 3.57778 4.22248 8.99352 1.74811
515 2.858604954E+07 2.47803 3.57794 4.22106 8.99274 1.75624
516 2.859571025E+07 2.47683 3.57812 4.21939 8.99188 1.76591
517 2.860610096E+07 2.47545 3.57833 4.21747 8.99097 1.77613
518 2.861703905E+07 2.47387 3.57857 4.21528 8.99002 1.78665
519 2.862825967E+07 2.47212 3.57884 4.21284 8.98905 1.79715
520 2.863967892E+07 2.47022 3.57913 4.21018 8.98808 1.80754
521 2.865128344E+07 2.46817 3.57943 4.20732 8.98710 1.81777
522 2.866305943E+07 2.46599 3.57976 4.20427 8.98612 1.82803
523 2.867498816E+07 2.46368 3.58011 4.20104 8.98514 1.83809
524 2.868706075E+07 2.46123 3.58048 4.19761 8.98416 1.84792
525 2.869924974E+07 2.45864 3.58086 4.19398 8.98318 1.85751
526 2.871152051E+07 2.45592 3.58127 4.19016 8.98221 1.86683
527 2.872384253E+07 2.45305 3.58170 4.18614 8.98126 1.87588
528 2.873617718E+07 2.45006 3.58215 4.18195 8.98032 1.88464
529 2.874848347E+07 2.44695 3.58261 4.17759 8.97939 1.89310
530 2.876078459E+07 2.44373 3.58310 4.17309 8.97849 1.90128
531 2.877310116E+07 2.44043 3.58359 4.16846 8.97759 1.90921
532 2.878546872E+07 2.43704 3.58410 4.16373 8.97671 1.91692
533 2.879791559E+07 2.43359 3.58462 4.15890 8.97585 1.92443
534 2.881041297E+07 2.43007 3.58515 4.15399 8.97499 1.93174
535 2.882298717E+07 2.42648 3.58569 4.14898 8.97415 1.93887
536 2.883561401E+07 2.42283 3.58625 4.14388 8.97332 1.94581
537 2.884826590E+07 2.41910 3.58681 4.13870 8.97250 1.95256
538 2.886089375E+07 2.41533 3.58739 4.13344 8.97171 1.95908
539 2.887349647E+07 2.41150 3.58797 4.12812 8.97093 1.96540
540 2.888609088E+07 2.40762 3.58856 4.12273 8.97017 1.97153
541 2.889867602E+07 2.40370 3.58916 4.11729 8.96942 1.97748
542 2.891125497E+07 2.39974 3.58977 4.11182 8.96869 1.98325
543 2.892382085E+07 2.39577 3.59039 4.10632 8.96798 1.98885
544 2.893643066E+07 2.39177 3.59100 4.10080 8.96728 1.99430
545 2.894911995E+07 2.38776 3.59162 4.09527 8.96659 1.99963
546 2.896192380E+07 2.38375 3.59225 4.08975 8.96591 2.00486
547 2.897482365E+07 2.37974 3.59288 4.08424 8.96524 2.00997
548 2.898788996E+07 2.37574 3.59351 4.07875 8.96458 2.01501
549 2.900114344E+07 2.37173 3.59414 4.07326 8.96392 2.01997
550 2.901459133E+07 2.36773 3.59478 4.06781 8.96326 2.02486
551 2.902818369E+07 2.36375 3.59541 4.06240 8.96262 2.02966
552 2.904194820E+07 2.35979 3.59605 4.05701 8.96197 2.03438
553 2.905589675E+07 2.35584 3.59668 4.05166 8.96134 2.03904
554 2.907003944E+07 2.35192 3.59732 4.04638 8.96071 2.04362
555 2.908432945E+07 2.34805 3.59796 4.04118 8.96008 2.04812
556 2.909881507E+07 2.34421 3.59859 4.03604 8.95946 2.05255
557 2.911355253E+07 2.34042 3.59922 4.03098 8.95884 2.05693
558 2.912857710E+07 2.33668 3.59986 4.02602 8.95822 2.06127
559 2.914383137E+07 2.33300 3.60048 4.02118 8.95761 2.06555
560 2.915942449E+07 2.32938 3.60111 4.01644 8.95699 2.06981
561 2.917544711E+07 2.32583 3.60173 4.01181 8.95637 2.07405
562 2.919195741E+07 2.32235 3.60235 4.00734 8.95574 2.07831
563 2.920885926E+07 2.31896 3.60296 4.00301 8.95510 2.08254
564 2.922632714E+07 2.31565 3.60357 3.99881 8.95446 2.08678
565 2.924441108E+07 2.31242 3.60418 3.99478 8.95380 2.09105
566 2.926289535E+07 2.30930 3.60478 3.99096 8.95314 2.09529
567 2.928162066E+07 2.30633 3.60537 3.98736 8.95249 2.09946
568 2.930073537E+07 2.30347 3.60594 3.98396 8.95182 2.10360
569 2.932013183E+07 2.30077 3.60652 3.98085 8.95116 2.10769
570 2.933927018E+07 2.29825 3.60707 3.97802 8.95051 2.11161
571 2.935861360E+07 2.29587 3.60760 3.97539 8.94987 2.11546
572 2.937817437E+07 2.29363 3.60814 3.97307 8.94922 2.11926
573 2.939726055E+07 2.29158 3.60865 3.97102 8.94860 2.12288
574 2.941637545E+07 2.28967 3.60915 3.96919 8.94798 2.12641
575 2.943567450E+07 2.28790 3.60965 3.96764 8.94736 2.12988
576 2.945458869E+07 2.28629 3.61014 3.96636 8.94675 2.13322
577 2.947331346E+07 2.28482 3.61060 3.96529 8.94615 2.13644
578 2.949217914E+07 2.28348 3.61107 3.96448 8.94556 2.13962
579 2.951076508E+07 2.28229 3.61154 3.96396 8.94497 2.14270
580 2.952885246E+07 2.28122 3.61198 3.96361 8.94440 2.14563
581 2.954693046E+07 2.28027 3.61243 3.96349 8.94384 2.14851
582 2.956467164E+07 2.27945 3.61289 3.96369 8.94328 2.15129
583 2.958154111E+07 2.27873 3.61333 3.96401 8.94275 2.15389
584 2.959816600E+07 2.27812 3.61377 3.96456 8.94223 2.15642
585 2.961424797E+07 2.27763 3.61423 3.96543 8.94173 2.15884
586 2.962917484E+07 2.27721 3.61468 3.96638 8.94126 2.16105
587 2.964361186E+07 2.27689 3.61514 3.96758 8.94081 2.16318
588 2.965717547E+07 2.27668 3.61562 3.96909 8.94038 2.16516
589 2.966951170E+07 2.27651 3.61609 3.97064 8.93999 2.16694
590 2.968117809E+07 2.27647 3.61660 3.97257 8.93962 2.16863
591 2.969160504E+07 2.27650 3.61711 3.97467 8.93929 2.17013
592 2.970098494E+07 2.27657 3.61761 3.97685 8.93898 2.17148
593 2.970958052E+07 2.27682 3.61818 3.97958 8.93871 2.17271
594 2.971686063E+07 2.27705 3.61872 3.98221 8.93847 2.17376
595 2.972340786E+07 2.27743 3.61930 3.98530 8.93826 2.17470
596 2.972900136E+07 2.27785 3.61989 3.98848 8.93807 2.17551
597 2.973387448E+07 2.27832 3.62049 3.99183 8.93791 2.17622
598 2.973813070E+07 2.27889 3.62112 3.99553 8.93777 2.17684
599 2.974177099E+07 2.27942 3.62175 3.99910 8.93764 2.17738
600 2.974502755E+07 2.28012 3.62244 4.00323 8.93753 2.17786
601 2.974779580E+07 2.28071 3.62311 4.00712 8.93743 2.17828
602 2.975029014E+07 2.28139 3.62383 4.01136 8.93735 2.17865
603 2.975247925E+07 2.28202 3.62457 4.01556 8.93727 2.17899
604 2.975444770E+07 2.28261 3.62534 4.01982 8.93720 2.17929
605 2.975622977E+07 2.28321 3.62615 4.02428 8.93713 2.17957
606 2.975782900E+07 2.28367 3.62698 4.02851 8.93707 2.17982
607 2.975931527E+07 2.28417 3.62788 4.03311 8.93702 2.18005
608 2.976065454E+07 2.28451 3.62880 4.03744 8.93697 2.18027
609 2.976190628E+07 2.28478 3.62975 4.04183 8.93692 2.18047
610 2.976307071E+07 2.28501 3.63076 4.04630 8.93688 2.18066
611 2.976414841E+07 2.28508 3.63178 4.05050 8.93683 2.18084
612 2.976517296E+07 2.28511 3.63286 4.05489 8.93679 2.18102
613 2.976612600E+07 2.28499 3.63397 4.05909 8.93676 2.18118
614 2.976702792E+07 2.28474 3.63509 4.06308 8.93672 2.18134
615 2.976789256E+07 2.28447 3.63628 4.06730 8.93669 2.18149
616 2.976869926E+07 2.28405 3.63745 4.07115 8.93665 2.18164
617 2.976947510E+07 2.28356 3.63862 4.07485 8.93662 2.18179
618 2.977022472E+07 2.28306 3.63984 4.07872 8.93659 2.18193
619 2.977093060E+07 2.28242 3.64104 4.08226 8.93656 2.18208
620 2.977161300E+07 2.28168 3.64226 4.08567 8.93653 2.18221
621 2.977227131E+07 2.28024 3.64416 4.09036 8.93650 2.18233
622 2.977278347E+07 2.27830 3.64606 4.09408 8.93648 2.18242
623 2.977322165E+07 2.27615 3.64789 4.09711 8.93646 2.18249
624 2.977362019E+07 2.27384 3.64970 4.09972 8.93645 2.18255
625 2.977399422E+07 2.27123 3.65160 4.10209 8.93643 2.18260
626 2.977434979E+07 2.26814 3.65369 4.10427 8.93642 2.18265
627 2.977469189E+07 2.26451 3.65601 4.10629 8.93640 2.18269
628 2.977502487E+07 2.26039 3.65855 4.10822 8.93639 2.18274
629 2.977534825E+07 2.25577 3.66131 4.11000 8.93638 2.18278
630 2.977566481E+07 2.25069 3.66426 4.11168 8.93636 2.18283
631 2.977597483E+07 2.24542 3.66729 4.11324 8.93635 2.18290
632 2.977627753E+07 2.24021 3.67026 4.11470 8.93634 2.18297
633 2.977657482E+07 2.23491 3.67325 4.11607 8.93633 2.18305
634 2.977686740E+07 2.22949 3.67629 4.11737 8.93631 2.18314
635 2.977715767E+07 2.22396 3.67936 4.11860 8.93630 2.18325
636 2.977744491E+07 2.21819 3.68255 4.11982 8.93629 2.18336
637 2.977773154E+07 2.21203 3.68591 4.12094 8.93628 2.18331
638 2.977803209E+07 2.20509 3.68965 4.12205 8.93627 2.18327
639 2.977836302E+07 2.19718 3.69390 4.12319 8.93626 2.18324
640 2.977872780E+07 2.18861 3.69848 4.12438 8.93624 2.18324
641 2.977911744E+07 2.17945 3.70335 4.12555 8.93623 2.18330
642 2.977954376E+07 2.16931 3.70872 4.12676 8.93621 2.18339
643 2.977999336E+07 2.15922 3.71406 4.12794 8.93620 2.18348
644 2.978039977E+07 2.14998 3.71893 4.12892 8.93618 2.18357
645 2.978080675E+07 2.14085 3.72373 4.12987 8.93617 2.18366
646 2.978119385E+07 2.13255 3.72811 4.13078 8.93616 2.18375
647 2.978154717E+07 2.12488 3.73214 4.13156 8.93615 2.18383
648 2.978190407E+07 2.11718 3.73618 4.13233 8.93614 2.18378
649 2.978226003E+07 2.10966 3.74012 4.13306 8.93612 2.18369
650 2.978260860E+07 2.10244 3.74391 4.13376 8.93611 2.18360
651 2.978294936E+07 2.09540 3.74760 4.13442 8.93610 2.18353
652 2.978328889E+07 2.08843 3.75123 4.13501 8.93609 2.18346
653 2.978363910E+07 2.08134 3.75492 4.13558 8.93608 2.18340
654 2.978399978E+07 2.07415 3.75865 4.13612 8.93607 2.18335
655 2.978436988E+07 2.06687 3.76241 4.13661 8.93606 2.18330
656 2.978474694E+07 2.05947 3.76623 4.13709 8.93605 2.18327
657 2.978512310E+07 2.05227 3.76992 4.13747 8.93604 2.18325
658 2.978550400E+07 2.04520 3.77354 4.13779 8.93603 2.18324
659 2.978588783E+07 2.03815 3.77713 4.13808 8.93602 2.18323
660 2.978627528E+07 2.03121 3.78066 4.13830 8.93601 2.18323
661 2.978667920E+07 2.02418 3.78422 4.13848 8.93600 2.18325
662 2.978709962E+07 2.01712 3.78779 4.13863 8.93599 2.18327
663 2.978753544E+07 2.01008 3.79134 4.13875 8.93598 2.18330
664 2.978798524E+07 2.00301 3.79490 4.13886 8.93597 2.18334
665 2.978844147E+07 1.99608 3.79838 4.13893 8.93595 2.18339
666 2.978890672E+07 1.98926 3.80180 4.13898 8.93594 2.18345
667 2.978938220E+07 1.98255 3.80516 4.13900 8.93593 2.18352
668 2.978986866E+07 1.97604 3.80842 4.13899 8.93592 2.18359
669 2.979037350E+07 1.96965 3.81160 4.13896 8.93591 2.18368
670 2.979089703E+07 1.96340 3.81472 4.13892 8.93590 2.18378
671 2.979143949E+07 1.95729 3.81776 4.13886 8.93589 2.18388
672 2.979200283E+07 1.95119 3.82079 4.13879 8.93587 2.18400
673 2.979257903E+07 1.94521 3.82376 4.13872 8.93586 2.18412
674 2.979317232E+07 1.93933 3.82668 4.13863 8.93585 2.18425
675 2.979378768E+07 1.93362 3.82951 4.13852 8.93583 2.18439
676 2.979443749E+07 1.92800 3.83229 4.13841 8.93582 2.18454
677 2.979512511E+07 1.92249 3.83502 4.13830 8.93581 2.18471
678 2.979585516E+07 1.91708 3.83769 4.13818 8.93579 2.18489
679 2.979663307E+07 1.91177 3.84032 4.13807 8.93578 2.18508
680 2.979746518E+07 1.90643 3.84297 4.13797 8.93576 2.18516
681 2.979833759E+07 1.90115 3.84559 4.13789 8.93574 2.18511
682 2.979925065E+07 1.89614 3.84808 4.13783 8.93573 2.18509
683 2.980023621E+07 1.89125 3.85051 4.13778 8.93571 2.18511
684 2.980131010E+07 1.88645 3.85291 4.13778 8.93569 2.18517
685 2.980248482E+07 1.88176 3.85526 4.13781 8.93566 2.18527
686 2.980377465E+07 1.87717 3.85758 4.13790 8.93564 2.18542
687 2.980519463E+07 1.87265 3.85988 4.13806 8.93561 2.18561
688 2.980675842E+07 1.86806 3.86223 4.13830 8.93559 2.18585
689 2.980842852E+07 1.86359 3.86454 4.13859 8.93556 2.18613
690 2.981023850E+07 1.85925 3.86680 4.13896 8.93552 2.18647
691 2.981222980E+07 1.85495 3.86906 4.13940 8.93549 2.18686
692 2.981441171E+07 1.85068 3.87133 4.13993 8.93545 2.18732
693 2.981678851E+07 1.84641 3.87362 4.14054 8.93541 2.18783
694 2.981935913E+07 1.84213 3.87593 4.14123 8.93536 2.18841
695 2.982211815E+07 1.83780 3.87829 4.14199 8.93532 2.18905
696 2.982505697E+07 1.83332 3.88073 4.14281 8.93527 2.18974
697 2.982812322E+07 1.82876 3.88323 4.14366 8.93522 2.19048
698 2.983132822E+07 1.82419 3.88573 4.14454 8.93516 2.19126
699 2.983474813E+07 1.81952 3.88830 4.14548 8.93511 2.19211
700 2.983839936E+07 1.81469 3.89096 4.14648 8.93505 2.19301
701 2.984230492E+07 1.80969 3.89373 4.14753 8.93498 2.19399
702 2.984649634E+07 1.80447 3.89662 4.14866 8.93492 2.19504
703 2.985101837E+07 1.79896 3.89967 4.14985 8.93484 2.19617
704 2.985593933E+07 1.79309 3.90293 4.15114 8.93477 2.19740
705 2.986135776E+07 1.78674 3.90645 4.15253 8.93468 2.19863
706 2.986738893E+07 1.77973 3.91034 4.15405 8.93459 2.19991
707 2.987418245E+07 1.77205 3.91460 4.15573 8.93449 2.20143
708 2.988207353E+07 1.76341 3.91939 4.15761 8.93437 2.20326
709 2.989143005E+07 1.75359 3.92483 4.15974 8.93423 2.20551
710 2.990253175E+07 1.74262 3.93090 4.16211 8.93407 2.20826
711 2.991504460E+07 1.73125 3.93720 4.16455 8.93389 2.21144
712 2.992751626E+07 1.72096 3.94290 4.16676 8.93372 2.21447
713 2.993974337E+07 1.71188 3.94793 4.16874 8.93356 2.21722
714 2.995213143E+07 1.70356 3.95255 4.17058 8.93339 2.21995
715 2.996491028E+07 1.69592 3.95681 4.17232 8.93322 2.22273
716 2.997837508E+07 1.68881 3.96079 4.17402 8.93304 2.22561
717 2.999278901E+07 1.68214 3.96454 4.17569 8.93286 2.22866
718 3.000840424E+07 1.67588 3.96809 4.17736 8.93266 2.23192
719 3.002553461E+07 1.66998 3.97146 4.17906 8.93244 2.23546
720 3.004458947E+07 1.66446 3.97466 4.18079 8.93220 2.23935
721 3.006611679E+07 1.65930 3.97769 4.18260 8.93194 2.24371
722 3.009081875E+07 1.65457 3.98053 4.18451 8.93163 2.24867
723 3.011962567E+07 1.65027 3.98320 4.18657 8.93128 2.25440
724 3.015356901E+07 1.64640 3.98570 4.18884 8.93086 2.26109
725 3.019328676E+07 1.64305 3.98799 4.19133 8.93037 2.26884
726 3.023950434E+07 1.64026 3.99007 4.19406 8.92981 2.27777
727 3.029233576E+07 1.63810 3.99189 4.19702 8.92916 2.28793
728 3.035153709E+07 1.63721 3.99310 4.20006 8.92843 2.29920
729 3.042257867E+07 1.63836 3.99335 4.20337 8.92755 2.31251
730 3.050345990E+07 1.64179 3.99250 4.20683 8.92652 2.32675
731 3.057547563E+07 1.64600 3.99112 4.20975 8.92560 2.33906
732 3.063975161E+07 1.65039 3.98956 4.21226 8.92476 2.34991
733 3.070004597E+07 1.65496 3.98784 4.21453 8.92396 2.35998
734 3.075765206E+07 1.65993 3.98587 4.21659 8.92318 2.36950
735 3.081187650E+07 1.66536 3.98361 4.21841 8.92244 2.37838
736 3.086226565E+07 1.67107 3.98116 4.22000 8.92173 2.38656
737 3.090950025E+07 1.67700 3.97854 4.22141 8.92106 2.39417
738 3.095420788E+07 1.68309 3.97581 4.22268 8.92042 2.40132
739 3.099708998E+07 1.68932 3.97299 4.22384 8.91979 2.40813
740 3.103858822E+07 1.69571 3.97006 4.22491 8.91917 2.41468
741 3.107898079E+07 1.70229 3.96702 4.22590 8.91855 2.42099
742 3.111836825E+07 1.70911 3.96384 4.22680 8.91794 2.42711
743 3.115671368E+07 1.71615 3.96052 4.22763 8.91734 2.43301
744 3.119414731E+07 1.72345 3.95706 4.22838 8.91674 2.43873
745 3.123063936E+07 1.73105 3.95342 4.22904 8.91614 2.44426
746 3.126612971E+07 1.73895 3.94962 4.22961 8.91555 2.44960
747 3.130071230E+07 1.74722 3.94560 4.23008 8.91496 2.45476
748 3.133434413E+07 1.75581 3.94140 4.23046 8.91437 2.45975
749 3.136717689E+07 1.76475 3.93701 4.23076 8.91379 2.46458
750 3.139957014E+07 1.77407 3.93240 4.23099 8.91320 2.46932
751 3.143202058E+07 1.78392 3.92752 4.23116 8.91260 2.47406
752 3.146496166E+07 1.79444 3.92229 4.23127 8.91197 2.47888
753 3.149877013E+07 1.80575 3.91664 4.23132 8.91131 2.48387
754 3.152849447E+07 1.81608 3.91148 4.23131 8.91072 2.48838
754 3.152254960E+07 1.81397 3.91253 4.23132 8.91084 2.48747
755 3.154632907E+07 1.82239 3.90832 4.23131 8.91035 2.49118
756 3.157010855E+07 1.83107 3.90397 4.23126 8.90986 2.49508
757 3.159388802E+07 1.83996 3.89950 4.23116 8.90936 2.49930
758 3.161766749E+07 1.84921 3.89484 4.23102 8.90884 2.50229
759 3.163207261E+07 1.86509 3.88599 4.22739 8.90852 2.50082
760 3.163927517E+07 1.87392 3.88147 4.22698 8.90836 2.50185
761 3.164369605E+07 1.87875 3.87910 4.22714 8.90826 2.50252
762 3.164839390E+07 1.88263 3.87723 4.22744 8.90815 2.50324
763 3.165403133E+07 1.88592 3.87566 4.22771 8.90802 2.50410
764 3.166079624E+07 1.88890 3.87421 4.22786 8.90786 2.50513
765 3.166891414E+07 1.89201 3.87266 4.22790 8.90767 2.50639
766 3.167865561E+07 1.89564 3.87083 4.22786 8.90743 2.50796
767 3.168948397E+07 1.89985 3.86871 4.22777 8.90717 2.50982
768 3.169971500E+07 1.90405 3.86658 4.22766 8.90693 2.51173
769 3.170932654E+07 1.90821 3.86447 4.22753 8.90669 2.51369
770 3.171840139E+07 1.91235 3.86236 4.22739 8.90646 2.51544
771 3.172700956E+07 1.91647 3.86026 4.22724 8.90625 2.51644
772 3.173528630E+07 1.92044 3.85824 4.22709 8.90604 2.51738
773 3.174364991E+07 1.92457 3.85613 4.22692 8.90583 2.51833
774 3.175179185E+07 1.92869 3.85402 4.22672 8.90562 2.51924
775 3.175975889E+07 1.93288 3.85188 4.22651 8.90541 2.52014
776 3.176750080E+07 1.93712 3.84970 4.22629 8.90521 2.52102
777 3.177501763E+07 1.94140 3.84751 4.22606 8.90501 2.52190
778 3.178232806E+07 1.94573 3.84528 4.22583 8.90482 2.52279
779 3.178945144E+07 1.95013 3.84302 4.22557 8.90462 2.52370
780 3.179635996E+07 1.95460 3.84070 4.22526 8.90444 2.52461
781 3.180299303E+07 1.95908 3.83837 4.22489 8.90425 2.52554
782 3.180938107E+07 1.96371 3.83595 4.22445 8.90408 2.52649
783 3.181538278E+07 1.96851 3.83342 4.22393 8.90391 2.52746
784 3.182089526E+07 1.97344 3.83081 4.22334 8.90375 2.52845
785 3.182591128E+07 1.97847 3.82813 4.22271 8.90361 2.52948
786 3.183046729E+07 1.98360 3.82540 4.22204 8.90348 2.53051
787 3.183461384E+07 1.98880 3.82262 4.22133 8.90336 2.53066
788 3.183840318E+07 1.99397 3.81985 4.22059 8.90325 2.53073
789 3.184199314E+07 1.99918 3.81705 4.21980 8.90314 2.53078
790 3.184538954E+07 2.00453 3.81417 4.21897 8.90304 2.53080
791 3.184856803E+07 2.01002 3.81121 4.21812 8.90294 2.53080
792 3.185153823E+07 2.01562 3.80819 4.21725 8.90285 2.53078
793 3.185432845E+07 2.02136 3.80510 4.21635 8.90276 2.53076
794 3.185695578E+07 2.02723 3.80193 4.21544 8.90268 2.53074
795 3.185943545E+07 2.03324 3.79870 4.21450 8.90260 2.53074
796 3.186177601E+07 2.03923 3.79547 4.21357 8.90253 2.53075
797 3.186403467E+07 2.04519 3.79226 4.21263 8.90245 2.53081
798 3.186625401E+07 2.05140 3.78890 4.21167 8.90238 2.53090
799 3.186838457E+07 2.05775 3.78549 4.21069 8.90231 2.53101
800 3.187042907E+07 2.06420 3.78202 4.20970 8.90224 2.53117
801 3.187239059E+07 2.07073 3.77850 4.20870 8.90217 2.53136
802 3.187426860E+07 2.07730 3.77496 4.20769 8.90211 2.53160
803 3.187605721E+07 2.08387 3.77142 4.20667 8.90204 2.53188
804 3.187775185E+07 2.09031 3.76795 4.20565 8.90198 2.53221
805 3.187936413E+07 2.09647 3.76462 4.20466 8.90193 2.53258
806 3.188097228E+07 2.10290 3.76114 4.20362 8.90187 2.53271
807 3.188254295E+07 2.10951 3.75757 4.20255 8.90181 2.53257
808 3.188407874E+07 2.11628 3.75391 4.20144 8.90175 2.53243
809 3.188556297E+07 2.12311 3.75021 4.20030 8.90170 2.53228
810 3.188699316E+07 2.12999 3.74647 4.19912 8.90164 2.53213
811 3.188834215E+07 2.13677 3.74279 4.19793 8.90159 2.53201
812 3.188965879E+07 2.14364 3.73904 4.19669 8.90154 2.53184
812 3.188918480E+07 2.14111 3.74042 4.19714 8.90156 2.53200
813 3.189002745E+07 2.14555 3.73799 4.19632 8.90152 2.53210
814 3.189087009E+07 2.15010 3.73550 4.19544 8.90149 2.53221
815 3.189171274E+07 2.15463 3.73300 4.19450 8.90145 2.53231
815 3.189154421E+07 2.15371 3.73351 4.19470 8.90146 2.53229
816 3.189221833E+07 2.15735 3.73149 4.19389 8.90143 2.53238
817 3.189289245E+07 2.16110 3.72940 4.19302 8.90141 2.53241
818 3.189356656E+07 2.16505 3.72719 4.19211 8.90138 2.53242
819 3.189424068E+07 2.16924 3.72487 4.19122 8.90135 2.53244
820 3.189504962E+07 2.17448 3.72201 4.19023 8.90132 2.53245
821 3.189602035E+07 2.18111 3.71843 4.18916 8.90128 2.53248
822 3.189713362E+07 2.18938 3.71401 4.18806 8.90123 2.53252
823 3.189833690E+07 2.19841 3.70921 4.18689 8.90118 2.53261
824 3.189962773E+07 2.20778 3.70421 4.18563 8.90112 2.53277
825 3.190091793E+07 2.21774 3.69889 4.18429 8.90106 2.53293
826 3.190234732E+07 2.22870 3.69301 4.18268 8.90099 2.53310
827 3.190366357E+07 2.23864 3.68762 4.18101 8.90093 2.53324
828 3.190481383E+07 2.24747 3.68279 4.17935 8.90088 2.53336
829 3.190585338E+07 2.25482 3.67870 4.17768 8.90083 2.53347
830 3.190675981E+07 2.26094 3.67523 4.17605 8.90078 2.53356
831 3.190760111E+07 2.26666 3.67196 4.17439 8.90074 2.53365
832 3.190841620E+07 2.27235 3.66867 4.17262 8.90070 2.53373
833 3.190920199E+07 2.27791 3.66542 4.17076 8.90066 2.53381
834 3.190996301E+07 2.28319 3.66231 4.16887 8.90062 2.53389
835 3.191071554E+07 2.28844 3.65918 4.16683 8.90058 2.53397
836 3.191144892E+07 2.29352 3.65609 4.16465 8.90054 2.53405
837 3.191215698E+07 2.29807 3.65324 4.16235 8.90051 2.53413
838 3.191283758E+07 2.30184 3.65076 4.15997 8.90047 2.53420
839 3.191348976E+07 2.30501 3.64856 4.15750 8.90044 2.53427
840 3.191411400E+07 2.30779 3.64653 4.15497 8.90041 2.53434
841 3.191471677E+07 2.31027 3.64464 4.15236 8.90037 2.53441
842 3.191530423E+07 2.31256 3.64283 4.14967 8.90034 2.53447
843 3.191588002E+07 2.31475 3.64104 4.14691 8.90031 2.53453
844 3.191644911E+07 2.31689 3.63927 4.14409 8.90028 2.53460
845 3.191701747E+07 2.31881 3.63764 4.14141 8.90025 2.53466
846 3.191761022E+07 2.32026 3.63638 4.13931 8.90022 2.53472
847 3.191829804E+07 2.32148 3.63512 4.13670 8.90019 2.53479
848 3.191901891E+07 2.32249 3.63382 4.13349 8.90015 2.53487
849 3.191972456E+07 2.32337 3.63252 4.13004 8.90012 2.53494
850 3.192040592E+07 2.32422 3.63126 4.12672 8.90008 2.53501
851 3.192107424E+07 2.32500 3.63002 4.12330 8.90005 2.53508
852 3.192172514E+07 2.32568 3.62878 4.11970 8.90001 2.53514
853 3.192235181E+07 2.32637 3.62758 4.11631 8.89998 2.53521
854 3.192296640E+07 2.32697 3.62642 4.11286 8.89995 2.53526
855 3.192356589E+07 2.32742 3.62529 4.10926 8.89992 2.53532
856 3.192414456E+07 2.32792 3.62423 4.10599 8.89989 2.53538
857 3.192471624E+07 2.32828 3.62320 4.10260 8.89987 2.53543
858 3.192527332E+07 2.32854 3.62221 4.09914 8.89984 2.53548
859 3.192581344E+07 2.32892 3.62126 4.09614 8.89981 2.53553
860 3.192635112E+07 2.32915 3.62034 4.09292 8.89979 2.53558
861 3.192687444E+07 2.32941 3.61946 4.08992 8.89976 2.53562
862 3.192738983E+07 2.32974 3.61862 4.08718 8.89974 2.53567
863 3.192790137E+07 2.32996 3.61780 4.08434 8.89972 2.53571
864 3.192840217E+07 2.33039 3.61701 4.08204 8.89969 2.53575
865 3.192890519E+07 2.33077 3.61624 4.07972 8.89967 2.53579
866 3.192940329E+07 2.33121 3.61549 4.07760 8.89965 2.53583
867 3.192989914E+07 2.33186 3.61475 4.07595 8.89962 2.53587
868 3.193040074E+07 2.33247 3.61402 4.07425 8.89960 2.53591
869 3.193090017E+07 2.33335 3.61330 4.07314 8.89958 2.53594
870 3.193141016E+07 2.33432 3.61257 4.07218 8.89955 2.53598
871 3.193192688E+07 2.33538 3.61185 4.07143 8.89953 2.53602
872 3.193245157E+07 2.33678 3.61113 4.07132 8.89951 2.53606
873 3.193299776E+07 2.33821 3.61040 4.07125 8.89948 2.53610
874 3.193355766E+07 2.33993 3.60966 4.07174 8.89946 2.53614
875 3.193414546E+07 2.34186 3.60891 4.07259 8.89943 2.53618
876 3.193476572E+07 2.34387 3.60815 4.07359 8.89940 2.53623
877 3.193541827E+07 2.34632 3.60738 4.07538 8.89937 2.53627
878 3.193613488E+07 2.34884 3.60659 4.07729 8.89933 2.53632
879 3.193691418E+07 2.35154 3.60580 4.07954 8.89930 2.53637
880 3.193778124E+07 2.35454 3.60500 4.08234 8.89925 2.53643
881 3.193878552E+07 2.35758 3.60421 4.08524 8.89920 2.53649
882 3.193996124E+07 2.36073 3.60343 4.08841 8.89914 2.53657
883 3.194137210E+07 2.36389 3.60269 4.09176 8.89907 2.53665
884 3.194306513E+07 2.36670 3.60203 4.09478 8.89898 2.53676
885 3.194509677E+07 2.36906 3.60149 4.09734 8.89888 2.53688
886 3.194753473E+07 2.37093 3.60108 4.09941 8.89875 2.53702
887 3.195046028E+07 2.37229 3.60078 4.10095 8.89859 2.53720
888 3.195397095E+07 2.37319 3.60058 4.10196 8.89840 2.53741
889 3.195818375E+07 2.37379 3.60045 4.10261 8.89817 2.53765
890 3.196323911E+07 2.37423 3.60034 4.10306 8.89790 2.53795
891 3.196930555E+07 2.37462 3.60024 4.10345 8.89757 2.53831
892 3.197658527E+07 2.37505 3.60013 4.10384 8.89718 2.53874
893 3.198532093E+07 2.37558 3.59998 4.10433 8.89671 2.53925
894 3.199580373E+07 2.37626 3.59980 4.10494 8.89613 2.53987
895 3.200838308E+07 2.37716 3.59955 4.10576 8.89545 2.54061
896 3.202347831E+07 2.37834 3.59923 4.10686 8.89462 2.54152
897 3.204035466E+07 2.37981 3.59884 4.10823 8.89368 2.54257
898 3.205616233E+07 2.38133 3.59845 4.10969 8.89280 2.54357
899 3.207097280E+07 2.38292 3.59805 4.11128 8.89197 2.54454
900 3.208506548E+07 2.38459 3.59764 4.11298 8.89117 2.54551
901 3.209819564E+07 2.38634 3.59722 4.11478 8.89042 2.54648
902 3.211040252E+07 2.38815 3.59678 4.11668 8.88972 2.54750
903 3.212173600E+07 2.39003 3.59635 4.11869 8.88906 2.54858
904 3.213225933E+07 2.39198 3.59590 4.12079 8.88845 2.54898
905 3.214203877E+07 2.39399 3.59545 4.12301 8.88787 2.54924
906 3.215112015E+07 2.39610 3.59499 4.12540 8.88732 2.54946
907 3.215963754E+07 2.39831 3.59452 4.12793 8.88681 2.54966
908 3.216748439E+07 2.40060 3.59404 4.13058 8.88633 2.54983
909 3.217467367E+07 2.40296 3.59355 4.13336 8.88588 2.55000
910 3.218123233E+07 2.40540 3.59305 4.13624 8.88547 2.55018
911 3.218719016E+07 2.40791 3.59255 4.13925 8.88509 2.55036
912 3.219257384E+07 2.41050 3.59203 4.14238 8.88475 2.55057
913 3.219741575E+07 2.41318 3.59152 4.14567 8.88443 2.55082
914 3.220175551E+07 2.41594 3.59099 4.14908 8.88414 2.55111
915 3.220557844E+07 2.41876 3.59045 4.15258 8.88389 2.55148
916 3.220891558E+07 2.42162 3.58992 4.15615 8.88366 2.55157
917 3.221180746E+07 2.42452 3.58938 4.15979 8.88346 2.55136
918 3.221429923E+07 2.42742 3.58884 4.16346 8.88329 2.55113
919 3.221644073E+07 2.43033 3.58831 4.16715 8.88313 2.55089
920 3.221827496E+07 2.43327 3.58778 4.17091 8.88300 2.55067
921 3.221984284E+07 2.43616 3.58726 4.17462 8.88289 2.55047
922 3.222118008E+07 2.43902 3.58675 4.17830 8.88279 2.55032
923 3.222231773E+07 2.44184 3.58625 4.18193 8.88270 2.55024
924 3.222328670E+07 2.44461 3.58576 4.18550 8.88270 2.55024
925 3.222411165E+07 2.44731 3.58528 4.18899 8.88270 2.55024
926 3.222481306E+07 2.44992 3.58482 4.19236 8.88270 2.54985
927 3.222540742E+07 2.45241 3.58438 4.19559 8.88270 2.54947
928 3.222591395E+07 2.45481 3.58395 4.19868 8.88270 2.54913
929 3.222634426E+07 2.45710 3.58355 4.20164 8.88270 2.54885
930 3.222670657E+07 2.45932 3.58316 4.20452 8.88270 2.54870
931 3.222705593E+07 2.46177 3.58274 4.20774 8.88270 2.54862
932 3.222739046E+07 2.46446 3.58228 4.21129 8.88270 2.54864
933 3.222771125E+07 2.46736 3.58180 4.21515 8.88270 2.54853
934 3.222802100E+07 2.47043 3.58129 4.21926 8.88270 2.54829
935 3.222832243E+07 2.47362 3.58077 4.22356 8.88270 2.54809
936 3.222861803E+07 2.47691 3.58023 4.22799 8.88270 2.54792
937 3.222890987E+07 2.48025 3.57969 4.23252 8.88270 2.54780
938 3.222919953E+07 2.48364 3.57915 4.23711 8.88270 2.54771
939 3.222948831E+07 2.48706 3.57860 4.24176 8.88270 2.54766
940 3.222977713E+07 2.49051 3.57805 4.24646 8.88270 2.54765
941 3.223006685E+07 2.49396 3.57750 4.25115 8.88270 2.54767
942 3.223035836E+07 2.49740 3.57695 4.25583 8.88270 2.54774
943 3.223065202E+07 2.50083 3.57640 4.26051 8.88270 2.54763
944 3.223094820E+07 2.50425 3.57586 4.26517 8.88270 2.54750
945 3.223124747E+07 2.50765 3.57532 4.26981 8.88270 2.54740
946 3.223155019E+07 2.51104 3.57478 4.27444 8.88270 2.54732
947 3.223185689E+07 2.51441 3.57424 4.27904 8.88270 2.54727
948 3.223216825E+07 2.51778 3.57371 4.28365 8.88270 2.54724
949 3.223248522E+07 2.52111 3.57318 4.28819 8.88270 2.54725
950 3.223280908E+07 2.52439 3.57266 4.29267 8.88270 2.54728
951 3.223314090E+07 2.52762 3.57215 4.29708 8.88270 2.54734
952 3.223348188E+07 2.53078 3.57164 4.30138 8.88270 2.54744
953 3.223383346E+07 2.53386 3.57115 4.30557 8.88270 2.54746
954 3.223419693E+07 2.53682 3.57068 4.30961 8.88270 2.54742
955 3.223457472E+07 2.53967 3.57022 4.31347 8.88270 2.54740
956 3.223496881E+07 2.54238 3.56979 4.31715 8.88270 2.54740
957 3.223538013E+07 2.54490 3.56938 4.32057 8.88270 2.54743
958 3.223580998E+07 2.54721 3.56900 4.32368 8.88270 2.54749
959 3.223626055E+07 2.54927 3.56866 4.32644 8.88270 2.54758
960 3.223673438E+07 2.55106 3.56836 4.32882 8.88270 2.54770
961 3.223723364E+07 2.55251 3.56812 4.33072 8.88270 2.54788
962 3.223775799E+07 2.55355 3.56793 4.33205 8.88270 2.54807
963 3.223830849E+07 2.55412 3.56781 4.33272 8.88270 2.54812
964 3.223888572E+07 2.55413 3.56778 4.33263 8.88270 2.54819
965 3.223949004E+07 2.55355 3.56784 4.33170 8.88270 2.54829
966 3.224009040E+07 2.55244 3.56798 4.33004 8.88270 2.54841
967 3.224067695E+07 2.55093 3.56818 4.32783 8.88270 2.54856
968 3.224124691E+07 2.54913 3.56843 4.32523 8.88270 2.54876
969 3.224180281E+07 2.54717 3.56870 4.32238 8.88270 2.54897
970 3.224234773E+07 2.54513 3.56898 4.31943 8.88270 2.54894
971 3.224288619E+07 2.54308 3.56927 4.31646 8.88270 2.54891
972 3.224343071E+07 2.54108 3.56954 4.31357 8.88270 2.54890
973 3.224397601E+07 2.53923 3.56979 4.31089 8.88270 2.54894
974 3.224452493E+07 2.53758 3.57002 4.30847 8.88270 2.54907
975 3.224507918E+07 2.53618 3.57020 4.30639 8.88270 2.54900
976 3.224564039E+07 2.53505 3.57034 4.30469 8.88270 2.54880
977 3.224622218E+07 2.53421 3.57043 4.30341 8.88270 2.54867
978 3.224682018E+07 2.53374 3.57047 4.30262 8.88270 2.54866
979 3.224742518E+07 2.53366 3.57045 4.30237 8.88270 2.54859
980 3.224803558E+07 2.53395 3.57038 4.30264 8.88270 2.54828
981 3.224865544E+07 2.53459 3.57025 4.30342 8.88270 2.54809
982 3.224928743E+07 2.53558 3.57007 4.30468 8.88270 2.54807
983 3.224991148E+07 2.53685 3.56985 4.30633 8.88270 2.54782
984 3.225052226E+07 2.53834 3.56960 4.30829 8.88270 2.54753
985 3.225113745E+07 2.54005 3.56931 4.31059 8.88270 2.54739
986 3.225174845E+07 2.54195 3.56900 4.31314 8.88270 2.54738
987 3.225234817E+07 2.54397 3.56867 4.31587 8.88270 2.54703
988 3.225293916E+07 2.54608 3.56833 4.31875 8.88270 2.54682
989 3.225353500E+07 2.54832 3.56798 4.32179 8.88270 2.54676
990 3.225412506E+07 2.55061 3.56762 4.32493 8.88270 2.54662
991 3.225470806E+07 2.55295 3.56725 4.32814 8.88270 2.54635
992 3.225529095E+07 2.55534 3.56688 4.33143 8.88270 2.54620
993 3.225587612E+07 2.55779 3.56650 4.33481 8.88270 2.54620
994 3.225645776E+07 2.56026 3.56612 4.33823 8.88270 2.54598
995 3.225703614E+07 2.56272 3.56574 4.34165 8.88270 2.54577
996 3.225762105E+07 2.56521 3.56536 4.34511 8.88270 2.54568
997 3.225820748E+07 2.56770 3.56498 4.34857 8.88270 2.54569
998 3.225879230E+07 2.57017 3.56461 4.35201 8.88270 2.54543
999 3.225937569E+07 2.57262 3.56424 4.35544 8.88270 2.54527
1000 3.225996686E+07 2.57509 3.56387 4.35889 8.88270 2.54523
1001 3.226055729E+07 2.57753 3.56350 4.36233 8.88270 2.54517
1002 3.226114568E+07 2.57995 3.56314 4.36573 8.88270 2.54496
1003 3.226173589E+07 2.58236 3.56279 4.36911 8.88270 2.54485
1004 3.226233151E+07 2.58475 3.56244 4.37250 8.88270 2.54486
1005 3.226292698E+07 2.58711 3.56209 4.37583 8.88270 2.54473
1006 3.226352079E+07 2.58943 3.56176 4.37912 8.88270 2.54456
1007 3.226411881E+07 2.59174 3.56142 4.38240 8.88270 2.54450
1008 3.226471803E+07 2.59403 3.56109 4.38567 8.88270 2.54455
1009 3.226531430E+07 2.59630 3.56076 4.38889 8.88270 2.54435
1010 3.226590689E+07 2.59853 3.56045 4.39207 8.88270 2.54423
1011 3.226650589E+07 2.60075 3.56013 4.39526 8.88270 2.54421
1012 3.226710236E+07 2.60294 3.55982 4.39840 8.88270 2.54419
1013 3.226769504E+07 2.60509 3.55952 4.40148 8.88270 2.54403
1014 3.226828674E+07 2.60721 3.55922 4.40454 8.88270 2.54395
1015 3.226888025E+07 2.60933 3.55892 4.40759 8.88270 2.54398
1016 3.226946904E+07 2.61142 3.55863 4.41061 8.88270 2.54388
1017 3.227005210E+07 2.61348 3.55835 4.41359 8.88270 2.54376
1018 3.227063602E+07 2.61553 3.55806 4.41656 8.88270 2.54373
1019 3.227121752E+07 2.61756 3.55779 4.41950 8.88270 2.54377
1020 3.227179326E+07 2.61955 3.55752 4.42240 8.88269 2.54361
1021 3.227236339E+07 2.62151 3.55725 4.42525 8.88269 2.54354
1022 3.227293513E+07 2.62346 3.55698 4.42810 8.88269 2.54356
1023 3.227350050E+07 2.62539 3.55673 4.43091 8.88269 2.54351
1024 3.227405808E+07 2.62729 3.55647 4.43370 8.88269 2.54339
1025 3.227461224E+07 2.62918 3.55622 4.43646 8.88269 2.54336
1026 3.227516323E+07 2.63105 3.55597 4.43922 8.88269 2.54343
1027 3.227570699E+07 2.63290 3.55572 4.44193 8.88269 2.54329
1028 3.227624257E+07 2.63471 3.55548 4.44460 8.88269 2.54322
1029 3.227677834E+07 2.63651 3.55525 4.44725 8.88269 2.54324
1030 3.227730684E+07 2.63829 3.55501 4.44988 8.88269 2.54321
1031 3.227782654E+07 2.64004 3.55479 4.45247 8.88269 2.54311
1032 3.227834081E+07 2.64178 3.55456 4.45504 8.88269 2.54309
1033 3.227885093E+07 2.64351 3.55434 4.45760 8.88269 2.54315
1034 3.227935262E+07 2.64521 3.55412 4.46013 8.88269 2.54303
1035 3.227984541E+07 2.64688 3.55390 4.46260 8.88269 2.54297
1036 3.228033657E+07 2.64854 3.55369 4.46507 8.88269 2.54300
1037 3.228082000E+07 2.65017 3.55348 4.46750 8.88269 2.54297
1038 3.228129452E+07 2.65178 3.55327 4.46990 8.88269 2.54289
1039 3.228176332E+07 2.65338 3.55307 4.47228 8.88269 2.54288
1040 3.228222674E+07 2.65496 3.55287 4.47464 8.88269 2.54294
1041 3.228268179E+07 2.65652 3.55267 4.47697 8.88269 2.54283
1042 3.228312854E+07 2.65805 3.55248 4.47925 8.88269 2.54279
1043 3.228357182E+07 2.65956 3.55229 4.48152 8.88269 2.54283
1044 3.228400714E+07 2.66105 3.55210 4.48374 8.88269 2.54279
1045 3.228443395E+07 2.66251 3.55192 4.48593 8.88269 2.54273
1046 3.228485531E+07 2.66396 3.55174 4.48810 8.88269 2.54274
1047 3.228527004E+07 2.66538 3.55156 4.49024 8.88269 2.54276
1048 3.228567657E+07 2.66679 3.55138 4.49235 8.88243 2.54268
1049 3.228607553E+07 2.66818 3.55121 4.49442 8.88216 2.54267
1050 3.228646891E+07 2.66954 3.55104 4.49647 8.88190 2.54273
1051 3.228685457E+07 2.67088 3.55087 4.49847 8.88165 2.54265
1052 3.228723234E+07 2.67219 3.55070 4.50044 8.88139 2.54261
1053 3.228760483E+07 2.67349 3.55054 4.50238 8.88114 2.54265
1054 3.228797007E+07 2.67476 3.55038 4.50429 8.88089 2.54263
1055 3.228832776E+07 2.67602 3.55022 4.50617 8.88065 2.54258
1056 3.228867907E+07 2.67725 3.55007 4.50801 8.88041 2.54259
1057 3.228902398E+07 2.67847 3.54991 4.50983 8.88017 2.54263
1058 3.228936173E+07 2.67966 3.54976 4.51161 8.87993 2.54256
1059 3.228969269E+07 2.68083 3.54961 4.51336 8.87970 2.54255
1060 3.229001786E+07 2.68198 3.54947 4.51507 8.87947 2.54261
1061 3.229033616E+07 2.68310 3.54933 4.51675 8.87924 2.54255
1062 3.229064758E+07 2.68421 3.54918 4.51840 8.87902 2.54252
1063 3.229095326E+07 2.68530 3.54905 4.52002 8.87880 2.54256
1064 3.229125249E+07 2.68637 3.54891 4.52161 8.87858 2.54256
1065 3.229154517E+07 2.68742 3.54877 4.52316 8.87836 2.54251
1066 3.229183188E+07 2.68845 3.54864 4.52469 8.87815 2.54253
1067 3.229211266E+07 2.68945 3.54851 4.52617 8.87795 2.54257
1068 3.229238728E+07 2.69044 3.54838 4.52763 8.87774 2.54251
1069 3.229265589E+07 2.69141 3.54825 4.52905 8.87754 2.54251
1070 3.229291889E+07 2.69236 3.54812 4.53045 8.87734 2.54257
1071 3.229317600E+07 2.69329 3.54800 4.53182 8.87715 2.54253
1072 3.229342734E+07 2.69421 3.54787 4.53315 8.87696 2.54250
1073 3.229367323E+07 2.69511 3.54775 4.53446 8.87677 2.54254
1074 3.229391364E+07 2.69599 3.54763 4.53573 8.87658 2.54255
1075 3.229414866E+07 2.69685 3.54751 4.53697 8.87640 2.54251
1076 3.229437841E+07 2.69769 3.54739 4.53818 8.87622 2.54253
1077 3.229460295E+07 2.69851 3.54727 4.53936 8.87605 2.54259
1078 3.229482238E+07 2.69932 3.54716 4.54052 8.87588 2.54254
1079 3.229503679E+07 2.70012 3.54704 4.54164 8.87571 2.54253
1080 3.229524612E+07 2.70089 3.54693 4.54273 8.87554 2.54259
1081 3.229545066E+07 2.70165 3.54681 4.54380 8.87538 2.54257
1082 3.229565054E+07 2.70239 3.54670 4.54483 8.87522 2.54255
1083 3.229584562E+07 2.70312 3.54659 4.54584 8.87507 2.54258
1084 3.229603613E+07 2.70383 3.54648 4.54681 8.87491 2.54262
1085 3.229622229E+07 2.70453 3.54637 4.54776 8.87476 2.54258
1086 3.229640410E+07 2.70521 3.54626 4.54869 8.87462 2.54259
1087 3.229658136E+07 2.70588 3.54615 4.54958 8.87447 2.54265
1088 3.229675455E+07 2.70653 3.54604 4.55045 8.87433 2.54262
1089 3.229692381E+07 2.70717 3.54593 4.55129 8.87419 2.54261
1090 3.229708872E+07 2.70780 3.54582 4.55211 8.87406 2.54265
1091 3.229724973E+07 2.70842 3.54571 4.55291 8.87392 2.54268
1092 3.229740713E+07 2.70903 3.54560 4.55368 8.87379 2.54265
1093 3.229756073E+07 2.70962 3.54549 4.55443 8.87367 2.54266
1094 3.229771033E+07 2.71019 3.54538 4.55515 8.87354 2.54273
1095 3.229785648E+07 2.71076 3.54527 4.55584 8.87342 2.54270
1096 3.229799926E+07 2.71131 3.54516 4.55651 8.87330 2.54269
1097 3.229813812E+07 2.71185 3.54505 4.55715 8.87319 2.54273
1098 3.229827364E+07 2.71238 3.54494 4.55777 8.87307 2.54277
1099 3.229840603E+07 2.71290 3.54483 4.55836 8.87296 2.54273
1100 3.229853520E+07 2.71340 3.54472 4.55893 8.87285 2.54275
1101 3.229866089E+07 2.71390 3.54461 4.55948 8.87275 2.54280
1102 3.229878375E+07 2.71438 3.54450 4.56000 8.87264 2.54280
1103 3.229890388E+07 2.71486 3.54439 4.56051 8.87254 2.54278
1104 3.229902082E+07 2.71533 3.54428 4.56100 8.87244 2.54281
1105 3.229913498E+07 2.71579 3.54416 4.56148 8.87234 2.54288
1106 3.229924673E+07 2.71625 3.54405 4.56193 8.87225 2.54284
1107 3.229935612E+07 2.71669 3.54394 4.56237 8.87215 2.54284
1108 3.229946251E+07 2.71711 3.54383 4.56277 8.87206 2.54289
1109 3.229956680E+07 2.71753 3.54371 4.56315 8.87197 2.54292
1110 3.229966908E+07 2.71794 3.54360 4.56352 8.87188 2.54289
1111 3.229976922E+07 2.71833 3.54349 4.56388 8.87180 2.54291
1112 3.229986709E+07 2.71872 3.54338 4.56421 8.87171 2.54296
1113 3.229996338E+07 2.71910 3.54327 4.56452 8.87163 2.54296
1114 3.230005827E+07 2.71947 3.54316 4.56482 8.87155 2.54295
1115 3.230015141E+07 2.71982 3.54305 4.56511 8.87147 2.54298
1116 3.230024329E+07 2.72018 3.54295 4.56538 8.87139 2.54304
1117 3.230033454E+07 2.72054 3.54283 4.56567 8.87131 2.54301
1118 3.230042564E+07 2.72089 3.54273 4.56595 8.87123 2.54301
1119 3.230051598E+07 2.72123 3.54263 4.56620 8.87115 2.54305
1120 3.230060719E+07 2.72155 3.54252 4.56645 8.87107 2.54308
1121 3.230070075E+07 2.72188 3.54243 4.56669 8.87099 2.54306
1121 3.230068204E+07 2.72184 3.54242 4.56662 8.87100 2.54306
1122 3.230075689E+07 2.72208 3.54236 4.56687 8.87094 2.54307
1122 3.230074192E+07 2.72206 3.54236 4.56680 8.87095 2.54307
1122 3.230072995E+07 2.72201 3.54237 4.56676 8.87096 2.54307
1123 3.230077785E+07 2.72217 3.54234 4.56693 8.87092 2.54308
1123 3.230076827E+07 2.72215 3.54233 4.56688 8.87093 2.54308
1124 3.230080659E+07 2.72227 3.54231 4.56701 8.87089 2.54310
1124 3.230079893E+07 2.72225 3.54231 4.56697 8.87090 2.54309
1125 3.230082959E+07 2.72235 3.54229 4.56708 8.87087 2.54311
1126 3.230086025E+07 2.72243 3.54227 4.56717 8.87085 2.54313
1126 3.230085412E+07 2.72242 3.54226 4.56714 8.87085 2.54312
1127 3.230087864E+07 2.72249 3.54225 4.56724 8.87083 2.54314
1128 3.230090317E+07 2.72254 3.54225 4.56733 8.87081 2.54315
1129 3.230092770E+07 2.72258 3.54226 4.56745 8.87079 2.54315
1129 3.230092279E+07 2.72258 3.54225 4.56741 8.87079 2.54315
1130 3.230094241E+07 2.72260 3.54227 4.56753 8.87077 2.54315
1130 3.230093849E+07 2.72260 3.54226 4.56750 8.87078 2.54315
1130 3.230093535E+07 2.72260 3.54226 4.56748 8.87078 2.54315
1131 3.230094791E+07 2.72260 3.54228 4.56756 8.87077 2.54315
1131 3.230094540E+07 2.72261 3.54227 4.56754 8.87077 2.54315
1131 3.230094339E+07 2.72260 3.54227 4.56752 8.87077 2.54315
1132 3.230095142E+07 2.72261 3.54228 4.56758 8.87077 2.54315
1133 3.230095946E+07 2.72261 3.54229 4.56763 8.87076 2.54315
1134 3.230096750E+07 2.72260 3.54231 4.56769 8.87075 2.54314
1134 3.230096589E+07 2.72261 3.54231 4.56768 8.87075 2.54314
1135 3.230097232E+07 2.72260 3.54232 4.56773 8.87075 2.54314
1136 3.230097875E+07 2.72258 3.54234 4.56777 8.87074 2.54313
1137 3.230098518E+07 2.72257 3.54236 4.56782 8.87074 2.54313
1138 3.230099161E+07 2.72254 3.54238 4.56786 8.87073 2.54312
1139 3.230099932E+07 2.72250 3.54242 4.56791 8.87072 2.54311
1140 3.230100858E+07 2.72245 3.54246 4.56797 8.87072 2.54310
1140 3.230100673E+07 2.72246 3.54245 4.56795 8.87072 2.54310
1140 3.230100525E+07 2.72247 3.54244 4.56795 8.87072 2.54311
1141 3.230101118E+07 2.72243 3.54247 4.56798 8.87071 2.54310
1142 3.230101710E+07 2.72239 3.54250 4.56801 8.87071 2.54309
1143 3.230102303E+07 2.72235 3.54253 4.56804 8.87070 2.54309
1144 3.230102895E+07 2.72230 3.54256 4.56806 8.87070 2.54308
1145 3.230103606E+07 2.72224 3.54259 4.56808 8.87069 2.54308
1146 3.230104460E+07 2.72216 3.54263 4.56810 8.87068 2.54307
1147 3.230105466E+07 2.72208 3.54268 4.56812 8.87068 2.54306
1148 3.230106549E+07 2.72198 3.54273 4.56813 8.87067 2.54306
1149 3.230107702E+07 2.72188 3.54278 4.56814 8.87066 2.54305
1150 3.230108889E+07 2.72180 3.54283 4.56815 8.87064 2.54305
1151 3.230110243E+07 2.72173 3.54287 4.56818 8.87063 2.54305
1152 3.230111747E+07 2.72166 3.54291 4.56821 8.87062 2.54305
1153 3.230113437E+07 2.72161 3.54295 4.56827 8.87060 2.54305
1154 3.230115353E+07 2.72158 3.54299 4.56835 8.87059 2.54305
1155 3.230117404E+07 2.72157 3.54302 4.56844 8.87057 2.54305
1156 3.230119865E+07 2.72159 3.54304 4.56858 8.87055 2.54304
1157 3.230122770E+07 2.72165 3.54306 4.56878 8.87052 2.54303
1158 3.230126230E+07 2.72179 3.54306 4.56906 8.87049 2.54303
1159 3.230130381E+07 2.72200 3.54305 4.56945 8.87046 2.54303
1159 3.230129551E+07 2.72196 3.54305 4.56935 8.87046 2.54302
1160 3.230132872E+07 2.72215 3.54304 4.56970 8.87043 2.54302
1161 3.230136194E+07 2.72236 3.54302 4.57004 8.87040 2.54303
1162 3.230139515E+07 2.72259 3.54300 4.57040 8.87038 2.54303
1163 3.230142836E+07 2.72284 3.54297 4.57077 8.87035 2.54304
1164 3.230146822E+07 2.72315 3.54292 4.57124 8.87031 2.54305
1165 3.230151605E+07 2.72355 3.54287 4.57182 8.87027 2.54307
1166 3.230157344E+07 2.72406 3.54279 4.57253 8.87022 2.54306
1167 3.230164231E+07 2.72469 3.54270 4.57341 8.87015 2.54303
1168 3.230172496E+07 2.72548 3.54257 4.57450 8.87008 2.54303
1169 3.230182413E+07 2.72647 3.54241 4.57584 8.86999 2.54305
1170 3.230194314E+07 2.72771 3.54221 4.57750 8.86988 2.54303
1171 3.230208595E+07 2.72927 3.54195 4.57956 8.86975 2.54299
1172 3.230225733E+07 2.73121 3.54161 4.58212 8.86959 2.54296
1173 3.230246298E+07 2.73361 3.54120 4.58525 8.86940 2.54291
1174 3.230266608E+07 2.73600 3.54076 4.58830 8.86921 2.54280
1175 3.230284935E+07 2.73813 3.54037 4.59097 8.86903 2.54275
1176 3.230301492E+07 2.73999 3.54001 4.59327 8.86887 2.54272
1177 3.230316038E+07 2.74156 3.53970 4.59516 8.86873 2.54267
1178 3.230328423E+07 2.74283 3.53944 4.59664 8.86860 2.54266
1179 3.230338287E+07 2.74380 3.53922 4.59772 8.86851 2.54265
1179 3.230336314E+07 2.74365 3.53923 4.59749 8.86853 2.54267
1179 3.230334736E+07 2.74350 3.53927 4.59732 8.86854 2.54268
1180 3.230341049E+07 2.74410 3.53915 4.59805 8.86848 2.54265
1181 3.230347362E+07 2.74469 3.53902 4.59868 8.86842 2.54264
1182 3.230353675E+07 2.74524 3.53888 4.59924 8.86835 2.54265
1183 3.230359988E+07 2.74577 3.53874 4.59974 8.86829 2.54267
1184 3.230363768E+07 2.74608 3.53865 4.60000 8.86825 2.54265
1185 3.230367310E+07 2.74635 3.53857 4.60023 8.86822 2.54265
1186 3.230370523E+07 2.74658 3.53851 4.60042 8.86818 2.54266
1187 3.230373606E+07 2.74678 3.53845 4.60058 8.86815 2.54267
1188 3.230376597E+07 2.74696 3.53839 4.60072 8.86812 2.54269
1189 3.230379533E+07 2.74713 3.53834 4.60084 8.86809 2.54270
1190 3.230382436E+07 2.74728 3.53829 4.60096 8.86806 2.54269
1191 3.230385304E+07 2.74742 3.53824 4.60105 8.86804 2.54269
1192 3.230388134E+07 2.74753 3.53821 4.60112 8.86801 2.54269
1193 3.230390959E+07 2.74762 3.53817 4.60116 8.86798 2.54270
1194 3.230393785E+07 2.74769 3.53814 4.60118 8.86795 2.54271
1195 3.230396616E+07 2.74775 3.53811 4.60118 8.86792 2.54273
1196 3.230399457E+07 2.74778 3.53809 4.60116 8.86789 2.54274
1197 3.230402307E+07 2.74781 3.53807 4.60111 8.86786 2.54273
1198 3.230405157E+07 2.74781 3.53805 4.60105 8.86784 2.54273
1199 3.230407985E+07 2.74780 3.53803 4.60098 8.86781 2.54273
1200 3.230410824E+07 2.74777 3.53802 4.60088 8.86778 2.54273
1201 3.230413674E+07 2.74772 3.53802 4.60076 8.86775 2.54275
1202 3.230416535E+07 2.74766 3.53801 4.60062 8.86772 2.54276
1203 3.230419408E+07 2.74758 3.53801 4.60046 8.86769 2.54279
1204 3.230422293E+07 2.74749 3.53802 4.60028 8.86766 2.54278
1205 3.230425194E+07 2.74739 3.53802 4.60010 8.86763 2.54277
1206 3.230428070E+07 2.74729 3.53803 4.59992 8.86761 2.54277
1207 3.230430954E+07 2.74716 3.53804 4.59970 8.86758 2.54278
1208 3.230433850E+07 2.74702 3.53805 4.59947 8.86755 2.54279
1209 3.230436761E+07 2.74685 3.53806 4.59921 8.86752 2.54280
1210 3.230439690E+07 2.74667 3.53808 4.59893 8.86749 2.54282
1211 3.230442639E+07 2.74648 3.53811 4.59863 8.86746 2.54284
1212 3.230445611E+07 2.74626 3.53813 4.59830 8.86743 2.54283
1213 3.230448599E+07 2.74603 3.53816 4.59795 8.86740 2.54282
1214 3.230451584E+07 2.74578 3.53819 4.59758 8.86737 2.54282
1215 3.230454607E+07 2.74552 3.53823 4.59719 8.86734 2.54283
1216 3.230457678E+07 2.74523 3.53827 4.59677 8.86731 2.54284
1217 3.230460810E+07 2.74492 3.53831 4.59632 8.86728 2.54286
1218 3.230464021E+07 2.74459 3.53835 4.59583 8.86725 2.54288
1219 3.230467345E+07 2.74422 3.53840 4.59531 8.86721 2.54288
1220 3.230470818E+07 2.74384 3.53846 4.59475 8.86718 2.54288
1220 3.230470123E+07 2.74391 3.53845 4.59486 8.86719 2.54288
1220 3.230469568E+07 2.74398 3.53844 4.59495 8.86719 2.54288
1221 3.230471791E+07 2.74373 3.53847 4.59460 8.86717 2.54288
1221 3.230471346E+07 2.74378 3.53847 4.59467 8.86718 2.54288
1221 3.230470990E+07 2.74382 3.53846 4.59473 8.86718 2.54288
1222 3.230472413E+07 2.74366 3.53848 4.59450 8.86716 2.54288
1223 3.230473836E+07 2.74350 3.53851 4.59426 8.86715 2.54288
1224 3.230475258E+07 2.74331 3.53853 4.59399 8.86714 2.54288
1224 3.230474974E+07 2.74335 3.53853 4.59405 8.86714 2.54288
1225 3.230476112E+07 2.74321 3.53854 4.59383 8.86713 2.54288
1225 3.230475884E+07 2.74323 3.53854 4.59387 8.86713 2.54288
1225 3.230475702E+07 2.74326 3.53854 4.59391 8.86713 2.54288
1225 3.230475557E+07 2.74328 3.53854 4.59393 8.86713 2.54288
1225 3.230475440E+07 2.74329 3.53853 4.59396 8.86714 2.54288
1226 3.230475906E+07 2.74323 3.53854 4.59387 8.86713 2.54288
1226 3.230475813E+07 2.74324 3.53854 4.59389 8.86713 2.54288
1227 3.230476186E+07 2.74319 3.53855 4.59381 8.86713 2.54288
1227 3.230476111E+07 2.74320 3.53854 4.59383 8.86713 2.54288
1228 3.230476410E+07 2.74316 3.53855 4.59377 8.86713 2.54288
1229 3.230476708E+07 2.74312 3.53856 4.59371 8.86712 2.54288
1230 3.230477006E+07 2.74308 3.53856 4.59365 8.86712 2.54288
1231 3.230477305E+07 2.74304 3.53857 4.59359 8.86712 2.54288
1232 3.230477663E+07 2.74299 3.53857 4.59351 8.86711 2.54288
1233 3.230478092E+07 2.74293 3.53858 4.59342 8.86711 2.54288
1234 3.230478608E+07 2.74286 3.53859 4.59332 8.86710 2.54288
1234 3.230478505E+07 2.74287 3.53859 4.59334 8.86711 2.54288
1235 3.230478917E+07 2.74281 3.53860 4.59325 8.86710 2.54288
1236 3.230479330E+07 2.74275 3.53860 4.59315 8.86710 2.54288
1237 3.230479742E+07 2.74268 3.53861 4.59306 8.86709 2.54288
1238 3.230480155E+07 2.74262 3.53862 4.59297 8.86709 2.54288
1239 3.230480650E+07 2.74254 3.53863 4.59285 8.86708 2.54288
1240 3.230481243E+07 2.74245 3.53864 4.59271 8.86708 2.54288
1241 3.230481956E+07 2.74233 3.53866 4.59255 8.86707 2.54288
1242 3.230482811E+07 2.74220 3.53868 4.59235 8.86706 2.54288
1243 3.230483838E+07 2.74204 3.53870 4.59213 8.86705 2.54288
1244 3.230485069E+07 2.74186 3.53872 4.59187 8.86704 2.54288
1244 3.230484823E+07 2.74190 3.53872 4.59191 8.86704 2.54288
1245 3.230485808E+07 2.74175 3.53874 4.59171 8.86703 2.54288
1246 3.230486794E+07 2.74161 3.53876 4.59150 8.86702 2.54288
1247 3.230487779E+07 2.74148 3.53878 4.59131 8.86701 2.54288
1248 3.230488764E+07 2.74135 3.53880 4.59112 8.86701 2.54287
1249 3.230489946E+07 2.74120 3.53882 4.59091 8.86699 2.54287
1250 3.230491365E+07 2.74103 3.53884 4.59066 8.86698 2.54287
1251 3.230493068E+07 2.74084 3.53887 4.59039 8.86696 2.54287
1252 3.230495111E+07 2.74062 3.53890 4.59007 8.86694 2.54288
1253 3.230497562E+07 2.74039 3.53893 4.58973 8.86692 2.54288
1254 3.230500504E+07 2.74013 3.53896 4.58935 8.86689 2.54288
1255 3.230504035E+07 2.73985 3.53900 4.58894 8.86686 2.54290
1256 3.230508271E+07 2.73957 3.53903 4.58852 8.86682 2.54292
1257 3.230511209E+07 2.73939 3.53906 4.58825 8.86679 2.54293
1258 3.230513788E+07 2.73922 3.53908 4.58801 8.86676 2.54292
1259 3.230516219E+07 2.73905 3.53911 4.58777 8.86674 2.54292
1260 3.230518622E+07 2.73887 3.53913 4.58751 8.86672 2.54292
1261 3.230521067E+07 2.73867 3.53916 4.58723 8.86669 2.54293
1262 3.230523586E+07 2.73845 3.53920 4.58691 8.86667 2.54294
1263 3.230526169E+07 2.73820 3.53923 4.58657 8.86665 2.54297
1264 3.230528756E+07 2.73793 3.53927 4.58620 8.86662 2.54298
1265 3.230531317E+07 2.73766 3.53931 4.58582 8.86660 2.54296
1266 3.230533837E+07 2.73737 3.53936 4.58542 8.86657 2.54296
1267 3.230536198E+07 2.73709 3.53940 4.58504 8.86655 2.54296
1268 3.230538380E+07 2.73682 3.53945 4.58467 8.86653 2.54297
1269 3.230540437E+07 2.73657 3.53949 4.58434 8.86651 2.54299
1270 3.230542427E+07 2.73632 3.53953 4.58400 8.86649 2.54302
1271 3.230544362E+07 2.73606 3.53957 4.58366 8.86647 2.54302
1272 3.230546244E+07 2.73580 3.53962 4.58332 8.86646 2.54301
1273 3.230548058E+07 2.73554 3.53966 4.58297 8.86644 2.54301
1274 3.230549820E+07 2.73528 3.53971 4.58262 8.86642 2.54301
1275 3.230551541E+07 2.73500 3.53975 4.58226 8.86641 2.54302
1276 3.230553224E+07 2.73473 3.53980 4.58190 8.86639 2.54303
1277 3.230554867E+07 2.73445 3.53985 4.58153 8.86638 2.54305
1278 3.230556469E+07 2.73417 3.53990 4.58117 8.86636 2.54308
1279 3.230558028E+07 2.73388 3.53995 4.58080 8.86635 2.54307
1280 3.230559542E+07 2.73360 3.54000 4.58044 8.86633 2.54306
1281 3.230560983E+07 2.73333 3.54005 4.58008 8.86632 2.54306
1282 3.230562375E+07 2.73307 3.54009 4.57975 8.86631 2.54306
1283 3.230563723E+07 2.73281 3.54014 4.57942 8.86629 2.54307
1284 3.230565028E+07 2.73255 3.54019 4.57910 8.86628 2.54308
1285 3.230566292E+07 2.73230 3.54024 4.57878 8.86627 2.54309
1286 3.230567518E+07 2.73204 3.54028 4.57846 8.86626 2.54312
1287 3.230568712E+07 2.73178 3.54033 4.57814 8.86625 2.54312
1288 3.230569877E+07 2.73153 3.54038 4.57782 8.86624 2.54311
1289 3.230571006E+07 2.73127 3.54043 4.57750 8.86623 2.54311
1290 3.230572103E+07 2.73101 3.54048 4.57718 8.86622 2.54310
1291 3.230573182E+07 2.73075 3.54053 4.57685 8.86621 2.54311
1292 3.230574247E+07 2.73049 3.54057 4.57651 8.86620 2.54311
1292 3.230574034E+07 2.73054 3.54057 4.57658 8.86620 2.54311
1292 3.230573864E+07 2.73058 3.54056 4.57664 8.86620 2.54311
1293 3.230574545E+07 2.73041 3.54059 4.57642 8.86619 2.54311
1293 3.230574409E+07 2.73045 3.54058 4.57647 8.86619 2.54311
1293 3.230574300E+07 2.73047 3.54058 4.57650 8.86620 2.54311
1294 3.230574736E+07 2.73036 3.54060 4.57635 8.86619 2.54312
1294 3.230574649E+07 2.73039 3.54059 4.57638 8.86619 2.54312
1294 3.230574579E+07 2.73040 3.54059 4.57641 8.86619 2.54312
1295 3.230574858E+07 2.73033 3.54060 4.57632 8.86619 2.54312
1295 3.230574802E+07 2.73035 3.54060 4.57634 8.86619 2.54312
1296 3.230575025E+07 2.73029 3.54061 4.57626 8.86619 2.54312
1296 3.230574981E+07 2.73030 3.54061 4.57628 8.86619 2.54312
1297 3.230575159E+07 2.73025 3.54061 4.57621 8.86619 2.54312
1297 3.230575124E+07 2.73026 3.54061 4.57622 8.86619 2.54312
1298 3.230575267E+07 2.73023 3.54062 4.57616 8.86619 2.54312
1298 3.230575238E+07 2.73023 3.54062 4.57618 8.86619 2.54312
1298 3.230575215E+07 2.73024 3.54062 4.57619 8.86619 2.54312
1299 3.230575307E+07 2.73022 3.54062 4.57615 8.86619 2.54312
1300 3.230575398E+07 2.73019 3.54062 4.57610 8.86619 2.54312
1301 3.230575490E+07 2.73016 3.54062 4.57605 8.86618 2.54312
1302 3.230575581E+07 2.73013 3.54062 4.57600 8.86618 2.54312
1303 3.230575691E+07 2.73010 3.54062 4.57593 8.86618 2.54312
1303 3.230575669E+07 2.73010 3.54062 4.57594 8.86618 2.54312
1303 3.230575651E+07 2.73011 3.54062 4.57595 8.86618 2.54312
1304 3.230575721E+07 2.73009 3.54062 4.57591 8.86618 2.54312
1305 3.230575792E+07 2.73006 3.54062 4.57586 8.86618 2.54311
1306 3.230575862E+07 2.73004 3.54062 4.57581 8.86618 2.54311
1307 3.230575932E+07 2.73001 3.54062 4.57576 8.86618 2.54311
1308 3.230576017E+07 2.72998 3.54063 4.57571 8.86618 2.54311
1309 3.230576118E+07 2.72994 3.54063 4.57564 8.86618 2.54311
1310 3.230576239E+07 2.72990 3.54063 4.57556 8.86618 2.54311
1311 3.230576385E+07 2.72985 3.54063 4.57547 8.86618 2.54311
1311 3.230576356E+07 2.72986 3.54063 4.57549 8.86618 2.54311
1311 3.230576332E+07 2.72987 3.54063 4.57550 8.86618 2.54311
1312 3.230576425E+07 2.72983 3.54064 4.57545 8.86618 2.54311
1313 3.230576519E+07 2.72980 3.54064 4.57540 8.86618 2.54311
1314 3.230576612E+07 2.72977 3.54064 4.57535 8.86617 2.54311
1315 3.230576705E+07 2.72974 3.54065 4.57531 8.86617 2.54311
1316 3.230576817E+07 2.72970 3.54065 4.57525 8.86617 2.54311
1317 3.230576951E+07 2.72966 3.54066 4.57519 8.86617 2.54311
1318 3.230577112E+07 2.72961 3.54067 4.57512 8.86617 2.54311
1319 3.230577306E+07 2.72955 3.54068 4.57504 8.86617 2.54311
1320 3.230577538E+07 2.72948 3.54069 4.57495 8.86617 2.54312
1321 3.230577816E+07 2.72939 3.54071 4.57486 8.86616 2.54312
1322 3.230578150E+07 2.72930 3.54073 4.57475 8.86616 2.54312
1323 3.230578551E+07 2.72919 3.54075 4.57463 8.86616 2.54313
1324 3.230579032E+07 2.72907 3.54078 4.57449 8.86615 2.54314
1325 3.230579609E+07 2.72893 3.54081 4.57435 8.86615 2.54316
1326 3.230580234E+07 2.72879 3.54084 4.57421 8.86614 2.54317
1327 3.230580856E+07 2.72866 3.54088 4.57408 8.86614 2.54315
1328 3.230581469E+07 2.72854 3.54091 4.57397 8.86613 2.54314
1329 3.230582062E+07 2.72842 3.54094 4.57386 8.86613 2.54313
1330 3.230582638E+07 2.72831 3.54097 4.57375 8.86612 2.54313
1331 3.230583197E+07 2.72820 3.54100 4.57365 8.86611 2.54313
1332 3.230583736E+07 2.72809 3.54104 4.57356 8.86611 2.54313
1333 3.230584254E+07 2.72797 3.54107 4.57346 8.86611 2.54313
1334 3.230584753E+07 2.72786 3.54110 4.57337 8.86610 2.54314
1335 3.230585230E+07 2.72775 3.54113 4.57328 8.86610 2.54315
1336 3.230585683E+07 2.72765 3.54116 4.57319 8.86609 2.54316
1337 3.230586115E+07 2.72754 3.54120 4.57310 8.86609 2.54317
1338 3.230586526E+07 2.72743 3.54123 4.57301 8.86608 2.54319
1339 3.230586919E+07 2.72732 3.54126 4.57293 8.86608 2.54317
1340 3.230587294E+07 2.72722 3.54129 4.57284 8.86608 2.54315
1341 3.230587649E+07 2.72712 3.54132 4.57276 8.86607 2.54314
1342 3.230587991E+07 2.72702 3.54135 4.57268 8.86607 2.54313
1343 3.230588320E+07 2.72692 3.54138 4.57261 8.86607 2.54312
1344 3.230588638E+07 2.72683 3.54141 4.57254 8.86607 2.54312
1345 3.230588946E+07 2.72673 3.54144 4.57247 8.86606 2.54312
1346 3.230589244E+07 2.72663 3.54147 4.57240 8.86606 2.54312
1347 3.230589532E+07 2.72654 3.54150 4.57232 8.86606 2.54312
1348 3.230589812E+07 2.72644 3.54153 4.57225 8.86606 2.54313
